#rname	startpos	endpos	numreads	covbases	coverage	meandepth	meanbaseq	meanmapq
HiC_scaffold_1	1	75050035	958248	59642374	79.4701	1.86111	35.5	59.1
HiC_scaffold_2	1	56816963	727163	45240225	79.6245	1.86486	35.5	59.2
HiC_scaffold_3	1	109611085	1344470	85045411	77.5883	1.79017	35.5	58.7
HiC_scaffold_4	1	81599725	1029269	64304907	78.8053	1.83966	35.5	59.1
HiC_scaffold_5	1	72353455	932677	57984885	80.1411	1.87992	35.5	59.3
HiC_scaffold_6	1	67692486	868122	53916144	79.6486	1.8696	35.5	59.2
HiC_scaffold_7	1	59159807	752425	46692438	78.9259	1.85269	35.5	59
HiC_scaffold_8	1	13479537	89749	7870877	58.3913	0.974764	35.5	59.4
HiC_scaffold_9	1	58964884	755469	46705800	79.2095	1.86602	35.5	59.1
HiC_scaffold_10	1	36732878	469004	28883272	78.6306	1.8591	35.4	59
HiC_scaffold_11	1	27384	191	6364	23.2398	1.03462	35.3	45.7
HiC_scaffold_12	1	33592	4032	9153	27.2476	16.1349	35	46.3
HiC_scaffold_13	1	184337	8024	148093	80.3382	6.10721	35.5	52.4
HiC_scaffold_14	1	85992	3572	50863	59.1485	5.74046	34.9	45.1
HiC_scaffold_15	1	87022	969	28476	32.7228	1.53035	35.1	45.5
HiC_scaffold_16	1	89609	3606	9000	10.0436	4.3332	35.6	51.1
HiC_scaffold_17	1	164154	4154	58846	35.848	3.66832	35.2	50.6
HiC_scaffold_18	1	104921	106	8767	8.35581	0.14326	35.2	45.6
HiC_scaffold_19	1	103720	564	40068	38.6309	0.791535	35.5	48
HiC_scaffold_20	1	90353	722	36647	40.5598	1.14346	35.3	50
HiC_scaffold_21	1	85252	435	27759	32.5611	0.732933	35.4	47.9
HiC_scaffold_22	1	80500	580	26233	32.5876	1.06101	35.6	48.2
HiC_scaffold_23	1	75743	366	22406	29.5816	0.711643	35.7	55.3
HiC_scaffold_24	1	75592	1387	20459	27.065	2.5733	35.2	42.9
HiC_scaffold_25	1	72691	1524	35229	48.464	2.99129	35.4	53.4
HiC_scaffold_26	1	71458	849	40681	56.9299	1.70972	35.3	48.4
HiC_scaffold_27	1	70045	2897	54138	77.2903	5.86434	35.2	52.2
HiC_scaffold_28	1	68558	69	3704	5.40272	0.144578	35.1	55.2
HiC_scaffold_29	1	68222	1387	21201	31.0765	3.02507	35.4	44.3
HiC_scaffold_30	1	67017	776	38121	56.8826	1.69518	35.2	47.1
HiC_scaffold_31	1	65972	45	5096	7.72449	0.0996483	35.4	42.5
HiC_scaffold_32	1	64000	650	34393	53.7391	1.3817	35.4	50.1
HiC_scaffold_33	1	62684	751	20788	33.1632	1.52685	35.2	42.9
HiC_scaffold_34	1	60035	540	31232	52.023	1.26704	35.7	56.6
HiC_scaffold_35	1	59483	141	12631	21.2346	0.34889	35.8	50.5
HiC_scaffold_36	1	58601	1291	7166	12.2285	3.20341	34.9	45.7
HiC_scaffold_37	1	57907	195	12260	21.1719	0.471446	35.7	47.1
HiC_scaffold_38	1	57623	226	3483	6.04446	0.523593	35.3	39.7
HiC_scaffold_39	1	56881	850	20858	36.6695	1.68624	35.5	49.1
HiC_scaffold_40	1	56115	679	11020	19.6382	1.5475	35.6	38.7
HiC_scaffold_41	1	55753	612	23461	42.0802	1.56738	35.2	41.7
HiC_scaffold_42	1	55361	109	4695	8.4807	0.278084	35	45.6
HiC_scaffold_43	1	55333	627	11436	20.6676	1.62057	35.1	40.2
HiC_scaffold_44	1	54697	2029	48648	88.9409	5.46889	35.5	55.6
HiC_scaffold_45	1	54079	104	4778	8.83522	0.24172	35.1	46.3
HiC_scaffold_46	1	53000	239	7142	13.4755	0.659038	35.5	40.2
HiC_scaffold_47	1	52728	1547	15831	30.0239	4.10304	34.8	45.9
HiC_scaffold_48	1	52696	208	17799	33.7768	0.585699	35.6	51.7
HiC_scaffold_49	1	52574	127	5613	10.6764	0.350839	35.4	41.6
HiC_scaffold_50	1	52452	33	958	1.82643	0.0455845	35.9	53.3
HiC_scaffold_51	1	52291	242	7490	14.3237	0.626819	35.2	45.1
HiC_scaffold_52	1	50660	538	33077	65.2921	1.54617	35.6	56.2
HiC_scaffold_53	1	50444	1410	31695	62.8321	4.11708	35.5	56.1
HiC_scaffold_54	1	50000	765	43997	87.994	2.23864	35.4	60
HiC_scaffold_55	1	49402	59	4746	9.6069	0.175398	35.6	43.2
HiC_scaffold_56	1	48994	138	6056	12.3607	0.401804	35.9	41.5
HiC_scaffold_57	1	48961	171	7683	15.6921	0.516431	35.2	42.2
HiC_scaffold_58	1	48913	350	28378	58.0173	1.04862	35.6	50.1
HiC_scaffold_59	1	48516	512	13544	27.9166	1.54646	35.3	47.5
HiC_scaffold_60	1	48449	343	29959	61.8362	1.04935	35.5	52.2
HiC_scaffold_61	1	48102	191	11445	23.7932	0.57929	35.1	46.4
HiC_scaffold_62	1	47095	518	34878	74.0588	1.62811	35.6	55.8
HiC_scaffold_63	1	45946	689	25828	56.2138	2.18937	35.3	51.4
HiC_scaffold_64	1	45702	233	6175	13.5114	0.692683	35.3	44.9
HiC_scaffold_65	1	45164	540	12812	28.3677	1.62483	35.1	44.8
HiC_scaffold_66	1	45000	593	9162	20.36	1.8708	35	47.3
HiC_scaffold_67	1	44932	771	10381	23.1038	2.117	35.2	40.5
HiC_scaffold_68	1	44535	77	7603	17.072	0.25773	35.8	42.7
HiC_scaffold_69	1	43359	389	14491	33.421	1.33137	35.3	44.2
HiC_scaffold_70	1	43000	373	10029	23.3233	1.13133	35.1	41.5
HiC_scaffold_71	1	42000	372	15294	36.4143	1.18983	35.5	50.2
HiC_scaffold_72	1	41780	46	2760	6.60603	0.163595	34.7	40.4
HiC_scaffold_73	1	41131	52	4405	10.7097	0.178795	35.9	44.7
HiC_scaffold_74	1	41000	200	13230	32.2683	0.70861	35.6	56.5
HiC_scaffold_75	1	40673	256	5336	13.1193	0.91825	35.6	39.8
HiC_scaffold_76	1	40021	377	7088	17.7107	1.29062	35.2	39.3
HiC_scaffold_77	1	40000	43	3163	7.9075	0.15705	35.2	57.9
HiC_scaffold_78	1	39995	193	17031	42.5828	0.698762	35.5	53
HiC_scaffold_79	1	39987	29	2503	6.25953	0.10856	34.7	41.8
HiC_scaffold_80	1	39907	65	4230	10.5996	0.237252	35.3	53.1
HiC_scaffold_81	1	39785	402	6634	16.6746	1.16345	35.2	45
HiC_scaffold_82	1	39714	1754	10773	27.1265	6.14967	35.1	44.9
HiC_scaffold_83	1	39603	143	11472	28.9675	0.53044	35.4	53.6
HiC_scaffold_84	1	39032	1380	25654	65.7256	4.93385	35.2	49.1
HiC_scaffold_85	1	38821	218	9338	24.054	0.787409	35.3	45
HiC_scaffold_86	1	38551	299	5928	15.377	0.934606	34.9	48.1
HiC_scaffold_87	1	38336	266	8696	22.6836	1.03031	35.2	42
HiC_scaffold_88	1	38081	286	7331	19.2511	1.07537	35.5	56.6
HiC_scaffold_89	1	37423	128	1450	3.87462	0.448307	35.6	45
HiC_scaffold_90	1	37049	305	11123	30.0224	1.20168	35.6	45.4
HiC_scaffold_91	1	37000	501	29942	80.9243	1.96438	35.7	60
HiC_scaffold_92	1	36719	55	4015	10.9344	0.210436	35.3	51
HiC_scaffold_93	1	36624	438	6474	17.6769	1.58942	35.1	39.9
HiC_scaffold_94	1	36550	252	4018	10.9932	1.01754	35.6	39.3
HiC_scaffold_95	1	35915	1108	19677	54.7877	4.27064	34.9	43.8
HiC_scaffold_96	1	35569	335	11355	31.9239	1.38297	35.5	46.6
HiC_scaffold_97	1	35569	106	6237	17.5349	0.394529	35.5	46.1
HiC_scaffold_98	1	35521	296	6469	18.2118	0.956251	35.4	50.5
HiC_scaffold_99	1	35305	1344	27710	78.4875	5.04036	35.4	58.5
HiC_scaffold_100	1	35285	394	23336	66.1358	1.61346	35.2	58.1
HiC_scaffold_101	1	35090	137	7712	21.9778	0.515759	35.3	54.2
HiC_scaffold_102	1	34736	72	6406	18.442	0.310312	35.6	49.3
HiC_scaffold_103	1	34662	1164	17210	49.6509	4.67024	35.4	41.2
HiC_scaffold_104	1	34539	164	13237	38.3248	0.704624	35.6	50.7
HiC_scaffold_105	1	34367	100	5934	17.2666	0.42503	35.1	47.8
HiC_scaffold_106	1	34092	36	1834	5.37956	0.126687	35.3	45.9
HiC_scaffold_107	1	34034	1079	27620	81.1541	4.54119	35.5	58.7
HiC_scaffold_108	1	34000	198	5003	14.7147	0.867676	35.3	40.3
HiC_scaffold_109	1	33013	388	11782	35.689	1.60543	34.8	41.6
HiC_scaffold_110	1	32894	51	2602	7.91026	0.218429	35.9	50.4
HiC_scaffold_111	1	32703	91	8062	24.6522	0.41669	35.4	46.1
HiC_scaffold_112	1	32055	151	10180	31.7579	0.681329	35.6	53
HiC_scaffold_113	1	31996	283	4023	12.5734	0.910583	35.3	44.3
HiC_scaffold_114	1	31869	188	7069	22.1814	0.726568	35.5	51.5
HiC_scaffold_115	1	31497	270	7222	22.9292	1.24933	34.9	41.7
HiC_scaffold_116	1	31452	248	16428	52.232	1.16485	35.4	55.6
HiC_scaffold_117	1	31435	157	13984	44.4854	0.74522	35.6	48.1
HiC_scaffold_118	1	31168	234	15520	49.7947	1.08262	35.4	56.4
HiC_scaffold_119	1	31094	63	4390	14.1185	0.299961	35.5	46
HiC_scaffold_120	1	31000	203	10345	33.371	0.964774	35.7	47.5
HiC_scaffold_121	1	30892	66	3560	11.524	0.312702	35.6	45.9
HiC_scaffold_122	1	30671	309	6971	22.7283	1.50292	35.6	39.7
HiC_scaffold_123	1	30159	365	24412	80.9443	1.76594	35.6	60
HiC_scaffold_124	1	30112	16	1601	5.31682	0.0770789	36.4	40
HiC_scaffold_125	1	30000	155	3473	11.5767	0.766033	35.1	40
HiC_scaffold_126	1	30000	41	3034	10.1133	0.1963	35.5	48.7
HiC_scaffold_127	1	29632	313	4770	16.0975	1.41621	35.3	43
HiC_scaffold_128	1	29216	157	11363	38.8931	0.796105	35.8	48.3
HiC_scaffold_129	1	29000	20	2000	6.89655	0.0982069	35.6	50.1
HiC_scaffold_130	1	28743	20	1741	6.05713	0.100268	35.5	50.6
HiC_scaffold_131	1	28267	695	9714	34.3652	3.65684	35.6	40.3
HiC_scaffold_132	1	28006	250	6666	23.802	1.31343	35.3	41.5
HiC_scaffold_133	1	27859	115	8283	29.7319	0.607703	35.3	53.4
HiC_scaffold_134	1	27837	454	25035	89.9343	2.36071	35.4	59.6
HiC_scaffold_135	1	27503	134	4136	15.0384	0.724539	35.7	37.4
HiC_scaffold_136	1	27405	417	24127	88.0387	2.22459	35.5	60
HiC_scaffold_137	1	27128	30	2783	10.2588	0.16518	35.6	43
HiC_scaffold_138	1	27000	162	10558	39.1037	0.860296	35.8	51.9
HiC_scaffold_139	1	26958	60	3318	12.308	0.323281	35.3	45.8
HiC_scaffold_140	1	26822	50	2887	10.7636	0.266796	35.3	45.4
HiC_scaffold_141	1	26714	632	11655	43.6288	3.33241	35.2	42.8
HiC_scaffold_142	1	26597	165	8049	30.2628	0.857465	35.5	47.5
HiC_scaffold_143	1	26526	68	2795	10.5368	0.315162	35.1	53.4
HiC_scaffold_144	1	26403	205	3798	14.3847	1.16241	35.1	41.5
HiC_scaffold_145	1	26321	357	12340	46.8827	1.9992	35.2	43.4
HiC_scaffold_146	1	26302	229	3212	12.212	1.08037	34.8	39.1
HiC_scaffold_147	1	26228	82	4481	17.0848	0.459585	35.7	51.3
HiC_scaffold_148	1	26220	328	5497	20.9649	1.85965	35.2	39
HiC_scaffold_149	1	26169	82	6892	26.3365	0.466009	35.6	50.3
HiC_scaffold_150	1	26140	378	23046	88.1637	2.08539	35.4	59.6
HiC_scaffold_151	1	25970	88	5573	21.4594	0.497844	35.3	38
HiC_scaffold_152	1	25914	86	3828	14.7719	0.437486	35.5	42.6
HiC_scaffold_153	1	25756	23	2872	11.1508	0.133949	35.6	44.9
HiC_scaffold_154	1	25701	86	6984	27.174	0.488463	34.9	53.2
HiC_scaffold_155	1	25484	790	13056	51.2321	4.50824	35.2	43
HiC_scaffold_156	1	25347	2065	13733	54.18	11.3177	34.8	44.5
HiC_scaffold_157	1	25300	170	7091	28.0277	0.992095	35.6	43.4
HiC_scaffold_158	1	25137	579	11410	45.3913	3.2998	35.4	41
HiC_scaffold_159	1	25068	90	3749	14.9553	0.521701	35.4	44.6
HiC_scaffold_160	1	25021	248	15349	61.3445	1.39687	35.5	55.3
HiC_scaffold_161	1	25021	21	2152	8.60078	0.117741	35.9	53
HiC_scaffold_162	1	25013	559	2063	8.24771	2.63335	35.3	44.2
HiC_scaffold_163	1	25000	14	971	3.884	0.08012	35.3	35.1
HiC_scaffold_164	1	25000	16	640	2.56	0.0952	33.1	36
HiC_scaffold_165	1	25000	24	1228	4.912	0.1416	34.8	39.4
HiC_scaffold_166	1	25000	118	3343	13.372	0.68572	35.2	37.6
HiC_scaffold_167	1	25000	302	18419	73.676	1.72028	35.7	58.1
HiC_scaffold_168	1	25000	420	22560	90.24	2.45916	35.5	60
HiC_scaffold_169	1	25000	325	20352	81.408	1.85944	35.4	60
HiC_scaffold_170	1	25000	356	21464	85.856	2.0748	35.5	59.8
HiC_scaffold_171	1	25000	393	21948	87.792	2.30688	35.5	60
HiC_scaffold_172	1	25000	330	20445	81.78	1.93368	35.6	59.7
HiC_scaffold_173	1	25000	317	20103	80.412	1.86012	35.5	59.9
HiC_scaffold_174	1	25000	341	21573	86.292	1.9844	35.4	59.6
HiC_scaffold_175	1	25000	375	21950	87.8	2.1686	35.6	60
HiC_scaffold_176	1	25000	319	19730	78.92	1.87484	35.4	59.5
HiC_scaffold_177	1	25000	404	21694	86.776	2.32632	35.5	59.9
HiC_scaffold_178	1	25000	295	18096	72.384	1.6918	35.4	59.8
HiC_scaffold_179	1	25000	309	19815	79.26	1.81688	35.1	59.9
HiC_scaffold_180	1	25000	299	17972	71.888	1.71336	35.3	57.2
HiC_scaffold_181	1	25000	370	22269	89.076	2.18492	35.4	60
HiC_scaffold_182	1	25000	348	20708	82.832	2.00888	35.4	59.9
HiC_scaffold_183	1	25000	173	4768	19.072	1.02452	35.4	42.8
HiC_scaffold_184	1	25000	300	19326	77.304	1.74412	35.6	60
HiC_scaffold_185	1	25000	552	23965	95.86	3.20552	35.4	59.7
HiC_scaffold_186	1	25000	350	20906	83.624	2.00256	35.5	59.9
HiC_scaffold_187	1	25000	23	1348	5.392	0.12968	35.1	45.3
HiC_scaffold_188	1	24887	117	3443	13.8345	0.605336	35.1	45.1
HiC_scaffold_189	1	24881	691	14304	57.4897	3.18729	35.3	43.2
HiC_scaffold_190	1	24860	225	15048	60.531	1.32442	35.4	56.5
HiC_scaffold_191	1	24785	132	10292	41.5251	0.787896	35.4	50.1
HiC_scaffold_192	1	24606	35	2725	11.0745	0.208811	35.1	43
HiC_scaffold_193	1	24582	185	2796	11.3742	1.08933	35	44.9
HiC_scaffold_194	1	24552	593	13238	53.9182	3.29207	34.9	44.6
HiC_scaffold_195	1	24515	102	6975	28.452	0.59331	35.2	53.7
HiC_scaffold_196	1	24429	132	6394	26.1738	0.723321	35.3	50.3
HiC_scaffold_197	1	24404	96	6104	25.0123	0.579577	35.6	55.4
HiC_scaffold_198	1	24065	200	14410	59.8795	1.22435	35.4	56.9
HiC_scaffold_199	1	24034	78	6647	27.6567	0.479779	35.7	47.3
HiC_scaffold_200	1	24000	29	1528	6.36667	0.166417	35.6	50.6
HiC_scaffold_201	1	24000	1014	4815	20.0625	6.29154	35.4	45.4
HiC_scaffold_202	1	23940	409	6084	25.4135	2.39812	35.2	38.9
HiC_scaffold_203	1	23878	75	2549	10.6751	0.452927	35.7	38
HiC_scaffold_204	1	23813	104	7465	31.3484	0.631588	35.4	54.9
HiC_scaffold_205	1	23764	89	6263	26.355	0.540818	35.3	52.4
HiC_scaffold_206	1	23660	18	1698	7.17667	0.111919	35.9	51.6
HiC_scaffold_207	1	23581	220	16246	68.8944	1.39104	35.8	55.2
HiC_scaffold_208	1	23490	109	3441	14.6488	0.66126	35.1	39.3
HiC_scaffold_209	1	23453	128	9804	41.8028	0.796828	35.4	55.5
HiC_scaffold_210	1	23041	50	2706	11.7443	0.300204	35.9	56.3
HiC_scaffold_211	1	23000	433	3642	15.8348	2.8107	35.7	38.8
HiC_scaffold_212	1	23000	161	10416	45.287	1.03209	35.7	47.3
HiC_scaffold_213	1	23000	37	3279	14.2565	0.232087	34.3	48.2
HiC_scaffold_214	1	23000	136	6267	27.2478	0.86713	35.7	39.2
HiC_scaffold_215	1	23000	66	4360	18.9565	0.411174	35.2	56
HiC_scaffold_216	1	22979	5	701	3.05061	0.0305061	34.2	40.2
HiC_scaffold_217	1	22964	149	3904	17.0005	0.969866	35.4	39.1
HiC_scaffold_218	1	22956	119	10002	43.5703	0.77422	35.5	49.9
HiC_scaffold_220	1	22604	175	14171	62.6924	1.15555	35.7	51.1
HiC_scaffold_221	1	22426	21	2134	9.51574	0.134442	35.2	49.7
HiC_scaffold_222	1	22303	236	11697	52.4459	1.5658	35.1	47.1
HiC_scaffold_223	1	22199	108	4788	21.5685	0.685797	35.7	42.4
HiC_scaffold_224	1	22128	9	1061	4.79483	0.0557213	34.6	55
HiC_scaffold_225	1	22127	2	270	1.22023	0.0135581	36.5	37
HiC_scaffold_226	1	21688	111	5516	25.4334	0.729851	35.6	50.5
HiC_scaffold_227	1	21648	254	15100	69.7524	1.70418	35.5	54.5
HiC_scaffold_228	1	21608	239	10595	49.0328	1.52194	35.6	50.3
HiC_scaffold_229	1	21598	25	1181	5.4681	0.172933	34.9	35.5
HiC_scaffold_230	1	21510	24	1994	9.27011	0.156578	34.1	46.1
HiC_scaffold_231	1	21437	30	1923	8.97047	0.205999	34.6	42.2
HiC_scaffold_232	1	21282	179	13526	63.5561	1.24509	35.6	49.1
HiC_scaffold_233	1	20959	224	5608	26.757	1.339	35.1	40.7
HiC_scaffold_234	1	20824	24	1642	7.88513	0.166347	33.4	52.7
HiC_scaffold_235	1	20622	71	4261	20.6624	0.510765	35.7	54.9
HiC_scaffold_236	1	20377	73	4858	23.8406	0.528341	35.8	48.1
HiC_scaffold_237	1	20369	111	8104	39.7859	0.810054	35.3	49.9
HiC_scaffold_238	1	20340	28	2705	13.2989	0.197296	34.9	48.5
HiC_scaffold_239	1	20281	36	1590	7.83985	0.245698	34.6	43
HiC_scaffold_240	1	20166	37	2913	14.4451	0.258852	35.8	50.9
HiC_scaffold_241	1	20140	179	8587	42.6365	1.26326	35.2	48.6
HiC_scaffold_242	1	20135	249	16323	81.0678	1.79841	35.3	59.6
HiC_scaffold_243	1	20122	17	1561	7.75768	0.126329	35.2	56.5
HiC_scaffold_244	1	20044	40	2437	12.1583	0.291409	35.4	41
HiC_scaffold_245	1	20021	33	1975	9.86464	0.2383	35.8	59.6
HiC_scaffold_246	1	20000	42	2336	11.68	0.29755	35.9	55.5
HiC_scaffold_247	1	20000	55	3623	18.115	0.40185	35.8	53.6
HiC_scaffold_248	1	19739	486	9039	45.7926	3.60474	35.4	42.2
HiC_scaffold_249	1	19737	13	1102	5.58342	0.0980899	35.9	55.2
HiC_scaffold_250	1	19724	20	1300	6.59096	0.151237	35.1	52.2
HiC_scaffold_251	1	19667	58	1571	7.988	0.43245	35.1	38.3
HiC_scaffold_252	1	19649	44	4464	22.7187	0.334623	35.2	48.3
HiC_scaffold_253	1	19394	38	4028	20.7693	0.284882	35.2	51.4
HiC_scaffold_254	1	19304	56	3754	19.4467	0.409967	35.7	49.7
HiC_scaffold_255	1	19231	14	1355	7.04592	0.105455	35.8	43.9
HiC_scaffold_256	1	19176	117	7036	36.6917	0.903942	35	50.6
HiC_scaffold_257	1	19156	1225	7674	40.0606	8.82376	35.2	43.3
HiC_scaffold_258	1	19143	123	1646	8.59844	0.830382	35.4	44.6
HiC_scaffold_259	1	19058	32	3345	17.5517	0.251705	35.6	48.5
HiC_scaffold_260	1	19000	104	4787	25.1947	0.812368	35.6	44.9
HiC_scaffold_261	1	18934	29	1877	9.91338	0.229217	36.1	44.2
HiC_scaffold_262	1	18930	1278	11035	58.2937	9.86783	35.1	45.6
HiC_scaffold_263	1	18729	218	15237	81.3551	1.71285	35.5	57.9
HiC_scaffold_264	1	18528	49	3947	21.3029	0.37527	35.5	57.1
HiC_scaffold_265	1	18283	47	2147	11.7431	0.370891	35.9	43.4
HiC_scaffold_266	1	18272	38	1206	6.60026	0.225482	36.1	42.9
HiC_scaffold_267	1	18066	42	3141	17.3863	0.343241	35.9	43.6
HiC_scaffold_268	1	18044	69	5914	32.7754	0.543394	35.2	45.2
HiC_scaffold_269	1	18026	85	4564	25.319	0.677244	35.2	58
HiC_scaffold_270	1	18000	99	5839	32.4389	0.820833	35.7	43.9
HiC_scaffold_271	1	18000	98	7376	40.9778	0.808222	35.7	50.5
HiC_scaffold_272	1	18000	82	2813	15.6278	0.660722	35.1	44
HiC_scaffold_273	1	17971	339	8077	44.9446	2.81136	35.4	44.5
HiC_scaffold_274	1	17888	40	3714	20.7625	0.325246	35.7	43.2
HiC_scaffold_275	1	17782	33	3074	17.2871	0.26763	35.2	55.9
HiC_scaffold_276	1	17690	50	4756	26.8852	0.41515	34.9	50.7
HiC_scaffold_277	1	17675	77	3593	20.3281	0.639661	35.3	39.7
HiC_scaffold_278	1	17531	11	876	4.99686	0.0849923	35.8	48
HiC_scaffold_279	1	17508	303	2487	14.2049	1.43237	35.4	48
HiC_scaffold_280	1	17420	78	5429	31.1653	0.656659	35.4	52.9
HiC_scaffold_281	1	17399	47	2826	16.2423	0.391747	35.8	57.2
HiC_scaffold_282	1	17398	47	4477	25.7328	0.390505	35.3	50.2
HiC_scaffold_283	1	17257	889	8053	46.6651	5.73674	35.1	51.6
HiC_scaffold_284	1	17224	234	13975	81.1368	2.01382	35.6	54.5
HiC_scaffold_285	1	17131	72	6693	39.0695	0.616018	35.3	48.5
HiC_scaffold_286	1	17073	61	3391	19.8618	0.509869	35.4	52.8
HiC_scaffold_287	1	17000	69	3401	20.0059	0.575471	35.9	45.9
HiC_scaffold_288	1	16908	8	382	2.25929	0.0420511	35.3	55
HiC_scaffold_289	1	16758	130	2274	13.5696	1.03986	35.3	43
HiC_scaffold_290	1	16602	115	3292	19.8289	0.920853	35	41
HiC_scaffold_291	1	16449	166	1003	6.09764	1.12353	35.1	43
HiC_scaffold_292	1	16346	49	2938	17.9738	0.446592	34.8	53.4
HiC_scaffold_293	1	16263	511	1608	9.88747	4.27437	35	42.9
HiC_scaffold_294	1	16061	99	6613	41.1743	0.886682	35.4	51.8
HiC_scaffold_295	1	16000	23	1040	6.5	0.200063	35.3	57.6
HiC_scaffold_296	1	16000	71	4245	26.5312	0.636563	35.7	49.7
HiC_scaffold_297	1	16000	24	2328	14.55	0.219312	35.9	56.8
HiC_scaffold_298	1	16000	42	2337	14.6062	0.376188	35	41.9
HiC_scaffold_299	1	16000	39	2547	15.9187	0.354687	34.2	42.5
HiC_scaffold_300	1	15603	38	2870	18.3939	0.359739	35.1	50.2
HiC_scaffold_301	1	15565	15	1007	6.46964	0.12965	36.5	54.7
HiC_scaffold_302	1	15554	175	3400	21.8593	1.68259	35.7	40.4
HiC_scaffold_303	1	15467	165	8713	56.3328	1.54212	35.5	47.6
HiC_scaffold_304	1	15433	65	3310	21.4475	0.626385	35.8	38.6
HiC_scaffold_305	1	15221	36	2618	17.1999	0.351225	35.3	47.5
HiC_scaffold_306	1	15208	15	990	6.50973	0.134469	35.7	60
HiC_scaffold_307	1	15128	28	1124	7.42993	0.259717	35.2	51.9
HiC_scaffold_308	1	15037	111	8806	58.5622	1.09909	35.5	52.9
HiC_scaffold_309	1	15027	100	5264	35.0303	0.992214	35.4	51.2
HiC_scaffold_310	1	15014	80	6930	46.1569	0.771214	35.3	59.8
HiC_scaffold_311	1	15000	22	2723	18.1533	0.2194	36	45.6
HiC_scaffold_312	1	14886	141	9627	64.6715	1.39635	35.6	50.4
HiC_scaffold_313	1	14872	65	2823	18.982	0.649207	35.2	44.6
HiC_scaffold_314	1	14743	30	2127	14.4272	0.303602	35.3	58.7
HiC_scaffold_315	1	14719	32	1358	9.22617	0.294993	35.5	49.2
HiC_scaffold_316	1	14619	58	4651	31.8148	0.565839	35.5	54.2
HiC_scaffold_317	1	14567	32	2917	20.0247	0.325324	35.1	47.8
HiC_scaffold_318	1	14553	13	1297	8.91225	0.128221	36.2	49.5
HiC_scaffold_319	1	14548	118	7077	48.6459	1.16105	35.8	47.6
HiC_scaffold_320	1	14465	59	4733	32.7204	0.596543	35.6	49.6
HiC_scaffold_321	1	14408	91	5674	39.3809	0.934273	35.4	46.2
HiC_scaffold_322	1	14386	24	2568	17.8507	0.245655	36.1	48.5
HiC_scaffold_323	1	14298	124	3473	24.2901	0.950902	34.6	46.7
HiC_scaffold_324	1	14091	179	7184	50.9829	1.86871	35.4	46.7
HiC_scaffold_325	1	14000	52	3559	25.4214	0.5305	35.4	46.3
HiC_scaffold_326	1	14000	51	2109	15.0643	0.544786	35	42.8
HiC_scaffold_327	1	13966	82	5248	37.577	0.872548	35.4	46.5
HiC_scaffold_328	1	13312	180	11046	82.9778	1.95756	35.3	60
HiC_scaffold_329	1	13309	87	7851	58.9902	0.967015	35.2	50
HiC_scaffold_330	1	13245	91	6690	50.5096	0.999773	35.2	52.9
HiC_scaffold_331	1	13138	202	11396	86.7408	2.26389	35.4	59.1
HiC_scaffold_333	1	13000	51	2638	20.2923	0.546846	35.6	51.9
HiC_scaffold_334	1	13000	81	5922	45.5538	0.912615	35.8	46.8
HiC_scaffold_335	1	13000	44	2772	21.3231	0.493077	35.3	54.8
HiC_scaffold_336	1	12527	319	6400	51.0896	3.67542	35.3	40.7
HiC_scaffold_337	1	12325	19	1689	13.7039	0.226288	35.7	50.3
HiC_scaffold_338	1	12210	17	1527	12.5061	0.199181	34.8	48.1
HiC_scaffold_339	1	12140	159	9234	76.0626	1.84012	35.3	57.1
HiC_scaffold_340	1	12103	107	4081	33.7189	1.3053	35.2	48.1
HiC_scaffold_341	1	11792	10	528	4.47761	0.122117	35.5	54
HiC_scaffold_342	1	11769	70	1560	13.2552	0.868893	35.3	40.6
HiC_scaffold_343	1	11768	89	6193	52.6258	1.09007	35.3	51.9
HiC_scaffold_344	1	11552	133	8534	73.8747	1.69088	35.1	57
HiC_scaffold_345	1	11294	50	2657	23.5258	0.64459	35.5	53.6
HiC_scaffold_346	1	11220	97	6903	61.5241	1.23119	35.1	58.7
HiC_scaffold_347	1	11009	1464	6790	61.6768	18.6294	34.9	41.5
HiC_scaffold_348	1	11007	69	5430	49.3322	0.900972	35.1	50.1
HiC_scaffold_349	1	11000	37	3078	27.9818	0.493909	36.1	55.4
HiC_scaffold_350	1	10932	56	2865	26.2075	0.753293	35.5	43.9
HiC_scaffold_351	1	10903	106	6189	56.7642	1.43236	35.4	53.9
HiC_scaffold_352	1	10862	109	8026	73.8906	1.44467	35.7	58.2
HiC_scaffold_353	1	10825	32	1884	17.4042	0.441386	35.3	54.1
HiC_scaffold_354	1	10780	138	8446	78.3488	1.88609	35.3	55.4
HiC_scaffold_355	1	10606	12	1371	12.9266	0.157364	36.1	53.9
HiC_scaffold_356	1	10316	4	281	2.72392	0.0360605	35.3	60
HiC_scaffold_357	1	10313	80	5750	55.7549	1.12916	35.8	56.8
HiC_scaffold_358	1	10116	21	1498	14.8082	0.306544	35.1	50.1
HiC_scaffold_359	1	9728	747	3937	40.4708	10.3408	35.3	40.1
HiC_scaffold_360	1	9582	52	2230	23.2728	0.795659	35.1	48.7
HiC_scaffold_361	1	9577	39	3391	35.4077	0.604051	35.6	46
HiC_scaffold_362	1	9324	22	2453	26.3085	0.352102	35.7	45.9
HiC_scaffold_363	1	9309	147	7832	84.1336	2.30594	35.2	59.4
HiC_scaffold_364	1	9000	19	1466	16.2889	0.298556	35.9	49.5
HiC_scaffold_365	1	8972	11	1102	12.2827	0.149019	36	48.5
HiC_scaffold_366	1	8717	6	472	5.41471	0.0964781	36.5	49.7
HiC_scaffold_367	1	8598	62	3837	44.6267	0.917539	34.5	46.3
HiC_scaffold_368	1	8517	38	2294	26.9344	0.613596	35	50.3
HiC_scaffold_369	1	8159	54	4122	50.5209	0.928913	35.4	49
HiC_scaffold_370	1	8000	18	757	9.4625	0.3155	35.2	39.2
HiC_scaffold_371	1	7755	14	1250	16.1186	0.266667	35.6	48.4
HiC_scaffold_372	1	7349	30	1579	21.4859	0.541706	35	59.6
HiC_scaffold_373	1	7312	58	4200	57.4398	1.1384	35.8	52.2
HiC_scaffold_374	1	7226	30	2114	29.2555	0.577221	35.6	52.5
HiC_scaffold_375	1	7101	6	353	4.97113	0.126743	36.4	56
HiC_scaffold_376	1	7000	85	3585	51.2143	1.70929	35.6	43.6
HiC_scaffold_377	1	7000	63	4562	65.1714	1.32171	36	54.1
HiC_scaffold_378	1	7000	152	2396	34.2286	3.246	35.7	39.9
HiC_scaffold_379	1	6605	42	2806	42.483	0.881151	34.4	50.6
HiC_scaffold_380	1	6537	92	5204	79.6084	2.0052	35.4	58.2
HiC_scaffold_381	1	6484	60	3795	58.5287	1.36413	35.4	59.2
HiC_scaffold_382	1	6459	29	2775	42.9633	0.661248	35.2	51.9
HiC_scaffold_383	1	6245	24	1577	25.2522	0.540592	35.3	53.4
HiC_scaffold_384	1	6125	71	4573	74.6612	1.73535	34.7	49
HiC_scaffold_385	1	6000	61	4143	69.05	1.41717	35.3	54.7
HiC_scaffold_386	1	6000	34	1860	31	0.827333	35.6	59.1
HiC_scaffold_387	1	6000	52	4496	74.9333	1.28333	34.8	51.2
HiC_scaffold_388	1	5993	41	2668	44.5186	0.963124	35.7	49.4
HiC_scaffold_389	1	5821	2	155	2.66277	0.0508504	36.9	31
HiC_scaffold_390	1	5673	47	3563	62.8063	1.23057	35.6	52
HiC_scaffold_391	1	5000	9	1016	20.32	0.2564	36.2	57.8
HiC_scaffold_392	1	5000	42	2404	48.08	1.2276	35.8	54.3
HiC_scaffold_393	1	4994	3326	4382	87.7453	89.0489	35.1	47
HiC_scaffold_394	1	4893	59	3771	77.0693	1.79849	35.9	50
HiC_scaffold_395	1	4891	42	2869	58.6588	1.27397	35.4	59.2
HiC_scaffold_396	1	4877	24	1792	36.7439	0.733853	35.5	47
HiC_scaffold_397	1	4000	24	1115	27.875	0.814	34.7	46.3
HiC_scaffold_398	1	4000	67	3481	87.025	2.38825	35.2	57.4
HiC_scaffold_399	1	4000	19	1915	47.875	0.71125	36.2	54.1
HiC_scaffold_400	1	4000	344	1276	31.9	11.3835	35	46.5
HiC_scaffold_401	1	3971	39	3191	80.3576	1.41929	36	59.5
HiC_scaffold_402	1	3919	20	1415	36.1061	0.744067	35.1	45.5
HiC_scaffold_403	1	3281	41	2759	84.0902	1.86193	34.7	56.5
HiC_scaffold_405	1	3259	28	2175	66.7383	1.27064	35.7	60
HiC_scaffold_406	1	3042	19	1759	57.8238	0.928337	35.8	49.9
HiC_scaffold_407	1	3035	38	2700	88.9621	1.76705	36	59.2
HiC_scaffold_408	1	3003	1	150	4.995	0.04995	36.8	60
HiC_scaffold_409	1	3003	12	1130	37.629	0.591742	35.8	47
HiC_scaffold_410	1	3000	37	1950	65	1.79467	35.1	57.3
HiC_scaffold_411	1	3000	62	1589	52.9667	2.98033	35.3	42.4
HiC_scaffold_412	1	3000	63	2750	91.6667	2.872	35.3	56.5
HiC_scaffold_413	1	3000	47	2425	80.8333	2.27967	35.5	57.6
HiC_scaffold_414	1	3000	28	2250	75	1.37767	34.9	53.8
HiC_scaffold_415	1	2897	21	1721	59.4063	1.08492	35.5	55.3
HiC_scaffold_416	1	2563	117	1600	62.4268	5.34647	35.2	48.4
HiC_scaffold_417	1	2259	54	2257	99.9115	3.31518	35.9	59
HiC_scaffold_418	1	2125	31	1486	69.9294	2.16094	35.2	51.5
HiC_scaffold_419	1	2021	20	1734	85.7991	1.44087	35.8	60
HiC_scaffold_420	1	2000	28	1621	81.05	1.85	36.1	60
HiC_scaffold_421	1	2000	15	1211	60.55	1.0605	35.4	55
HiC_scaffold_422	1	2000	20	1526	76.3	1.469	35.8	60
HiC_scaffold_423	1	1676	9	799	47.673	0.781026	36.1	53.4
HiC_scaffold_424	1	1484	2	107	7.21024	0.144205	36.8	34
HiC_scaffold_425	1	1447	9	732	50.5874	0.901866	36.5	57.8
HiC_scaffold_426	1	1382	15	1069	77.3517	1.46744	35.6	60
HiC_scaffold_427	1	1353	27	1243	91.8699	2.45824	35.7	60
HiC_scaffold_429	1	1175	14	757	64.4255	1.62894	36.5	60
HiC_scaffold_430	1	1138	25	988	86.819	2.60281	35.9	58
HiC_scaffold_431	1	1108	12	909	82.0397	1.42238	34.6	60
HiC_scaffold_432	1	1097	22	1028	93.7101	2.83683	35.8	59.1
HiC_scaffold_433	1	1005	121	821	81.6915	16.9672	35.3	45.7
HiC_scaffold_434	1	1000	19	783	78.3	2.55	35.5	60
HiC_scaffold_435	1	1000	17	738	73.8	2.249	35.1	60
HiC_scaffold_436	1	1000	11	687	68.7	1.209	35.5	58.2
HiC_scaffold_437	1	1000	17	998	99.8	2.373	35.1	59.1
HiC_scaffold_438	1	1000	13	893	89.3	1.714	35.6	57.8
HiC_scaffold_439	1	1000	10	799	79.9	1.249	35.3	60
HiC_scaffold_440	1	1000	22	841	84.1	2.804	34.9	60
HiC_scaffold_441	1	1000	9	502	50.2	1.167	34.9	60
HiC_scaffold_442	1	1000	15	677	67.7	1.783	36.7	60
HiC_scaffold_443	1	1000	12	933	93.3	1.699	35.4	60
HiC_scaffold_444	1	1000	4	299	29.9	0.492	35.3	60
HiC_scaffold_445	1	1000	22	978	97.8	2.916	35.5	60
HiC_scaffold_446	1	1000	14	606	60.6	1.901	36.1	43.9
HiC_scaffold_447	1	1000	25	929	92.9	3.261	35.6	54.3
HiC_scaffold_448	1	1000	11	641	64.1	1.5	34.6	58.8
HiC_scaffold_449	1	1000	20	960	96	2.605	36.1	60
HiC_scaffold_450	1	1000	4	539	53.9	0.599	36.3	51
HiC_scaffold_451	1	1000	6	519	51.9	0.766	36.4	50.8
HiC_scaffold_452	1	1000	16	960	96	2.3	35.6	60
HiC_scaffold_453	1	1000	23	474	47.4	2.551	35.8	50.6
HiC_scaffold_454	1	2000	2	300	15	0.15	36.4	40
mitochondria	1	17813	83772	17661	99.1467	681.677	35.4	59.3
HiC_scaffold_219	1	22812	0	0	0	0	0	0
HiC_scaffold_332	1	13083	0	0	0	0	0	0
HiC_scaffold_404	1	3264	0	0	0	0	0	0
HiC_scaffold_428	1	1184	0	0	0	0	0	0
