#rname	startpos	endpos	numreads	covbases	coverage	meandepth	meanbaseq	meanmapq
HiC_scaffold_1	1	75050035	663190	51602046	68.7569	1.28987	35.3	59.1
HiC_scaffold_2	1	56816963	505713	39224410	69.0364	1.29817	35.3	59.2
HiC_scaffold_3	1	109611085	932344	73247619	66.825	1.24197	35.3	58.7
HiC_scaffold_4	1	81599725	713645	55606256	68.1452	1.27647	35.3	59.1
HiC_scaffold_5	1	72353455	645436	50168310	69.3378	1.30204	35.3	59.3
HiC_scaffold_6	1	67692486	604104	46759272	69.076	1.30227	35.3	59.2
HiC_scaffold_7	1	59159807	522937	40409242	68.3052	1.28836	35.3	59
HiC_scaffold_8	1	13479537	62379	6311144	46.8202	0.677936	35.3	59.5
HiC_scaffold_9	1	58964884	524837	40555306	68.7787	1.29756	35.3	59.1
HiC_scaffold_10	1	36732878	324684	25048313	68.1904	1.28788	35.3	59
HiC_scaffold_11	1	27384	149	5881	21.476	0.799299	35.2	46.2
HiC_scaffold_12	1	33592	1934	8024	23.8866	7.73541	34.9	45.7
HiC_scaffold_13	1	184337	5399	140451	76.1925	4.08542	35.3	52.3
HiC_scaffold_14	1	85992	1756	40807	47.4544	2.83844	34.8	45
HiC_scaffold_15	1	87022	879	25800	29.6477	1.38328	35	45.6
HiC_scaffold_16	1	89609	2155	8288	9.24907	2.57703	35.6	51
HiC_scaffold_17	1	164154	1727	48785	29.719	1.51997	35.1	52.5
HiC_scaffold_18	1	104921	231	21369	20.3668	0.312283	34.9	50.7
HiC_scaffold_19	1	103720	391	29425	28.3696	0.534651	35.1	46.7
HiC_scaffold_20	1	90353	662	29729	32.9032	1.03444	34.9	49.6
HiC_scaffold_21	1	85252	258	18888	22.1555	0.43565	35.3	47.6
HiC_scaffold_22	1	80500	388	19307	23.9839	0.714447	35.4	46
HiC_scaffold_23	1	75743	265	19726	26.0433	0.510397	35.4	55.2
HiC_scaffold_24	1	75592	1125	16412	21.7113	2.08001	35.2	43.2
HiC_scaffold_25	1	72691	1231	35132	48.3306	2.43025	35.2	54.1
HiC_scaffold_26	1	71458	560	35455	49.6166	1.13716	35.4	47.4
HiC_scaffold_27	1	70045	2418	52830	75.4229	4.87358	35.1	50.8
HiC_scaffold_28	1	68558	55	4035	5.88553	0.115464	35.4	52.6
HiC_scaffold_29	1	68222	827	17831	26.1367	1.80399	35.5	44.3
HiC_scaffold_30	1	67017	501	33631	50.1828	1.08446	35	48.3
HiC_scaffold_31	1	65972	37	4597	6.96811	0.0836719	35.5	44.5
HiC_scaffold_32	1	64000	508	29312	45.8	1.07909	35.3	50
HiC_scaffold_33	1	62684	544	17189	27.4217	1.09768	35.2	43.3
HiC_scaffold_34	1	60035	296	21793	36.3005	0.648372	35.2	55.1
HiC_scaffold_35	1	59483	145	13457	22.6233	0.358506	35.2	50.5
HiC_scaffold_36	1	58601	503	5006	8.54252	1.24419	34.8	42.4
HiC_scaffold_37	1	57907	142	10252	17.7042	0.359663	35.2	49.1
HiC_scaffold_38	1	57623	194	2594	4.50167	0.458931	35.2	38.4
HiC_scaffold_39	1	56881	500	19028	33.4523	1.03773	35.1	48.2
HiC_scaffold_40	1	56115	330	8100	14.4346	0.738412	35.3	38.9
HiC_scaffold_41	1	55753	307	16399	29.4137	0.803957	34.9	41.4
HiC_scaffold_42	1	55361	57	3529	6.37452	0.150756	34.6	49
HiC_scaffold_43	1	55333	519	10612	19.1784	1.33419	35	40
HiC_scaffold_44	1	54697	1511	46969	85.8713	4.0564	35.3	55.3
HiC_scaffold_45	1	54079	75	3223	5.9598	0.142976	35.3	46.2
HiC_scaffold_46	1	53000	210	6316	11.917	0.577811	34.9	38.8
HiC_scaffold_47	1	52728	982	23075	43.7623	2.63308	34.7	46.5
HiC_scaffold_48	1	52696	240	19922	37.8055	0.665838	35.3	54
HiC_scaffold_49	1	52574	99	5176	9.84517	0.269487	35.4	42
HiC_scaffold_50	1	52452	31	1044	1.99039	0.045146	34.9	53.6
HiC_scaffold_51	1	52291	143	6126	11.7152	0.368649	35.4	44.6
HiC_scaffold_52	1	50660	321	26271	51.8575	0.923273	35.4	56.9
HiC_scaffold_53	1	50444	1092	32517	64.4616	3.2073	35.3	55.4
HiC_scaffold_54	1	50000	535	37919	75.838	1.54168	35.5	59.7
HiC_scaffold_55	1	49402	74	4854	9.82551	0.221408	35.1	43.7
HiC_scaffold_56	1	48994	175	6584	13.4384	0.511063	35.4	42.3
HiC_scaffold_57	1	48961	98	6099	12.4569	0.296481	35	41.6
HiC_scaffold_58	1	48913	176	18024	36.8491	0.52851	35.6	51.5
HiC_scaffold_59	1	48516	479	10506	21.6547	1.46411	35.3	47.1
HiC_scaffold_60	1	48449	261	22910	47.2868	0.794898	35.5	53.1
HiC_scaffold_61	1	48102	162	9248	19.2258	0.491185	34.6	44.7
HiC_scaffold_62	1	47095	397	29772	63.2169	1.23777	35.3	55.5
HiC_scaffold_63	1	45946	560	25390	55.2605	1.78912	34.9	51.5
HiC_scaffold_64	1	45702	125	4394	9.61446	0.353223	35.6	45.2
HiC_scaffold_65	1	45164	386	10800	23.9129	1.17268	34.9	43.4
HiC_scaffold_66	1	45000	1034	7371	16.38	3.18324	34.9	45.6
HiC_scaffold_67	1	44932	641	9170	20.4086	1.6908	35.1	41.1
HiC_scaffold_68	1	44535	65	6057	13.6005	0.210711	34.9	41.4
HiC_scaffold_69	1	43359	198	11065	25.5195	0.663092	35.1	44.3
HiC_scaffold_70	1	43000	368	7676	17.8512	1.15623	35.4	41.1
HiC_scaffold_71	1	42000	237	12373	29.4595	0.738119	35.3	48.4
HiC_scaffold_72	1	41780	29	2155	5.15797	0.099617	34.4	41
HiC_scaffold_73	1	41131	40	3914	9.51594	0.138825	35.6	48.5
HiC_scaffold_74	1	41000	111	9733	23.739	0.401366	34.9	54.3
HiC_scaffold_75	1	40673	120	4549	11.1843	0.428859	35.3	41.7
HiC_scaffold_76	1	40021	146	5812	14.5224	0.493066	35.5	40.1
HiC_scaffold_77	1	40000	32	3106	7.765	0.112675	35.2	53.5
HiC_scaffold_78	1	39995	106	11919	29.8012	0.393924	35.6	54.9
HiC_scaffold_79	1	39987	31	2961	7.40491	0.115838	35.2	43.1
HiC_scaffold_80	1	39907	57	4022	10.0784	0.202521	34.7	57.2
HiC_scaffold_81	1	39785	400	6621	16.642	1.23285	34.9	42.9
HiC_scaffold_82	1	39714	1253	11062	27.8542	4.35632	35	45.9
HiC_scaffold_83	1	39603	96	8644	21.8266	0.356337	35.3	53.1
HiC_scaffold_84	1	39032	947	25644	65.6999	3.36429	35.3	48.7
HiC_scaffold_85	1	38821	215	7579	19.5229	0.786842	35.3	43.8
HiC_scaffold_86	1	38551	194	4573	11.8622	0.609945	34.8	47.7
HiC_scaffold_87	1	38336	203	7266	18.9535	0.78485	34.9	40.7
HiC_scaffold_88	1	38081	192	6156	16.1655	0.695097	35	55.8
HiC_scaffold_89	1	37423	87	1514	4.04564	0.294231	35.7	42.9
HiC_scaffold_90	1	37049	203	9843	26.5675	0.802424	35.5	43.8
HiC_scaffold_91	1	37000	322	26917	72.7486	1.27497	35.4	60
HiC_scaffold_92	1	36719	37	3823	10.4115	0.148234	35.4	52.4
HiC_scaffold_93	1	36624	228	5483	14.9711	0.819708	35.1	38.9
HiC_scaffold_94	1	36550	101	3223	8.81806	0.410698	35.5	41.6
HiC_scaffold_95	1	35915	582	15620	43.4916	2.18602	34.9	43.1
HiC_scaffold_96	1	35569	371	11460	32.2191	1.5459	35.3	46.2
HiC_scaffold_97	1	35569	90	6410	18.0213	0.356518	35	45.1
HiC_scaffold_98	1	35521	126	4426	12.4602	0.313082	35.2	46.8
HiC_scaffold_99	1	35305	875	23321	66.0558	3.29072	35.2	58
HiC_scaffold_100	1	35285	300	23418	66.3681	1.2193	35	56.7
HiC_scaffold_101	1	35090	122	9941	28.33	0.456654	35	52.3
HiC_scaffold_102	1	34736	57	4774	13.7437	0.244818	35.7	48.5
HiC_scaffold_103	1	34662	832	14020	40.4478	3.35607	35.3	41.8
HiC_scaffold_104	1	34539	80	8326	24.1061	0.34393	35.3	50.8
HiC_scaffold_105	1	34367	79	4576	13.3151	0.331393	35.1	52.2
HiC_scaffold_106	1	34092	14	927	2.71911	0.0529743	35.7	45.7
HiC_scaffold_107	1	34034	858	28903	84.9239	3.56541	35.2	58.3
HiC_scaffold_108	1	34000	107	3731	10.9735	0.465088	35.6	37.1
HiC_scaffold_109	1	33013	271	8450	25.596	1.12804	34	41.9
HiC_scaffold_110	1	32894	38	2488	7.56369	0.165805	34.6	49.8
HiC_scaffold_111	1	32703	60	6639	20.3009	0.272636	35.3	45.9
HiC_scaffold_112	1	32055	114	8769	27.3561	0.523912	35.1	53
HiC_scaffold_113	1	31996	176	3925	12.2672	0.550038	35.5	43.1
HiC_scaffold_114	1	31869	113	5857	18.3784	0.464872	35.6	53.5
HiC_scaffold_115	1	31497	219	6832	21.691	1.01905	35.4	42.6
HiC_scaffold_116	1	31452	161	12975	41.2533	0.749587	35.6	56.7
HiC_scaffold_117	1	31435	82	8933	28.4174	0.384094	35.4	50.2
HiC_scaffold_118	1	31168	159	13148	42.1843	0.723883	35.3	58
HiC_scaffold_119	1	31094	62	4502	14.4787	0.294462	35.3	45.7
HiC_scaffold_120	1	31000	123	9165	29.5645	0.577645	34.9	47.7
HiC_scaffold_121	1	30892	53	3474	11.2456	0.255891	36	39.7
HiC_scaffold_122	1	30671	243	6498	21.1861	1.18131	35.3	40.7
HiC_scaffold_123	1	30159	335	24465	81.1201	1.6354	35.4	59.9
HiC_scaffold_124	1	30112	10	1353	4.49323	0.0481536	34.9	42.9
HiC_scaffold_125	1	30000	97	2660	8.86667	0.477733	34.9	37.8
HiC_scaffold_126	1	30000	41	2973	9.91	0.178867	35	48
HiC_scaffold_127	1	29632	279	4683	15.8039	1.1959	34.9	43.8
HiC_scaffold_128	1	29216	74	8043	27.5294	0.375993	35	47.9
HiC_scaffold_129	1	29000	12	1263	4.35517	0.0587931	35.2	47.7
HiC_scaffold_130	1	28743	22	1770	6.15802	0.108165	34.4	47.8
HiC_scaffold_131	1	28267	458	8736	30.9053	2.40729	35.4	39.2
HiC_scaffold_132	1	28006	293	6869	24.5269	1.54563	34.9	39.5
HiC_scaffold_133	1	27859	100	9843	35.3315	0.516745	35.2	54.9
HiC_scaffold_134	1	27837	324	22328	80.2098	1.6736	35.2	59.6
HiC_scaffold_135	1	27503	144	5496	19.9833	0.778751	35.1	38.7
HiC_scaffold_136	1	27405	305	22087	80.5948	1.63313	35.2	60
HiC_scaffold_137	1	27128	6	703	2.59142	0.0331392	34.7	37.3
HiC_scaffold_138	1	27000	100	7962	29.4889	0.542667	35.5	53.8
HiC_scaffold_139	1	26958	48	4050	15.0234	0.261073	35.2	49.6
HiC_scaffold_140	1	26822	49	2887	10.7636	0.255797	35.3	42.9
HiC_scaffold_141	1	26714	534	8583	32.1292	2.76885	35.1	42.5
HiC_scaffold_142	1	26597	78	6733	25.3149	0.403805	35.1	50.1
HiC_scaffold_143	1	26526	21	1642	6.19015	0.108347	34.9	51.7
HiC_scaffold_144	1	26403	134	4382	16.5966	0.758209	34.6	41.6
HiC_scaffold_145	1	26321	350	13223	50.2375	1.95851	35.2	42.6
HiC_scaffold_146	1	26302	96	2037	7.74466	0.432857	34.1	40.1
HiC_scaffold_147	1	26228	47	3641	13.8821	0.252745	34.8	53.9
HiC_scaffold_148	1	26220	196	5843	22.2845	1.09966	35	40
HiC_scaffold_149	1	26169	51	4349	16.6189	0.285567	35.5	49.7
HiC_scaffold_150	1	26140	263	18628	71.2624	1.44128	35.3	59.9
HiC_scaffold_151	1	25970	30	2344	9.0258	0.160031	35.5	39.8
HiC_scaffold_152	1	25914	29	2171	8.37771	0.138111	35.5	44.7
HiC_scaffold_153	1	25756	15	1810	7.02749	0.0868924	34.5	46.1
HiC_scaffold_154	1	25701	92	7441	28.9522	0.519552	35.5	52.8
HiC_scaffold_155	1	25484	413	12528	49.1603	2.33617	35.1	42.4
HiC_scaffold_156	1	25347	1034	12370	48.8026	5.5865	34.7	44.6
HiC_scaffold_157	1	25300	162	6588	26.0395	0.948696	35.2	42.3
HiC_scaffold_158	1	25137	403	9679	38.505	2.30123	35.2	40.7
HiC_scaffold_159	1	25068	30	2438	9.72555	0.173368	34.9	44.5
HiC_scaffold_160	1	25021	143	12788	51.1091	0.820831	35.2	55.9
HiC_scaffold_161	1	25021	29	3184	12.7253	0.173175	34.8	45.6
HiC_scaffold_162	1	25013	231	1664	6.65254	0.94139	35.2	47.6
HiC_scaffold_163	1	25000	10	922	3.688	0.05692	34.3	35.6
HiC_scaffold_164	1	25000	18	665	2.66	0.10624	35.2	38.3
HiC_scaffold_165	1	25000	14	959	3.836	0.08364	35.2	39.5
HiC_scaffold_166	1	25000	62	2819	11.276	0.36352	34.8	36.8
HiC_scaffold_167	1	25000	238	17096	68.384	1.37432	35.4	59
HiC_scaffold_168	1	25000	272	19565	78.26	1.58196	35	59.9
HiC_scaffold_169	1	25000	218	17475	69.9	1.2538	35.1	59.6
HiC_scaffold_170	1	25000	250	18805	75.22	1.42364	35.4	59.9
HiC_scaffold_171	1	25000	273	18257	73.028	1.59416	35.3	60
HiC_scaffold_172	1	25000	245	17993	71.972	1.44288	35.2	59.8
HiC_scaffold_173	1	25000	244	17653	70.612	1.43036	35.2	59.7
HiC_scaffold_174	1	25000	225	18202	72.808	1.30528	34.7	59.7
HiC_scaffold_175	1	25000	254	20370	81.48	1.48372	35.3	60
HiC_scaffold_176	1	25000	218	17768	71.072	1.2762	35.1	59.6
HiC_scaffold_177	1	25000	296	19270	77.08	1.69636	35.2	59.7
HiC_scaffold_178	1	25000	230	17155	68.62	1.34136	35.3	59.4
HiC_scaffold_179	1	25000	190	17137	68.548	1.11768	35.1	59.9
HiC_scaffold_180	1	25000	186	13756	55.024	1.06028	35.4	56.9
HiC_scaffold_181	1	25000	251	19096	76.384	1.45664	35.5	59.8
HiC_scaffold_182	1	25000	259	19525	78.1	1.51012	35.2	59.9
HiC_scaffold_183	1	25000	86	4556	18.224	0.50988	35.5	45.5
HiC_scaffold_184	1	25000	234	18766	75.064	1.38616	35.2	60
HiC_scaffold_185	1	25000	685	24642	98.568	3.99808	35.3	59.7
HiC_scaffold_186	1	25000	206	16888	67.552	1.21308	35.2	60
HiC_scaffold_187	1	25000	11	1052	4.208	0.06384	35.1	52
HiC_scaffold_188	1	24887	75	3103	12.4684	0.370957	35.3	42.3
HiC_scaffold_189	1	24881	460	13370	53.7358	2.14421	35.2	43.1
HiC_scaffold_190	1	24860	136	11128	44.7627	0.800805	35.2	57.1
HiC_scaffold_191	1	24785	97	8963	36.163	0.582409	35.5	48.5
HiC_scaffold_192	1	24606	4	540	2.19459	0.0242624	35.2	45
HiC_scaffold_193	1	24582	144	2948	11.9925	0.849768	34.9	46.3
HiC_scaffold_194	1	24552	339	11096	45.1939	1.91536	35	43.9
HiC_scaffold_195	1	24515	56	5928	24.1811	0.330736	35.9	52.5
HiC_scaffold_196	1	24429	79	4553	18.6377	0.424741	35.5	52.9
HiC_scaffold_197	1	24404	79	4831	19.7959	0.462219	34.9	54.1
HiC_scaffold_198	1	24065	164	13909	57.7976	1.00794	35.3	56.3
HiC_scaffold_199	1	24034	34	3192	13.2812	0.199883	35.6	48.9
HiC_scaffold_200	1	24000	18	1311	5.4625	0.1015	34.4	45.7
HiC_scaffold_201	1	24000	667	4841	20.1708	4.13162	35.1	45.3
HiC_scaffold_202	1	23940	299	3609	15.0752	1.74177	35.2	38.6
HiC_scaffold_203	1	23878	16	939	3.93249	0.100385	36	33.1
HiC_scaffold_204	1	23813	60	6219	26.116	0.360685	34.9	53.4
HiC_scaffold_205	1	23764	58	4700	19.7778	0.354865	35.7	49.7
HiC_scaffold_206	1	23660	6	810	3.4235	0.0380389	36.1	40.3
HiC_scaffold_207	1	23581	155	14366	60.9219	0.974259	35.8	53.9
HiC_scaffold_208	1	23490	34	3036	12.9246	0.20762	35.5	39.4
HiC_scaffold_209	1	23453	92	7992	34.0767	0.569437	35.5	55.3
HiC_scaffold_210	1	23041	30	2860	12.4127	0.183542	34.4	60
HiC_scaffold_211	1	23000	231	3410	14.8261	1.50322	35.8	39.5
HiC_scaffold_212	1	23000	103	7670	33.3478	0.655609	35.5	49.7
HiC_scaffold_213	1	23000	17	2027	8.81304	0.110696	35.7	44.3
HiC_scaffold_214	1	23000	126	6562	28.5304	0.795696	35.5	39.5
HiC_scaffold_215	1	23000	30	3049	13.2565	0.183261	35.7	53.4
HiC_scaffold_216	1	22979	4	309	1.34471	0.0246747	36.6	41
HiC_scaffold_217	1	22964	50	2748	11.9666	0.322897	35	41.3
HiC_scaffold_218	1	22956	58	6398	27.8707	0.373018	35.7	48.9
HiC_scaffold_220	1	22604	101	9236	40.86	0.666917	35.2	54
HiC_scaffold_221	1	22426	19	1633	7.28173	0.125479	35.3	55.6
HiC_scaffold_222	1	22303	174	9515	42.6624	1.15684	35.5	46.9
HiC_scaffold_223	1	22199	88	4896	22.055	0.591693	35	47.8
HiC_scaffold_224	1	22128	7	661	2.98717	0.0399042	34.8	54
HiC_scaffold_226	1	21688	44	4124	19.0151	0.297953	34.8	56.8
HiC_scaffold_227	1	21648	145	11229	51.8708	0.95861	35.3	54.3
HiC_scaffold_228	1	21608	143	8805	40.7488	0.848621	34.6	50
HiC_scaffold_229	1	21598	32	1414	6.5469	0.221595	35.2	35.6
HiC_scaffold_230	1	21510	13	861	4.00279	0.08159	35.4	54.6
HiC_scaffold_231	1	21437	33	3070	14.321	0.226524	34.6	45.1
HiC_scaffold_232	1	21282	78	7969	37.4448	0.548539	35.6	47.5
HiC_scaffold_233	1	20959	129	3799	18.1259	0.784532	35.2	37.6
HiC_scaffold_234	1	20824	13	1302	6.2524	0.0930177	35.3	48.1
HiC_scaffold_235	1	20622	38	3285	15.9296	0.269809	34.3	56.3
HiC_scaffold_236	1	20377	54	4547	22.3144	0.39525	35.7	45.8
HiC_scaffold_237	1	20369	72	6167	30.2764	0.528696	35.5	49.1
HiC_scaffold_238	1	20340	11	844	4.14946	0.072468	35.4	49.7
HiC_scaffold_239	1	20281	20	1245	6.13875	0.14023	34.6	49.2
HiC_scaffold_240	1	20166	19	2149	10.6566	0.138649	34.8	44.5
HiC_scaffold_241	1	20140	119	7118	35.3426	0.829096	35.4	52.1
HiC_scaffold_242	1	20135	168	13798	68.5274	1.22046	35.4	59.9
HiC_scaffold_243	1	20122	34	2673	13.284	0.245353	33.9	49.1
HiC_scaffold_244	1	20044	20	1303	6.5007	0.148174	35.5	37.3
HiC_scaffold_245	1	20021	28	1869	9.3352	0.204036	35.8	56.9
HiC_scaffold_246	1	20000	23	1714	8.57	0.16645	35.6	58.4
HiC_scaffold_247	1	20000	24	2554	12.77	0.1714	35	51
HiC_scaffold_248	1	19739	459	8144	41.2584	3.39115	35.5	42.4
HiC_scaffold_249	1	19737	4	387	1.96078	0.0257385	36.2	53.5
HiC_scaffold_250	1	19724	10	866	4.39059	0.0728047	36.1	47.6
HiC_scaffold_251	1	19667	26	782	3.9762	0.194183	34.6	38.7
HiC_scaffold_252	1	19649	34	3755	19.1104	0.259504	35.6	49.8
HiC_scaffold_253	1	19394	29	3377	17.4126	0.215427	34.3	50.3
HiC_scaffold_254	1	19304	49	4094	21.208	0.364898	35	51.2
HiC_scaffold_255	1	19231	10	972	5.05434	0.0777911	34.9	44
HiC_scaffold_256	1	19176	44	4414	23.0184	0.33349	35.3	51.8
HiC_scaffold_257	1	19156	1022	6522	34.0468	7.34224	35	44
HiC_scaffold_258	1	19143	64	1253	6.54547	0.408504	35.3	45.9
HiC_scaffold_259	1	19058	42	4247	22.2846	0.327526	35	46.6
HiC_scaffold_260	1	19000	80	4702	24.7474	0.623684	35	43.9
HiC_scaffold_261	1	18934	8	1041	5.49805	0.0625858	35.1	55
HiC_scaffold_262	1	18930	341	7794	41.1727	2.58943	35.2	44
HiC_scaffold_263	1	18729	152	12033	64.248	1.17064	35.3	58.5
HiC_scaffold_264	1	18528	37	3664	19.7755	0.289778	35.4	56.7
HiC_scaffold_265	1	18283	23	2076	11.3548	0.186567	35.4	42.3
HiC_scaffold_266	1	18272	32	866	4.73949	0.181151	35.5	46
HiC_scaffold_267	1	18066	37	3316	18.3549	0.306709	35.8	45.8
HiC_scaffold_268	1	18044	11	1200	6.65041	0.0852361	36.3	39.1
HiC_scaffold_269	1	18026	43	3322	18.4289	0.33951	35.2	58.3
HiC_scaffold_270	1	18000	84	6333	35.1833	0.692833	34.9	46.4
HiC_scaffold_271	1	18000	63	5729	31.8278	0.518722	35.2	51
HiC_scaffold_272	1	18000	44	3028	16.8222	0.348444	34.8	45.4
HiC_scaffold_273	1	17971	254	6338	35.2679	2.08469	35.5	44.7
HiC_scaffold_274	1	17888	51	4098	22.9092	0.423524	35.1	43.1
HiC_scaffold_275	1	17782	15	1585	8.91351	0.119953	35.5	54.9
HiC_scaffold_276	1	17690	52	4844	27.3827	0.436348	35.5	50.6
HiC_scaffold_277	1	17675	27	2390	13.5219	0.224894	34.7	45.5
HiC_scaffold_278	1	17531	14	1441	8.21973	0.119217	34.7	50.6
HiC_scaffold_279	1	17508	226	2856	16.3125	1.14531	35.2	50.3
HiC_scaffold_280	1	17420	38	3996	22.9392	0.313375	35.4	50.2
HiC_scaffold_281	1	17399	45	3033	17.432	0.386057	35.8	57.9
HiC_scaffold_282	1	17398	35	3654	21.0024	0.293769	35.5	50.6
HiC_scaffold_283	1	17257	825	7089	41.079	5.72318	34.9	50.7
HiC_scaffold_284	1	17224	150	12117	70.3495	1.27351	35.3	54.6
HiC_scaffold_285	1	17131	53	5061	29.5429	0.46302	35.3	50.7
HiC_scaffold_286	1	17073	20	2216	12.9796	0.174662	34.9	51.8
HiC_scaffold_287	1	17000	46	3483	20.4882	0.390765	34.9	41.7
HiC_scaffold_288	1	16908	15	1060	6.26922	0.115093	35.7	54.2
HiC_scaffold_289	1	16758	73	1811	10.8068	0.530374	35	42.2
HiC_scaffold_290	1	16602	97	3073	18.5098	0.730514	35.1	43.1
HiC_scaffold_291	1	16449	109	586	3.56253	0.74886	34.5	44.8
HiC_scaffold_292	1	16346	51	3140	19.2096	0.460051	34.8	54.4
HiC_scaffold_293	1	16263	306	1641	10.0904	2.60112	34.8	42.9
HiC_scaffold_294	1	16061	83	6300	39.2255	0.745719	35.5	49.9
HiC_scaffold_295	1	16000	18	1143	7.14375	0.132625	35.7	56.8
HiC_scaffold_296	1	16000	50	3307	20.6687	0.454437	35.1	53.3
HiC_scaffold_297	1	16000	16	2125	13.2812	0.15	35	48.6
HiC_scaffold_298	1	16000	43	3181	19.8813	0.385188	35	48.4
HiC_scaffold_299	1	16000	27	1942	12.1375	0.245562	33.7	41.4
HiC_scaffold_300	1	15603	55	4342	27.828	0.51567	35.4	47.3
HiC_scaffold_301	1	15565	6	661	4.24671	0.057822	35	56.7
HiC_scaffold_302	1	15554	76	2935	18.8697	0.72438	35.6	40.8
HiC_scaffold_303	1	15467	116	7020	45.387	1.09795	35.3	48.9
HiC_scaffold_304	1	15433	34	1746	11.3134	0.323333	35.4	38.9
HiC_scaffold_305	1	15221	22	2212	14.5326	0.209579	35	43.8
HiC_scaffold_306	1	15208	8	786	5.16833	0.0722646	36.4	60
HiC_scaffold_307	1	15128	10	766	5.06346	0.0907589	35.6	50.1
HiC_scaffold_308	1	15037	23	2567	17.0712	0.228969	35.9	50.3
HiC_scaffold_309	1	15027	60	4289	28.542	0.581819	35.6	48.2
HiC_scaffold_310	1	15014	62	6133	40.8485	0.601372	35.2	56.4
HiC_scaffold_311	1	15000	78	7068	47.12	0.768533	35.5	48.7
HiC_scaffold_312	1	14886	100	9881	66.3778	1.0039	35.4	48.5
HiC_scaffold_313	1	14872	43	2284	15.3577	0.433634	35.3	41.9
HiC_scaffold_314	1	14743	30	2071	14.0473	0.302245	35.2	57.3
HiC_scaffold_315	1	14719	19	1581	10.7412	0.189619	34	46.6
HiC_scaffold_316	1	14619	56	4510	30.8503	0.551406	35.2	54.8
HiC_scaffold_317	1	14567	22	2365	16.2353	0.221322	35.4	50.9
HiC_scaffold_318	1	14553	12	1306	8.97409	0.123411	35.9	51.3
HiC_scaffold_319	1	14548	133	7019	48.2472	1.36136	35.1	49.3
HiC_scaffold_320	1	14465	50	4235	29.2776	0.499343	34.9	48.5
HiC_scaffold_321	1	14408	72	4708	32.6763	0.744517	35.3	44.6
HiC_scaffold_322	1	14386	14	1934	13.4436	0.145072	35.1	45
HiC_scaffold_323	1	14298	162	5561	38.8936	1.33033	34.1	49.2
HiC_scaffold_324	1	14091	118	7112	50.4719	1.23057	35.5	50.9
HiC_scaffold_325	1	14000	69	4474	31.9571	0.7255	34.9	45.3
HiC_scaffold_326	1	14000	25	2063	14.7357	0.248643	35.7	48.2
HiC_scaffold_327	1	13966	55	3881	27.7889	0.588859	35.7	44.4
HiC_scaffold_328	1	13312	101	8244	61.9291	1.0942	35.3	59.8
HiC_scaffold_329	1	13309	50	4970	37.3432	0.560523	34.5	46.8
HiC_scaffold_330	1	13245	50	4432	33.4617	0.546546	35.5	54.1
HiC_scaffold_331	1	13138	115	9385	71.434	1.28627	35.5	59.4
HiC_scaffold_332	1	13083	4	600	4.5861	0.045861	36.2	38
HiC_scaffold_333	1	13000	47	3046	23.4308	0.515846	35.3	43.9
HiC_scaffold_334	1	13000	43	3310	25.4615	0.472077	34.7	50.8
HiC_scaffold_335	1	13000	23	1910	14.6923	0.250462	34.2	58.3
HiC_scaffold_336	1	12527	159	3949	31.5239	1.81903	35.3	40.9
HiC_scaffold_337	1	12325	26	2662	21.5984	0.316187	36.3	47.9
HiC_scaffold_338	1	12210	12	1228	10.0573	0.130794	34.5	53
HiC_scaffold_339	1	12140	97	7560	62.2735	1.14292	35.2	57.8
HiC_scaffold_340	1	12103	45	2659	21.9698	0.542923	34.5	46.6
HiC_scaffold_342	1	11769	52	1876	15.9402	0.652307	35.3	40.7
HiC_scaffold_343	1	11768	40	3605	30.6339	0.488358	34.3	53.8
HiC_scaffold_344	1	11552	57	4983	43.1354	0.711652	35.5	59.2
HiC_scaffold_345	1	11294	43	2979	26.3768	0.570303	35.9	47.7
HiC_scaffold_346	1	11220	77	6163	54.9287	1.00357	35.2	59.4
HiC_scaffold_347	1	11009	737	5808	52.7568	9.46099	34.8	41.6
HiC_scaffold_348	1	11007	34	3387	30.7713	0.454983	35.4	50.9
HiC_scaffold_349	1	11000	32	2555	23.2273	0.430727	35.1	52.6
HiC_scaffold_350	1	10932	51	2825	25.8416	0.692371	35.6	44.6
HiC_scaffold_351	1	10903	58	4478	41.0713	0.78272	35.9	60
HiC_scaffold_352	1	10862	80	6659	61.3055	1.07789	35.3	56.7
HiC_scaffold_353	1	10825	22	1972	18.2171	0.296813	36.1	54.3
HiC_scaffold_354	1	10780	95	6941	64.3878	1.30705	35.3	54.1
HiC_scaffold_355	1	10606	3	322	3.03602	0.0424288	36.2	60
HiC_scaffold_356	1	10316	4	444	4.30399	0.0430399	34.5	48
HiC_scaffold_357	1	10313	95	7898	76.583	1.36439	35.4	56.9
HiC_scaffold_358	1	10116	18	1733	17.1313	0.258699	35.6	54.3
HiC_scaffold_359	1	9728	608	3720	38.2401	8.29749	35	39.5
HiC_scaffold_360	1	9582	98	3423	35.7232	1.49572	34.8	52
HiC_scaffold_361	1	9577	29	3273	34.1756	0.444816	36.2	49
HiC_scaffold_362	1	9324	28	3325	35.6607	0.44541	35.5	43.3
HiC_scaffold_363	1	9309	90	7012	75.325	1.40907	35.4	60
HiC_scaffold_364	1	9000	5	516	5.73333	0.0827778	35.4	60
HiC_scaffold_365	1	8972	12	1541	17.1757	0.200624	36.2	55.4
HiC_scaffold_366	1	8717	7	368	4.22164	0.0981989	34.8	59.9
HiC_scaffold_367	1	8598	78	3923	45.6269	1.23168	34.7	51.1
HiC_scaffold_368	1	8517	20	2107	24.7388	0.328754	35.9	48.9
HiC_scaffold_369	1	8159	35	2136	26.1797	0.56931	35.6	54.7
HiC_scaffold_370	1	8000	7	351	4.3875	0.12075	35.9	40.3
HiC_scaffold_371	1	7755	12	1639	21.1348	0.23185	35.2	45.5
HiC_scaffold_372	1	7349	25	2364	32.1676	0.465506	35.2	55.2
HiC_scaffold_373	1	7312	39	2851	38.9907	0.776532	35.2	54.1
HiC_scaffold_374	1	7226	17	1618	22.3914	0.331857	36	55
HiC_scaffold_375	1	7101	14	979	13.7868	0.287988	35.9	54.8
HiC_scaffold_376	1	7000	64	2690	38.4286	1.34771	35.7	43.6
HiC_scaffold_377	1	7000	32	2951	42.1571	0.664	34.7	53.1
HiC_scaffold_378	1	7000	106	2620	37.4286	2.256	35.1	40.5
HiC_scaffold_379	1	6605	32	2933	44.4058	0.700681	34.3	53.6
HiC_scaffold_380	1	6537	54	4467	68.3341	1.20055	35.5	58.8
HiC_scaffold_381	1	6484	36	2469	38.0783	0.743523	35	59.2
HiC_scaffold_382	1	6459	31	2998	46.4159	0.695928	35.8	48.7
HiC_scaffold_383	1	6245	23	1990	31.8655	0.536589	35	50.8
HiC_scaffold_384	1	6125	43	3940	64.3265	1.05012	35.4	50.9
HiC_scaffold_385	1	6000	49	3884	64.7333	1.19033	35	52.6
HiC_scaffold_386	1	6000	17	1600	26.6667	0.404	35.4	58.6
HiC_scaffold_387	1	6000	41	3835	63.9167	0.99	35.8	50.1
HiC_scaffold_388	1	5993	18	1493	24.9124	0.431837	36	45.4
HiC_scaffold_389	1	5821	22	2264	38.8937	0.564336	35	49.1
HiC_scaffold_390	1	5673	2	298	5.25295	0.0525295	35.5	33
HiC_scaffold_391	1	5000	12	1131	22.62	0.3422	33.9	58.3
HiC_scaffold_392	1	5000	39	2564	51.28	1.1674	35.2	55.4
HiC_scaffold_393	1	4994	1671	3409	68.2619	44.7403	34.8	46.5
HiC_scaffold_394	1	4893	40	3099	63.3354	1.22154	35.9	49.8
HiC_scaffold_395	1	4891	34	2704	55.2852	0.893682	35.1	57.7
HiC_scaffold_396	1	4877	12	1425	29.2188	0.369079	36	48.1
HiC_scaffold_397	1	4000	25	898	22.45	0.9185	33.4	40.2
HiC_scaffold_398	1	4000	46	2866	71.65	1.6145	35.4	57.2
HiC_scaffold_400	1	4000	115	1046	26.15	3.64375	35	46.1
HiC_scaffold_401	1	3971	39	2885	72.6517	1.33745	34.9	60
HiC_scaffold_402	1	3919	7	818	20.8727	0.263077	35.1	49.3
HiC_scaffold_403	1	3281	19	2091	63.7306	0.868638	36	58.4
HiC_scaffold_405	1	3259	41	2801	85.9466	1.77263	36.2	59.7
HiC_scaffold_406	1	3042	7	924	30.3748	0.341223	33.1	47.6
HiC_scaffold_407	1	3035	31	2435	80.2306	1.45305	35.5	60
HiC_scaffold_408	1	3003	7	872	29.0376	0.34965	35.8	45
HiC_scaffold_409	1	3003	12	1064	35.4312	0.580753	36.5	52
HiC_scaffold_410	1	3000	22	1815	60.5	1.07733	35.5	55.4
HiC_scaffold_411	1	3000	24	1522	50.7333	1.18867	35.9	44.4
HiC_scaffold_412	1	3000	21	1905	63.5	0.989333	35.2	58.5
HiC_scaffold_413	1	3000	22	2086	69.5333	1.03033	35.1	58.6
HiC_scaffold_414	1	3000	11	1517	50.5667	0.549667	35.7	52.9
HiC_scaffold_415	1	2897	22	1948	67.242	1.13497	33.6	52.8
HiC_scaffold_416	1	2563	67	473	18.4549	2.72259	34.7	46.6
HiC_scaffold_417	1	2259	24	1812	80.2125	1.49137	35.7	60
HiC_scaffold_418	1	2125	12	1043	49.0824	0.844235	34.7	56.7
HiC_scaffold_419	1	2021	13	1258	62.2464	0.891143	36	60
HiC_scaffold_420	1	2000	23	1537	76.85	1.6555	35.7	59.7
HiC_scaffold_421	1	2000	7	713	35.65	0.522	34.7	53.1
HiC_scaffold_422	1	2000	12	868	43.4	0.794	35.7	60
HiC_scaffold_423	1	1676	5	746	44.5107	0.445107	36.7	49.8
HiC_scaffold_424	1	1484	7	799	53.841	0.663747	36.2	48.7
HiC_scaffold_425	1	1447	6	459	31.7208	0.621977	35.9	60
HiC_scaffold_426	1	1382	7	920	66.5702	0.738784	35.3	60
HiC_scaffold_427	1	1353	16	1193	88.1744	1.57206	35.6	60
HiC_scaffold_429	1	1175	3	405	34.4681	0.344681	33.2	60
HiC_scaffold_430	1	1138	19	1070	94.0246	1.92091	34	58.4
HiC_scaffold_431	1	1108	8	583	52.6173	0.920578	33.4	57.2
HiC_scaffold_432	1	1097	19	913	83.227	2.55515	35.4	59.5
HiC_scaffold_433	1	1005	38	417	41.4925	5.24478	35.7	47.1
HiC_scaffold_434	1	1000	9	579	57.9	1.174	36	60
HiC_scaffold_435	1	1000	14	918	91.8	2.063	34.5	60
HiC_scaffold_436	1	1000	8	598	59.8	0.945	36.3	57.8
HiC_scaffold_437	1	1000	10	648	64.8	1.205	35.7	60
HiC_scaffold_438	1	1000	11	748	74.8	1.573	35.4	60
HiC_scaffold_439	1	1000	5	312	31.2	0.58	34.9	60
HiC_scaffold_440	1	1000	10	852	85.2	1.469	35.9	60
HiC_scaffold_441	1	1000	11	692	69.2	1.408	35.7	58.1
HiC_scaffold_442	1	1000	13	930	93	1.896	34.7	60
HiC_scaffold_443	1	1000	7	598	59.8	0.749	35.2	60
HiC_scaffold_444	1	1000	11	700	70	1.594	35.1	60
HiC_scaffold_445	1	1000	10	791	79.1	1.115	35.1	58.9
HiC_scaffold_446	1	1000	16	650	65	2.134	36.2	42.7
HiC_scaffold_447	1	1000	20	805	80.5	2.761	36.3	59.6
HiC_scaffold_448	1	1000	15	961	96.1	2.153	35.6	52.2
HiC_scaffold_449	1	1000	7	572	57.2	0.966	35.3	60
HiC_scaffold_450	1	1000	7	605	60.5	1.05	35.9	50.7
HiC_scaffold_451	1	1000	8	688	68.8	1.199	36.3	56.2
HiC_scaffold_452	1	1000	14	830	83	1.72	34.9	60
HiC_scaffold_453	1	1000	46	651	65.1	5.464	35.7	47.7
mitochondria	1	17813	54847	17715	99.4498	447.257	35.2	59.3
HiC_scaffold_219	1	22812	0	0	0	0	0	0
HiC_scaffold_225	1	22127	0	0	0	0	0	0
HiC_scaffold_341	1	11792	0	0	0	0	0	0
HiC_scaffold_399	1	4000	0	0	0	0	0	0
HiC_scaffold_404	1	3264	0	0	0	0	0	0
HiC_scaffold_428	1	1184	0	0	0	0	0	0
HiC_scaffold_454	1	2000	0	0	0	0	0	0
