#rname	startpos	endpos	numreads	covbases	coverage	meandepth	meanbaseq	meanmapq
HiC_scaffold_1	1	75050035	877166	57918401	77.173	1.70754	35.5	59.1
HiC_scaffold_2	1	56816963	665398	43978969	77.4046	1.71071	35.5	59.2
HiC_scaffold_3	1	109611085	1232950	82406974	75.1812	1.64485	35.5	58.7
HiC_scaffold_4	1	81599725	941862	62391206	76.4601	1.68706	35.5	59.1
HiC_scaffold_5	1	72353455	856628	56325547	77.8478	1.72978	35.5	59.3
HiC_scaffold_6	1	67692486	797188	52363926	77.3556	1.72024	35.5	59.2
HiC_scaffold_7	1	59159807	690067	45323355	76.6117	1.70191	35.5	59
HiC_scaffold_8	1	13479537	81719	7457724	55.3263	0.889618	35.5	59.4
HiC_scaffold_9	1	58964884	689972	45355561	76.9196	1.70804	35.5	59.1
HiC_scaffold_10	1	36732878	429013	28043236	76.3437	1.70269	35.5	59
HiC_scaffold_11	1	27384	290	6844	24.9927	1.57161	35.3	43.7
HiC_scaffold_12	1	33592	2819	9474	28.2031	11.229	35.1	45.9
HiC_scaffold_13	1	184337	7123	144285	78.2724	5.41044	35.5	53.1
HiC_scaffold_14	1	85992	3000	48892	56.8565	4.87285	34.8	44.8
HiC_scaffold_15	1	87022	1167	30796	35.3888	1.86979	35.2	45.8
HiC_scaffold_16	1	89609	3161	10271	11.462	3.78497	35.7	51.1
HiC_scaffold_17	1	164154	3114	61169	37.2632	2.74887	35.3	50.7
HiC_scaffold_18	1	104921	528	47001	44.7966	0.726451	35.7	52.5
HiC_scaffold_19	1	103720	569	35280	34.0147	0.781402	35.3	48.4
HiC_scaffold_20	1	90353	995	31413	34.767	1.55787	35.1	47.6
HiC_scaffold_21	1	85252	384	22442	26.3243	0.629792	35.4	46.7
HiC_scaffold_22	1	80500	386	23458	29.1404	0.708907	35.7	50.3
HiC_scaffold_23	1	75743	419	22656	29.9117	0.81395	35.5	56
HiC_scaffold_24	1	75592	1856	17695	23.4086	3.45141	35.3	43.4
HiC_scaffold_25	1	72691	1600	35496	48.8314	3.13878	35.3	54
HiC_scaffold_26	1	71458	694	37193	52.0488	1.40809	35.5	47.7
HiC_scaffold_27	1	70045	2585	55516	79.2576	5.27391	35.3	52.4
HiC_scaffold_28	1	68558	160	6486	9.4606	0.313326	35	53.9
HiC_scaffold_29	1	68222	1013	21262	31.1659	2.20257	35.5	45.2
HiC_scaffold_30	1	67017	672	35931	53.6148	1.46788	35.3	45.9
HiC_scaffold_31	1	65972	63	7114	10.7834	0.142879	35.5	45.1
HiC_scaffold_32	1	64000	753	36043	56.3172	1.62289	35.6	50.4
HiC_scaffold_33	1	62684	700	20705	33.0308	1.44318	35.2	43
HiC_scaffold_34	1	60035	535	34676	57.7596	1.231	35.5	55.3
HiC_scaffold_35	1	59483	133	11976	20.1335	0.323555	35.5	49.7
HiC_scaffold_36	1	58601	640	4714	8.04423	1.5838	35	43.5
HiC_scaffold_37	1	57907	211	10914	18.8475	0.493861	35.3	47.9
HiC_scaffold_38	1	57623	249	2926	5.07783	0.593877	35.6	38.6
HiC_scaffold_39	1	56881	771	21309	37.4624	1.57487	35.3	48.6
HiC_scaffold_40	1	56115	564	8694	15.4932	1.29839	35.5	37.8
HiC_scaffold_41	1	55753	1176	26632	47.7678	3.01517	35.3	42.1
HiC_scaffold_42	1	55361	106	4207	7.59921	0.260129	34.9	44.7
HiC_scaffold_43	1	55333	658	12261	22.1586	1.66344	35.1	39.7
HiC_scaffold_44	1	54697	1668	40893	74.7628	4.51111	35.6	55.8
HiC_scaffold_45	1	54079	92	3720	6.87883	0.188816	35.4	45.7
HiC_scaffold_46	1	53000	219	7639	14.4132	0.605962	35.5	40
HiC_scaffold_47	1	52728	1076	17544	33.2726	2.86994	35	46.4
HiC_scaffold_48	1	52696	438	26377	50.055	1.23579	35.4	54.1
HiC_scaffold_49	1	52574	113	4991	9.49329	0.314909	35.3	37.9
HiC_scaffold_50	1	52452	35	1426	2.71868	0.0493594	35.3	52.6
HiC_scaffold_51	1	52291	222	6498	12.4266	0.559618	35.5	45.3
HiC_scaffold_52	1	50660	433	30488	60.1816	1.25559	35.6	56.8
HiC_scaffold_53	1	50444	1260	31315	62.0787	3.65871	35.6	55.8
HiC_scaffold_54	1	50000	655	41091	82.182	1.90872	35.4	59.8
HiC_scaffold_55	1	49402	95	4538	9.18586	0.284766	35.5	44.3
HiC_scaffold_56	1	48994	180	6365	12.9914	0.514655	35.5	42.7
HiC_scaffold_57	1	48961	125	7017	14.3318	0.376585	35.6	44.9
HiC_scaffold_58	1	48913	154	13097	26.7761	0.467197	35.5	51.8
HiC_scaffold_59	1	48516	721	15115	31.1547	2.19934	35.5	48.2
HiC_scaffold_60	1	48449	368	28414	58.6472	1.1335	35.7	52.4
HiC_scaffold_61	1	48102	188	11402	23.7038	0.577939	35.2	47.3
HiC_scaffold_62	1	47095	460	33062	70.2028	1.44119	35.5	55.8
HiC_scaffold_63	1	45946	706	26920	58.5905	2.2637	35.3	51.4
HiC_scaffold_64	1	45702	238	5856	12.8134	0.710669	35.3	43.9
HiC_scaffold_65	1	45164	459	11698	25.9012	1.38458	35	44.3
HiC_scaffold_66	1	45000	814	9797	21.7711	2.53776	35.2	46.7
HiC_scaffold_67	1	44932	691	9389	20.896	1.94474	35.3	40.9
HiC_scaffold_68	1	44535	85	8081	18.1453	0.279443	35.4	42.8
HiC_scaffold_69	1	43359	303	13494	31.1216	1.00374	35.7	44.8
HiC_scaffold_70	1	43000	360	10581	24.607	1.0834	35.2	41.6
HiC_scaffold_71	1	42000	302	13931	33.169	0.936833	35.4	50.1
HiC_scaffold_72	1	41780	34	2218	5.30876	0.119363	35.7	41.6
HiC_scaffold_73	1	41131	58	4703	11.4342	0.205222	35.8	48.3
HiC_scaffold_74	1	41000	160	11399	27.8024	0.558927	35.5	54.2
HiC_scaffold_75	1	40673	191	6111	15.0247	0.680451	35.3	40.3
HiC_scaffold_76	1	40021	167	5034	12.5784	0.55181	35	39.1
HiC_scaffold_77	1	40000	43	3472	8.68	0.15505	35.4	55.7
HiC_scaffold_78	1	39995	190	18603	46.5133	0.702438	35.5	52.1
HiC_scaffold_79	1	39987	44	4271	10.681	0.164378	35.7	44.1
HiC_scaffold_80	1	39907	53	3903	9.78024	0.196582	35.7	57.5
HiC_scaffold_81	1	39785	325	6213	15.6164	0.945356	35.2	44.2
HiC_scaffold_82	1	39714	1583	12260	30.8707	5.56909	35.1	43.1
HiC_scaffold_83	1	39603	150	12302	31.0633	0.559528	35.2	53
HiC_scaffold_84	1	39032	1019	23796	60.9654	3.6437	35.3	48.8
HiC_scaffold_85	1	38821	278	9622	24.7856	0.997295	35.5	45.3
HiC_scaffold_86	1	38551	297	5039	13.071	0.927473	35	47.2
HiC_scaffold_87	1	38336	142	7433	19.3891	0.548988	34.9	40.9
HiC_scaffold_88	1	38081	180	7358	19.322	0.66931	35.4	55.5
HiC_scaffold_89	1	37423	152	1677	4.4812	0.549181	35.1	44.5
HiC_scaffold_90	1	37049	490	9137	24.6619	1.97325	35.6	41.3
HiC_scaffold_91	1	37000	520	31505	85.1486	2.07211	35.5	60
HiC_scaffold_92	1	36719	72	4474	12.1844	0.285874	34.9	52.5
HiC_scaffold_93	1	36624	314	6771	18.4879	1.16628	35.2	40.2
HiC_scaffold_94	1	36550	150	3787	10.3611	0.60777	35.7	40.5
HiC_scaffold_95	1	35915	1243	19761	55.0216	4.81668	35	44.7
HiC_scaffold_96	1	35569	489	12270	34.4963	2.02848	35.4	44
HiC_scaffold_97	1	35569	196	6324	17.7795	0.743934	35.3	46.9
HiC_scaffold_98	1	35521	247	6256	17.6121	0.828862	35.3	48.9
HiC_scaffold_99	1	35305	1097	27316	77.3715	4.11384	35.4	57.8
HiC_scaffold_100	1	35285	348	24143	68.4228	1.42519	35.6	57.3
HiC_scaffold_101	1	35090	167	9022	25.711	0.600028	34.8	51.8
HiC_scaffold_102	1	34736	60	5504	15.8452	0.259011	36	49.3
HiC_scaffold_103	1	34662	904	16143	46.5726	3.5669	35.4	40.6
HiC_scaffold_104	1	34539	137	11575	33.5128	0.583659	35.4	51.2
HiC_scaffold_105	1	34367	54	4302	12.5178	0.228853	35.4	50.2
HiC_scaffold_106	1	34092	8	525	1.53995	0.0319723	34.6	57.9
HiC_scaffold_107	1	34034	1226	29707	87.2862	5.21913	35.5	58.7
HiC_scaffold_108	1	34000	189	4422	13.0059	0.812	35.6	39.7
HiC_scaffold_109	1	33013	347	11693	35.4194	1.45291	34.4	42.1
HiC_scaffold_110	1	32894	44	2256	6.85839	0.179486	35	52.2
HiC_scaffold_111	1	32703	72	7322	22.3894	0.319176	35.5	46.9
HiC_scaffold_112	1	32055	153	10055	31.368	0.706286	35.3	54.1
HiC_scaffold_113	1	31996	241	3752	11.7265	0.73978	35.1	43.5
HiC_scaffold_114	1	31869	206	7703	24.1708	0.799241	35.3	50.9
HiC_scaffold_115	1	31497	178	5257	16.6905	0.824428	35.4	43
HiC_scaffold_116	1	31452	193	14907	47.396	0.910499	35.5	55.8
HiC_scaffold_117	1	31435	169	14722	46.8331	0.792492	35.7	50.4
HiC_scaffold_118	1	31168	202	15413	49.4514	0.933008	35.7	56.6
HiC_scaffold_119	1	31094	78	4846	15.585	0.366727	36	45.9
HiC_scaffold_120	1	31000	117	8427	27.1839	0.559161	35.5	48
HiC_scaffold_121	1	30892	32	2911	9.42315	0.147708	35.3	46.2
HiC_scaffold_122	1	30671	319	7906	25.7768	1.55085	35.4	39.8
HiC_scaffold_123	1	30159	407	25139	83.3549	1.98531	35.5	59.9
HiC_scaffold_124	1	30112	6	865	2.87261	0.0298884	35.5	39.5
HiC_scaffold_125	1	30000	138	3017	10.0567	0.681433	35.3	38
HiC_scaffold_126	1	30000	48	3274	10.9133	0.2324	35.7	47.9
HiC_scaffold_127	1	29632	352	5188	17.5081	1.53095	35.2	42.8
HiC_scaffold_128	1	29216	106	8422	28.8267	0.539773	35.7	48.7
HiC_scaffold_129	1	29000	33	2294	7.91034	0.164586	35.4	53.9
HiC_scaffold_130	1	28743	19	1921	6.68337	0.0982152	34.5	47.4
HiC_scaffold_131	1	28267	565	9292	32.8723	2.98058	35.4	40.1
HiC_scaffold_132	1	28006	350	6687	23.877	1.85196	35.6	40.5
HiC_scaffold_133	1	27859	114	9454	33.9352	0.594745	35.2	54.7
HiC_scaffold_134	1	27837	316	21853	78.5034	1.65172	35.1	59.8
HiC_scaffold_135	1	27503	110	4501	16.3655	0.593753	35.4	39.9
HiC_scaffold_136	1	27405	423	23741	86.6302	2.25156	35.4	59.9
HiC_scaffold_137	1	27128	8	1197	4.41242	0.0441242	36.5	42
HiC_scaffold_138	1	27000	191	13140	48.6667	1.02989	35.3	51.3
HiC_scaffold_139	1	26958	64	3602	13.3615	0.345908	35.3	44.8
HiC_scaffold_140	1	26822	50	2225	8.29543	0.265454	35	36.6
HiC_scaffold_141	1	26714	443	11102	41.5587	2.34087	35.4	44.4
HiC_scaffold_142	1	26597	316	12577	47.2873	1.65635	35.3	46.8
HiC_scaffold_143	1	26526	41	2507	9.4511	0.204969	35.7	53.3
HiC_scaffold_144	1	26403	173	4797	18.1684	0.965155	35.1	42.7
HiC_scaffold_145	1	26321	577	13350	50.72	3.25132	35.3	41.1
HiC_scaffold_146	1	26302	165	2712	10.311	0.834005	35	39.8
HiC_scaffold_147	1	26228	106	5406	20.6116	0.586053	35.4	49.7
HiC_scaffold_148	1	26220	332	5906	22.5248	1.87475	35.4	39.7
HiC_scaffold_149	1	26169	75	6577	25.1328	0.420956	35.5	50.8
HiC_scaffold_150	1	26140	326	21731	83.1331	1.8246	35.2	60
HiC_scaffold_151	1	25970	62	4132	15.9107	0.349827	35.6	38.5
HiC_scaffold_152	1	25914	148	5536	21.363	0.763294	35	43.7
HiC_scaffold_153	1	25756	9	1110	4.30968	0.0522985	33.8	41.4
HiC_scaffold_154	1	25701	88	7810	30.3879	0.507023	35.6	53.3
HiC_scaffold_155	1	25484	492	12542	49.2152	2.81706	35.3	41.3
HiC_scaffold_156	1	25347	1768	14366	56.6773	9.71397	34.9	44.8
HiC_scaffold_157	1	25300	150	6513	25.7431	0.879526	35.3	44.2
HiC_scaffold_158	1	25137	735	11113	44.2097	4.14966	35.2	41.4
HiC_scaffold_159	1	25068	38	2470	9.8532	0.217129	35.1	46.2
HiC_scaffold_160	1	25021	173	12957	51.7845	1.00348	35.6	56.9
HiC_scaffold_161	1	25021	26	2785	11.1307	0.154111	35.4	53
HiC_scaffold_162	1	25013	602	1873	7.48811	2.84836	35.2	43.9
HiC_scaffold_163	1	25000	32	1229	4.916	0.19124	35	35.8
HiC_scaffold_164	1	25000	18	870	3.48	0.10788	36	36
HiC_scaffold_165	1	25000	14	1307	5.228	0.08388	35.8	35.8
HiC_scaffold_166	1	25000	159	3484	13.936	0.9096	35.1	37.7
HiC_scaffold_167	1	25000	320	18756	75.024	1.82672	35.4	59.5
HiC_scaffold_168	1	25000	341	21632	86.528	2.00116	35.5	60
HiC_scaffold_169	1	25000	285	19908	79.632	1.63952	35.5	59.1
HiC_scaffold_170	1	25000	342	21753	87.012	2.00028	35.3	59.8
HiC_scaffold_171	1	25000	373	22241	88.964	2.18596	35.6	60
HiC_scaffold_172	1	25000	307	20071	80.284	1.7908	35.6	59.9
HiC_scaffold_173	1	25000	314	20264	81.056	1.83804	35.3	60
HiC_scaffold_174	1	25000	309	20277	81.108	1.788	35	59.9
HiC_scaffold_175	1	25000	304	20101	80.404	1.79472	35.2	60
HiC_scaffold_176	1	25000	285	19003	76.012	1.66604	35.6	59.5
HiC_scaffold_177	1	25000	327	20278	81.112	1.85928	35.5	59.3
HiC_scaffold_178	1	25000	329	19878	79.512	1.91736	35.1	59.8
HiC_scaffold_179	1	25000	320	20342	81.368	1.86564	35.6	59.9
HiC_scaffold_180	1	25000	259	16125	64.5	1.51776	35.5	57.5
HiC_scaffold_181	1	25000	329	20113	80.452	1.91096	35.5	59.9
HiC_scaffold_182	1	25000	256	17985	71.94	1.50872	35.6	60
HiC_scaffold_183	1	25000	129	3957	15.828	0.76652	35.9	42
HiC_scaffold_184	1	25000	326	20107	80.428	1.9068	35.6	60
HiC_scaffold_185	1	25000	324	19191	76.764	1.86836	35.5	59.6
HiC_scaffold_186	1	25000	331	19616	78.464	1.9278	35.4	59.9
HiC_scaffold_187	1	25000	3	197	0.788	0.00932	36.8	60
HiC_scaffold_188	1	24887	75	3095	12.4362	0.42488	34.8	42.4
HiC_scaffold_189	1	24881	584	13840	55.6248	2.69712	35.2	43.1
HiC_scaffold_190	1	24860	198	14045	56.4964	1.17353	35.4	56.3
HiC_scaffold_191	1	24785	138	11445	46.1771	0.815776	35.8	49.4
HiC_scaffold_192	1	24606	19	2164	8.7946	0.111518	33.9	41.2
HiC_scaffold_193	1	24582	166	2491	10.1334	0.975185	35.4	45.5
HiC_scaffold_194	1	24552	754	14737	60.0236	4.23151	35.2	45.1
HiC_scaffold_195	1	24515	88	6380	26.0249	0.521517	35.6	53.6
HiC_scaffold_196	1	24429	104	4800	19.6488	0.55516	35.5	50.6
HiC_scaffold_197	1	24404	105	6439	26.385	0.639239	35	52.9
HiC_scaffold_198	1	24065	247	17429	72.4247	1.50168	35.3	55.7
HiC_scaffold_199	1	24034	64	5132	21.3531	0.397978	35.8	52.1
HiC_scaffold_200	1	24000	51	1641	6.8375	0.307042	36.2	47.6
HiC_scaffold_201	1	24000	791	5008	20.8667	4.91204	35.5	46.3
HiC_scaffold_202	1	23940	245	3837	16.0276	1.40944	35.5	38.4
HiC_scaffold_203	1	23878	81	2705	11.3284	0.497403	35.5	36.4
HiC_scaffold_204	1	23813	113	8865	37.2276	0.694957	35.6	52.6
HiC_scaffold_205	1	23764	65	5459	22.9717	0.400185	35	49.4
HiC_scaffold_206	1	23660	8	988	4.17582	0.0507185	34.4	44.8
HiC_scaffold_207	1	23581	245	16874	71.5576	1.53183	35.5	54.1
HiC_scaffold_208	1	23490	67	2961	12.6054	0.414645	35.8	40
HiC_scaffold_209	1	23453	121	9832	41.9221	0.767578	35.3	54.2
HiC_scaffold_210	1	23041	45	2875	12.4778	0.282757	35.8	59.1
HiC_scaffold_211	1	23000	518	3826	16.6348	3.36891	35.7	38.9
HiC_scaffold_212	1	23000	153	10794	46.9304	0.98513	35.6	46
HiC_scaffold_213	1	23000	31	3005	13.0652	0.185826	35	50.2
HiC_scaffold_214	1	23000	96	4004	17.4087	0.618304	35.6	36.7
HiC_scaffold_215	1	23000	64	4174	18.1478	0.40587	35.9	55.9
HiC_scaffold_216	1	22979	14	1259	5.47892	0.090735	35.3	42.6
HiC_scaffold_217	1	22964	70	2807	12.2235	0.456628	35.7	39.9
HiC_scaffold_218	1	22956	69	6924	30.162	0.444546	36	50
HiC_scaffold_220	1	22604	126	9755	43.1561	0.823925	35.3	51.3
HiC_scaffold_221	1	22426	40	1769	7.88817	0.254214	35.4	57.2
HiC_scaffold_222	1	22303	181	11169	50.0785	1.20495	35.3	46
HiC_scaffold_223	1	22199	135	4987	22.465	0.892653	35.3	47.9
HiC_scaffold_224	1	22128	12	1213	5.48174	0.0780007	36.2	47.2
HiC_scaffold_225	1	22127	4	478	2.16026	0.0216026	36.6	41.8
HiC_scaffold_226	1	21688	81	5473	25.2352	0.550212	35.7	53.4
HiC_scaffold_227	1	21648	125	9167	42.3457	0.801737	35.8	53.6
HiC_scaffold_228	1	21608	224	11441	52.948	1.37245	35.3	51.7
HiC_scaffold_229	1	21598	27	1308	6.05612	0.18423	34.8	35.6
HiC_scaffold_230	1	21510	9	801	3.72385	0.0581125	35.8	48.1
HiC_scaffold_231	1	21437	24	2193	10.23	0.160657	35.6	40
HiC_scaffold_232	1	21282	129	10820	50.8411	0.896532	35.5	49
HiC_scaffold_233	1	20959	180	5091	24.2903	1.05516	35.3	40.5
HiC_scaffold_234	1	20824	17	1247	5.98828	0.118373	35	53
HiC_scaffold_235	1	20622	72	4862	23.5768	0.511881	35.6	53.8
HiC_scaffold_236	1	20377	52	3945	19.3601	0.375178	35.2	46.3
HiC_scaffold_237	1	20369	99	7449	36.5703	0.705975	35.3	51.2
HiC_scaffold_238	1	20340	39	2997	14.7345	0.280531	35.6	49.4
HiC_scaffold_239	1	20281	42	2094	10.3249	0.288349	34.6	43.4
HiC_scaffold_240	1	20166	16	1726	8.55896	0.113359	36	47.6
HiC_scaffold_241	1	20140	176	7982	39.6326	1.28217	35.3	46
HiC_scaffold_242	1	20135	224	14310	71.0703	1.56086	35.7	59.8
HiC_scaffold_243	1	20122	16	1465	7.28059	0.115346	35.6	55
HiC_scaffold_244	1	20044	56	2925	14.5929	0.403313	35.2	39.2
HiC_scaffold_245	1	20021	37	2228	11.1283	0.267519	35.2	58.3
HiC_scaffold_246	1	20000	40	2244	11.22	0.2813	35.3	55.9
HiC_scaffold_247	1	20000	30	2628	13.14	0.21515	36	51.5
HiC_scaffold_248	1	19739	423	9292	47.0743	3.15968	35.4	42.2
HiC_scaffold_249	1	19737	112	10398	52.6828	0.838071	35.4	56.8
HiC_scaffold_250	1	19724	19	1308	6.63151	0.139221	36.1	52.2
HiC_scaffold_251	1	19667	14	811	4.12366	0.0989475	35.4	37.9
HiC_scaffold_252	1	19649	56	4841	24.6374	0.426943	35.6	49.4
HiC_scaffold_253	1	19394	35	4258	21.9552	0.265082	35.5	46.9
HiC_scaffold_254	1	19304	86	4496	23.2905	0.639246	36	50.1
HiC_scaffold_255	1	19231	14	1321	6.86912	0.108887	36	44.4
HiC_scaffold_256	1	19176	81	5882	30.6738	0.627764	36.1	49.9
HiC_scaffold_257	1	19156	2424	7792	40.6766	17.5273	35.2	44.3
HiC_scaffold_258	1	19143	72	1209	6.31562	0.483675	35.4	48.2
HiC_scaffold_259	1	19058	26	2703	14.183	0.200703	34.8	50.7
HiC_scaffold_260	1	19000	104	4579	24.1	0.776526	35.3	45.9
HiC_scaffold_261	1	18934	17	1778	9.39051	0.134678	35.4	45
HiC_scaffold_262	1	18930	318	7774	41.0671	2.42874	35.1	41.8
HiC_scaffold_263	1	18729	280	15990	85.3756	2.15052	35.4	58.4
HiC_scaffold_264	1	18528	78	5863	31.644	0.619009	35.7	53.4
HiC_scaffold_265	1	18283	30	2200	12.033	0.238145	35.3	40.2
HiC_scaffold_266	1	18272	42	1110	6.07487	0.239109	35.5	47.1
HiC_scaffold_267	1	18066	23	2303	12.7477	0.180283	35.5	51.4
HiC_scaffold_268	1	18044	49	2102	11.6493	0.334737	35.9	41.4
HiC_scaffold_269	1	18026	60	4606	25.552	0.490014	35.2	55.5
HiC_scaffold_270	1	18000	138	8125	45.1389	1.09811	35.6	44.4
HiC_scaffold_271	1	18000	66	5202	28.9	0.547333	35.7	51.4
HiC_scaffold_272	1	18000	73	3245	18.0278	0.588667	35.4	43.3
HiC_scaffold_273	1	17971	146	5362	29.837	1.21106	35.4	46.6
HiC_scaffold_274	1	17888	32	2452	13.7075	0.264144	35.4	43
HiC_scaffold_275	1	17782	37	3569	20.0709	0.305927	35.7	51.9
HiC_scaffold_276	1	17690	38	3888	21.9785	0.308762	35	49
HiC_scaffold_277	1	17675	63	3560	20.1414	0.527977	35.6	42.7
HiC_scaffold_278	1	17531	36	2873	16.3881	0.297302	35.4	45.7
HiC_scaffold_279	1	17508	306	3474	19.8424	1.445	35	47.8
HiC_scaffold_280	1	17420	59	4886	28.0482	0.505166	35.8	52.1
HiC_scaffold_281	1	17399	39	2659	15.2825	0.335364	34.8	56.8
HiC_scaffold_282	1	17398	49	4328	24.8764	0.414071	35.6	54.2
HiC_scaffold_283	1	17257	1131	7858	45.5351	7.90833	35	50.8
HiC_scaffold_284	1	17224	203	14141	82.1006	1.74205	35.7	52.8
HiC_scaffold_285	1	17131	68	5420	31.6385	0.582103	35.8	52.1
HiC_scaffold_286	1	17073	34	3137	18.374	0.29163	34.8	49.9
HiC_scaffold_287	1	17000	27	2463	14.4882	0.233353	35.9	47.2
HiC_scaffold_288	1	16908	17	1180	6.97894	0.130234	36	54.6
HiC_scaffold_289	1	16758	157	2555	15.2464	1.20766	35.7	43.6
HiC_scaffold_290	1	16602	120	3444	20.7445	0.965968	35.4	41.4
HiC_scaffold_291	1	16449	146	1130	6.86972	1.0217	35.1	43.2
HiC_scaffold_292	1	16346	39	2439	14.9211	0.351034	35	49.9
HiC_scaffold_293	1	16263	387	1634	10.0473	3.1801	35.1	43.2
HiC_scaffold_294	1	16061	89	5427	33.7899	0.782766	35.4	54.2
HiC_scaffold_295	1	16000	4	455	2.84375	0.037125	34.9	60
HiC_scaffold_296	1	16000	52	4544	28.4	0.473062	35.7	50.7
HiC_scaffold_297	1	16000	25	2703	16.8938	0.222562	35.7	55.5
HiC_scaffold_298	1	16000	64	3584	22.4	0.58375	35.2	44.9
HiC_scaffold_299	1	16000	48	2556	15.975	0.432812	34.5	40.6
HiC_scaffold_300	1	15603	137	5436	34.8395	1.29501	35.6	45.1
HiC_scaffold_301	1	15565	10	993	6.3797	0.0928365	35.6	58
HiC_scaffold_302	1	15554	223	4166	26.7841	2.13559	35.6	39.2
HiC_scaffold_303	1	15467	155	8836	57.1281	1.46551	35.5	47
HiC_scaffold_304	1	15433	47	2412	15.6288	0.447288	35.4	44.3
HiC_scaffold_305	1	15221	46	2925	19.2169	0.432495	35.6	45.9
HiC_scaffold_306	1	15208	15	967	6.3585	0.141241	35.8	60
HiC_scaffold_307	1	15128	23	1271	8.40164	0.215494	34.5	56.1
HiC_scaffold_308	1	15037	102	7020	46.6848	0.979052	35.3	53.3
HiC_scaffold_309	1	15027	73	4166	27.7234	0.719971	35.7	47
HiC_scaffold_310	1	15014	70	6828	45.4776	0.672106	34.9	58.5
HiC_scaffold_311	1	15000	47	4310	28.7333	0.465267	35.6	47
HiC_scaffold_312	1	14886	157	11315	76.011	1.58034	35.7	48
HiC_scaffold_313	1	14872	44	1743	11.72	0.437803	34	39.7
HiC_scaffold_314	1	14743	42	2639	17.9	0.416537	35.7	58.1
HiC_scaffold_315	1	14719	27	1694	11.5089	0.243767	34.6	47.3
HiC_scaffold_316	1	14619	69	5616	38.4158	0.690471	35.2	54.4
HiC_scaffold_317	1	14567	24	1889	12.9677	0.244663	36.1	49.2
HiC_scaffold_318	1	14553	22	2078	14.2788	0.221054	35.3	43.7
HiC_scaffold_319	1	14548	122	6639	45.6351	1.22883	35.7	47.7
HiC_scaffold_320	1	14465	44	3211	22.1984	0.434912	35.8	51.2
HiC_scaffold_321	1	14408	138	6120	42.4764	1.42463	35.1	43.6
HiC_scaffold_322	1	14386	18	2117	14.7157	0.187126	35	44.9
HiC_scaffold_323	1	14298	112	3116	21.7933	0.841586	34.6	49.7
HiC_scaffold_324	1	14091	161	7197	51.0752	1.65751	35	49.4
HiC_scaffold_325	1	14000	38	3219	22.9929	0.390571	35.8	44.9
HiC_scaffold_326	1	14000	54	3242	23.1571	0.543786	34.6	48.1
HiC_scaffold_327	1	13966	84	4501	32.2283	0.873407	35.8	47.2
HiC_scaffold_328	1	13312	204	11680	87.7404	2.17849	35.1	59.9
HiC_scaffold_329	1	13309	57	5121	38.4777	0.634082	35.6	51.7
HiC_scaffold_330	1	13245	109	7226	54.5564	1.18218	35.1	52.6
HiC_scaffold_331	1	13138	154	10378	78.9922	1.70338	35.6	59.9
HiC_scaffold_332	1	13083	2	299	2.28541	0.0228541	36.8	40
HiC_scaffold_333	1	13000	44	3418	26.2923	0.502231	35.4	52.1
HiC_scaffold_334	1	13000	83	5930	45.6154	0.946231	35.6	45.9
HiC_scaffold_335	1	13000	42	2901	22.3154	0.463923	35	54.1
HiC_scaffold_336	1	12527	183	4661	37.2076	2.12381	35.1	38.4
HiC_scaffold_337	1	12325	21	1910	15.497	0.242272	35.7	46.4
HiC_scaffold_338	1	12210	17	1169	9.57412	0.204832	35.4	51.3
HiC_scaffold_339	1	12140	111	8213	67.6524	1.33666	35.7	56.3
HiC_scaffold_340	1	12103	18	1734	14.327	0.216145	35.5	50.6
HiC_scaffold_341	1	11792	7	494	4.18928	0.0842096	35.5	57.1
HiC_scaffold_342	1	11769	63	1931	16.4075	0.768799	35.5	42.2
HiC_scaffold_343	1	11768	57	4561	38.7576	0.647349	35.9	51.3
HiC_scaffold_344	1	11552	99	5905	51.1167	1.18551	35.5	56.8
HiC_scaffold_345	1	11294	41	2357	20.8695	0.526032	35.5	55.3
HiC_scaffold_346	1	11220	117	8090	72.1034	1.5107	35.1	56.4
HiC_scaffold_347	1	11009	1137	6698	60.8411	14.5935	34.9	41.3
HiC_scaffold_348	1	11007	58	4370	39.702	0.786318	35.4	53.3
HiC_scaffold_349	1	11000	49	3162	28.7455	0.659182	35.6	55.3
HiC_scaffold_350	1	10932	60	3041	27.8174	0.821076	35.9	42.7
HiC_scaffold_351	1	10903	92	5760	52.8295	1.23581	35.4	53
HiC_scaffold_352	1	10862	121	7929	72.9976	1.59501	35.6	58.4
HiC_scaffold_353	1	10825	16	1450	13.3949	0.212748	34.5	55.5
HiC_scaffold_354	1	10780	99	7661	71.0668	1.34926	35.2	53.4
HiC_scaffold_355	1	10606	12	742	6.99604	0.157835	36.2	57.9
HiC_scaffold_356	1	10316	12	655	6.34936	0.147053	35.1	60
HiC_scaffold_357	1	10313	129	8255	80.0446	1.82517	35.5	57.2
HiC_scaffold_358	1	10116	25	1864	18.4263	0.368624	35.6	54.8
HiC_scaffold_359	1	9728	978	3870	39.7821	13.4998	35.1	39.9
HiC_scaffold_360	1	9582	111	3715	38.7706	1.7081	35.1	50.8
HiC_scaffold_361	1	9577	59	5932	61.9401	0.917406	35.3	46
HiC_scaffold_362	1	9324	19	1592	17.0742	0.29955	36.1	48.2
HiC_scaffold_363	1	9309	110	7655	82.2322	1.71522	35.7	59.5
HiC_scaffold_364	1	9000	13	1383	15.3667	0.206556	35.7	42
HiC_scaffold_365	1	8972	24	1408	15.6933	0.364356	35.7	55.2
HiC_scaffold_366	1	8717	5	466	5.34588	0.0828267	33.1	55.8
HiC_scaffold_367	1	8598	54	3168	36.8458	0.770412	35.1	50.7
HiC_scaffold_368	1	8517	44	2338	27.451	0.707409	35.5	51.5
HiC_scaffold_369	1	8159	36	3135	38.4238	0.65584	35.6	50.4
HiC_scaffold_370	1	8000	8	410	5.125	0.137125	36.6	37
HiC_scaffold_371	1	7755	10	1233	15.8994	0.187621	36.5	54.5
HiC_scaffold_372	1	7349	31	2381	32.399	0.618315	34.7	57.4
HiC_scaffold_373	1	7312	45	3625	49.576	0.878282	35.9	51.7
HiC_scaffold_374	1	7226	23	2127	29.4354	0.453363	35	55.4
HiC_scaffold_375	1	7101	12	1193	16.8005	0.253345	36	57.2
HiC_scaffold_376	1	7000	78	3825	54.6429	1.57757	35.4	43.4
HiC_scaffold_377	1	7000	46	3571	51.0143	0.969714	36.1	56.2
HiC_scaffold_378	1	7000	152	2699	38.5571	3.23314	35.4	40
HiC_scaffold_379	1	6605	70	2895	43.8304	1.48085	35.3	50.9
HiC_scaffold_380	1	6537	70	5146	78.7211	1.55041	35.5	58.7
HiC_scaffold_381	1	6484	45	3044	46.9463	0.988896	35.2	59.7
HiC_scaffold_382	1	6459	51	3214	49.76	1.17712	35.6	50.4
HiC_scaffold_383	1	6245	21	1995	31.9456	0.496557	35.1	51.6
HiC_scaffold_384	1	6125	69	5003	81.6816	1.67167	35.3	50
HiC_scaffold_385	1	6000	60	3927	65.45	1.47217	35.2	56
HiC_scaffold_386	1	6000	22	1829	30.4833	0.5475	36.4	55.6
HiC_scaffold_387	1	6000	57	4150	69.1667	1.35683	35.7	47.4
HiC_scaffold_388	1	5993	16	1390	23.1937	0.368096	36.2	46.6
HiC_scaffold_389	1	5821	37	3090	53.0837	0.929394	35.9	47.6
HiC_scaffold_390	1	5673	24	2474	43.6101	0.631764	35.4	49.7
HiC_scaffold_391	1	5000	33	1968	39.36	0.94	35.7	57
HiC_scaffold_392	1	5000	30	2257	45.14	0.8784	35.9	57.7
HiC_scaffold_393	1	4994	2527	3406	68.2018	68.1127	35	46.7
HiC_scaffold_394	1	4893	40	2655	54.2612	1.22236	35.8	50.9
HiC_scaffold_395	1	4891	49	3226	65.9579	1.46228	35.3	58.9
HiC_scaffold_396	1	4877	14	1368	28.05	0.430593	36.1	47.9
HiC_scaffold_397	1	4000	44	1526	38.15	1.60825	34.5	40.2
HiC_scaffold_398	1	4000	49	2917	72.925	1.7095	35.5	54
HiC_scaffold_399	1	4000	37	2633	65.825	1.37175	35.9	51.2
HiC_scaffold_400	1	4000	221	1410	35.25	7.15275	34.7	45.8
HiC_scaffold_401	1	3971	44	3132	78.8718	1.55276	35.6	59.6
HiC_scaffold_402	1	3919	4	318	8.11431	0.144425	35.8	60
HiC_scaffold_403	1	3281	36	2652	80.829	1.62542	36.2	57.4
HiC_scaffold_404	1	3264	2	296	9.06863	0.0906863	29.9	48.5
HiC_scaffold_405	1	3259	27	2243	68.8248	1.24118	36.2	60
HiC_scaffold_406	1	3042	10	1109	36.4563	0.492439	36.4	51.1
HiC_scaffold_407	1	3035	43	2489	82.0099	2.02339	36.2	59.5
HiC_scaffold_408	1	3003	4	109	3.6297	0.0725941	36.3	60
HiC_scaffold_409	1	3003	6	899	29.9367	0.299367	36.2	49
HiC_scaffold_410	1	3000	25	1970	65.6667	1.17733	36.2	56.3
HiC_scaffold_411	1	3000	43	1455	48.5	2.09367	35.1	44.5
HiC_scaffold_412	1	3000	49	2070	69	2.291	35.1	56.8
HiC_scaffold_413	1	3000	35	2365	78.8333	1.632	35.8	57.4
HiC_scaffold_414	1	3000	22	2148	71.6	1.07233	36.1	51.2
HiC_scaffold_415	1	2897	19	1618	55.8509	0.900932	36.2	54.5
HiC_scaffold_416	1	2563	91	1445	56.3792	4.0121	34.8	45
HiC_scaffold_417	1	2259	27	2008	88.8889	1.70916	35.4	60
HiC_scaffold_419	1	2021	34	1726	85.4033	2.44582	35.7	60
HiC_scaffold_420	1	2000	35	1698	84.9	2.3205	35.3	60
HiC_scaffold_421	1	2000	19	1330	66.5	1.395	36	49.9
HiC_scaffold_422	1	2000	25	1419	70.95	1.723	35.4	60
HiC_scaffold_424	1	1484	8	693	46.6981	0.773585	35.6	49.6
HiC_scaffold_425	1	1447	10	841	58.1202	1.02419	36.3	55.7
HiC_scaffold_427	1	1353	20	1103	81.5225	1.83666	36.5	58.1
HiC_scaffold_429	1	1175	11	833	70.8936	1.3183	35.3	60
HiC_scaffold_430	1	1138	20	912	80.1406	2.2522	35.3	59
HiC_scaffold_431	1	1108	15	790	71.2996	2.02166	35.7	60
HiC_scaffold_432	1	1097	34	1046	95.351	4.35278	36.1	59.4
HiC_scaffold_433	1	1005	71	473	47.0647	9.89652	35.4	45.8
HiC_scaffold_434	1	1000	5	452	45.2	0.75	36.1	58.2
HiC_scaffold_435	1	1000	24	916	91.6	3.312	35.3	60
HiC_scaffold_436	1	1000	11	541	54.1	1.014	35.1	57.2
HiC_scaffold_437	1	1000	11	713	71.3	1.65	36	60
HiC_scaffold_438	1	1000	10	919	91.9	1.426	35	60
HiC_scaffold_439	1	1000	1	150	15	0.15	30.1	60
HiC_scaffold_440	1	1000	9	628	62.8	1.025	35.5	60
HiC_scaffold_441	1	1000	15	754	75.4	1.794	36.6	60
HiC_scaffold_442	1	1000	17	997	99.7	2.306	35.2	60
HiC_scaffold_443	1	1000	11	764	76.4	1.586	36.1	60
HiC_scaffold_444	1	1000	11	732	73.2	1.51	36.2	60
HiC_scaffold_445	1	1000	22	1000	100	2.992	35.7	60
HiC_scaffold_446	1	1000	19	937	93.7	2.709	36.1	44.3
HiC_scaffold_447	1	1000	26	976	97.6	3.641	36.2	58.3
HiC_scaffold_448	1	1000	23	764	76.4	2.874	34.7	55.7
HiC_scaffold_449	1	1000	8	760	76	0.96	34.1	59
HiC_scaffold_450	1	1000	4	470	47	0.599	36.3	56.5
HiC_scaffold_451	1	1000	8	844	84.4	1.192	35.7	51.6
HiC_scaffold_452	1	1000	3	294	29.4	0.426	34.6	60
HiC_scaffold_453	1	1000	34	571	57.1	3.732	35.2	49.9
HiC_scaffold_454	1	2000	2	300	15	0.15	36	50
mitochondria	1	17813	66897	17678	99.2421	546.22	35.4	59.4
HiC_scaffold_219	1	22812	0	0	0	0	0	0
HiC_scaffold_418	1	2125	0	0	0	0	0	0
HiC_scaffold_423	1	1676	0	0	0	0	0	0
HiC_scaffold_426	1	1382	0	0	0	0	0	0
HiC_scaffold_428	1	1184	0	0	0	0	0	0
