#rname	startpos	endpos	numreads	covbases	coverage	meandepth	meanbaseq	meanmapq
HiC_scaffold_1	1	75050035	723559	51364985	68.441	1.39551	35.7	59.2
HiC_scaffold_2	1	56816963	552431	39067910	68.761	1.40678	35.7	59.2
HiC_scaffold_3	1	109611085	1018238	72888245	66.4971	1.34542	35.7	58.8
HiC_scaffold_4	1	81599725	777850	55257308	67.7175	1.37966	35.7	59.1
HiC_scaffold_5	1	72353455	706124	49979018	69.0762	1.41272	35.7	59.3
HiC_scaffold_6	1	67692486	658472	46368387	68.4986	1.40762	35.7	59.2
HiC_scaffold_7	1	59159807	571521	40236015	68.0124	1.39748	35.7	59.1
HiC_scaffold_8	1	13479537	66906	6200169	45.9969	0.720591	35.6	59.5
HiC_scaffold_9	1	58964884	574740	40375882	68.4745	1.4097	35.7	59.2
HiC_scaffold_10	1	36732878	351942	24806847	67.5331	1.38534	35.6	59.1
HiC_scaffold_11	1	27384	164	4987	18.2114	0.88077	35.5	44.4
HiC_scaffold_12	1	33592	1849	7637	22.7346	7.41188	35.3	46.7
HiC_scaffold_13	1	184337	5932	138465	75.1151	4.47659	35.6	52.4
HiC_scaffold_14	1	85992	2856	47410	55.133	4.64785	35.2	46.6
HiC_scaffold_15	1	87022	907	27832	31.9827	1.43653	35.5	46.3
HiC_scaffold_16	1	89609	1873	10192	11.3739	2.33192	35.7	50.6
HiC_scaffold_17	1	164154	1616	49116	29.9207	1.40763	35.7	50.6
HiC_scaffold_18	1	104921	458	39755	37.8904	0.624012	35.7	53.5
HiC_scaffold_19	1	103720	393	28454	27.4335	0.543087	35.5	49.3
HiC_scaffold_20	1	90353	553	27171	30.0721	0.879528	35.3	50
HiC_scaffold_21	1	85252	310	22188	26.0264	0.524527	35.4	47.7
HiC_scaffold_22	1	80500	354	22328	27.7366	0.651317	35.6	49.8
HiC_scaffold_23	1	75743	321	20700	27.3293	0.620572	35.8	54.8
HiC_scaffold_24	1	75592	1140	18719	24.7632	2.1517	35.4	44.4
HiC_scaffold_25	1	72691	1477	35711	49.1271	2.87447	35.5	54.4
HiC_scaffold_26	1	71458	553	33503	46.8849	1.12998	35.7	48.7
HiC_scaffold_27	1	70045	2563	53247	76.0183	5.21692	35.5	53.7
HiC_scaffold_28	1	68558	89	5438	7.93197	0.169389	35.1	53.2
HiC_scaffold_29	1	68222	722	17347	25.4273	1.55504	35.4	46.2
HiC_scaffold_30	1	67017	619	34620	51.6585	1.33923	35.6	48.8
HiC_scaffold_31	1	65972	53	5842	8.85527	0.119111	35.7	48
HiC_scaffold_32	1	64000	579	27630	43.1719	1.26583	35.6	48.9
HiC_scaffold_33	1	62684	511	14934	23.8243	1.08359	35.7	41.6
HiC_scaffold_34	1	60035	467	30382	50.6071	1.06516	35.8	55.4
HiC_scaffold_35	1	59483	88	8697	14.621	0.216583	35.7	50.9
HiC_scaffold_36	1	58601	1511	5679	9.69096	3.7505	35.3	50.7
HiC_scaffold_37	1	57907	169	11133	19.2257	0.421952	35.6	48.6
HiC_scaffold_38	1	57623	178	2844	4.93553	0.424674	35.5	38.2
HiC_scaffold_39	1	56881	525	18352	32.2638	1.13089	35.8	49.4
HiC_scaffold_40	1	56115	467	7955	14.1762	1.09124	35.8	38.5
HiC_scaffold_41	1	55753	592	20496	36.7621	1.53882	35.5	42
HiC_scaffold_42	1	55361	82	3708	6.69786	0.205831	34.8	45.9
HiC_scaffold_43	1	55333	421	10204	18.4411	1.07916	35.3	40.8
HiC_scaffold_44	1	54697	1854	48076	87.8951	4.94749	35.7	55.8
HiC_scaffold_45	1	54079	58	3946	7.29673	0.149245	36.2	44.7
HiC_scaffold_46	1	53000	163	5319	10.0358	0.433245	35.5	40.5
HiC_scaffold_47	1	52728	1208	14342	27.2	3.25552	35.3	48.4
HiC_scaffold_48	1	52696	260	17090	32.4313	0.711686	35.5	50.7
HiC_scaffold_49	1	52574	99	4015	7.63685	0.27797	35.3	39.7
HiC_scaffold_50	1	52452	17	875	1.66819	0.0360901	36	57.1
HiC_scaffold_51	1	52291	152	4909	9.38785	0.378841	35.7	46.3
HiC_scaffold_52	1	50660	384	26698	52.7004	1.10892	35.4	56.7
HiC_scaffold_53	1	50444	1341	30869	61.1946	3.91256	35.7	55.8
HiC_scaffold_54	1	50000	530	34897	69.794	1.54054	35.5	59.8
HiC_scaffold_55	1	49402	86	3968	8.03206	0.253492	35.8	45.9
HiC_scaffold_56	1	48994	130	5780	11.7974	0.351002	35.8	45.3
HiC_scaffold_57	1	48961	128	5631	11.501	0.385838	35.7	40.8
HiC_scaffold_58	1	48913	245	20973	42.8782	0.732484	35.7	51.9
HiC_scaffold_59	1	48516	304	11709	24.1343	0.922582	35.5	50.7
HiC_scaffold_60	1	48449	277	22816	47.0928	0.84299	35.9	52.5
HiC_scaffold_61	1	48102	184	7908	16.4401	0.551516	35.2	48
HiC_scaffold_62	1	47095	410	29573	62.7944	1.28215	35.7	56.3
HiC_scaffold_63	1	45946	377	24565	53.4649	1.20711	35.5	56.4
HiC_scaffold_64	1	45702	177	5945	13.0082	0.533915	35.5	47.1
HiC_scaffold_65	1	45164	529	12268	27.1632	1.60686	35.3	44
HiC_scaffold_66	1	45000	1062	8262	18.36	3.31144	35.5	47
HiC_scaffold_67	1	44932	581	9302	20.7024	1.66193	35.6	41.9
HiC_scaffold_68	1	44535	67	5294	11.8873	0.219535	35.2	44.6
HiC_scaffold_69	1	43359	306	12082	27.865	1.02855	35.6	43.3
HiC_scaffold_70	1	43000	212	7397	17.2023	0.656651	35.6	43.2
HiC_scaffold_71	1	42000	360	12922	30.7667	1.15002	35.7	50
HiC_scaffold_72	1	41780	31	2257	5.40211	0.109694	34.8	42
HiC_scaffold_73	1	41131	70	4381	10.6513	0.249301	35.8	48.5
HiC_scaffold_74	1	41000	154	10696	26.0878	0.559927	36.1	55.9
HiC_scaffold_75	1	40673	164	4568	11.231	0.599784	35.6	40.6
HiC_scaffold_76	1	40021	344	7040	17.5908	1.19147	35.3	40.4
HiC_scaffold_77	1	40000	44	2320	5.8	0.156125	35.9	52.9
HiC_scaffold_78	1	39995	145	11483	28.7111	0.498687	35.5	53.8
HiC_scaffold_79	1	39987	31	3284	8.21267	0.115863	36.1	44
HiC_scaffold_80	1	39907	32	2404	6.02401	0.116521	35.5	55
HiC_scaffold_81	1	39785	224	6008	15.1012	0.698002	35.6	45.6
HiC_scaffold_82	1	39714	1524	10628	26.7613	5.41205	35.3	44.8
HiC_scaffold_83	1	39603	111	8346	21.0742	0.407469	35.9	52.7
HiC_scaffold_84	1	39032	1221	21418	54.8729	4.39637	35.5	49.4
HiC_scaffold_85	1	38821	303	8406	21.6532	1.1223	35.7	43.1
HiC_scaffold_86	1	38551	298	4802	12.4562	0.986875	35.5	45.4
HiC_scaffold_87	1	38336	251	6708	17.4979	0.973445	35.5	41.3
HiC_scaffold_88	1	38081	217	6891	18.0956	0.79499	35.2	56.8
HiC_scaffold_89	1	37423	100	1586	4.23804	0.373407	35.3	43
HiC_scaffold_90	1	37049	226	10028	27.0669	0.904667	35.8	44.7
HiC_scaffold_91	1	37000	363	24969	67.4838	1.41557	35.6	59.8
HiC_scaffold_92	1	36719	101	4206	11.4546	0.405512	35.9	49.6
HiC_scaffold_93	1	36624	315	6744	18.4142	1.21319	35.7	40.9
HiC_scaffold_94	1	36550	105	3236	8.85363	0.421642	35.9	41.9
HiC_scaffold_95	1	35915	1065	16324	45.4518	4.18396	35.2	45.2
HiC_scaffold_96	1	35569	330	11592	32.5902	1.37069	35.8	48.9
HiC_scaffold_97	1	35569	227	9278	26.0845	0.904861	35.1	47.9
HiC_scaffold_98	1	35521	137	2256	6.35117	0.419358	35.4	46.6
HiC_scaffold_99	1	35305	909	23552	66.7101	3.38128	35.5	58.4
HiC_scaffold_100	1	35285	317	20386	57.7753	1.30625	35.6	57.9
HiC_scaffold_101	1	35090	151	7540	21.4876	0.488715	35.6	50.7
HiC_scaffold_102	1	34736	26	2882	8.29687	0.110375	36	52.7
HiC_scaffold_103	1	34662	655	14563	42.0143	2.64875	35.6	42.7
HiC_scaffold_104	1	34539	126	11245	32.5574	0.527114	35.6	51.2
HiC_scaffold_105	1	34367	58	3899	11.3452	0.23572	35.3	51.6
HiC_scaffold_106	1	34092	15	1242	3.64308	0.0542649	36.1	46.4
HiC_scaffold_107	1	34034	963	29221	85.8583	4.02847	35.7	58.3
HiC_scaffold_108	1	34000	126	3860	11.3529	0.545618	35.8	39.9
HiC_scaffold_109	1	33013	244	9809	29.7125	1.00351	34.9	44.4
HiC_scaffold_110	1	32894	41	2276	6.91919	0.174074	35.1	47.2
HiC_scaffold_111	1	32703	85	7290	22.2915	0.386478	35.7	48.3
HiC_scaffold_112	1	32055	131	8514	26.5606	0.590641	35.7	55.5
HiC_scaffold_113	1	31996	131	2408	7.52594	0.41949	35.3	45.4
HiC_scaffold_114	1	31869	155	6309	19.7967	0.629452	35.7	50.9
HiC_scaffold_115	1	31497	129	5816	18.4653	0.58396	35.3	41.1
HiC_scaffold_116	1	31452	164	12103	38.4809	0.773973	35.6	54.8
HiC_scaffold_117	1	31435	117	9797	31.1659	0.54996	35.5	50.5
HiC_scaffold_118	1	31168	165	13754	44.1286	0.768866	35.5	56.6
HiC_scaffold_119	1	31094	33	2711	8.71872	0.158712	36.1	45.7
HiC_scaffold_120	1	31000	145	8455	27.2742	0.685935	35.6	47.9
HiC_scaffold_121	1	30892	39	3185	10.3101	0.185388	34.9	43.2
HiC_scaffold_122	1	30671	224	5513	17.9746	1.08568	35.3	38.8
HiC_scaffold_123	1	30159	308	22584	74.8831	1.47962	35.8	59.9
HiC_scaffold_124	1	30112	8	1086	3.60654	0.0398512	35.7	40.8
HiC_scaffold_125	1	30000	101	2669	8.89667	0.497733	35.6	39.8
HiC_scaffold_126	1	30000	26	2568	8.56	0.129833	35.8	45.7
HiC_scaffold_127	1	29632	333	4423	14.9264	1.52167	35.5	42.8
HiC_scaffold_128	1	29216	79	6676	22.8505	0.397967	35.2	51.6
HiC_scaffold_129	1	29000	31	1891	6.52069	0.156276	36.2	52.6
HiC_scaffold_130	1	28743	23	1628	5.66399	0.117837	35.2	53.3
HiC_scaffold_131	1	28267	349	7346	25.9879	1.83451	35.8	41.3
HiC_scaffold_132	1	28006	163	5306	18.9459	0.85546	35.1	41.7
HiC_scaffold_133	1	27859	122	10072	36.1535	0.621738	35.9	55.4
HiC_scaffold_134	1	27837	335	21596	77.5802	1.71991	35.5	59.5
HiC_scaffold_135	1	27503	85	3934	14.3039	0.452823	35.7	40.5
HiC_scaffold_136	1	27405	311	21908	79.9416	1.65937	35.7	59.9
HiC_scaffold_138	1	27000	98	7122	26.3778	0.528519	36	49.5
HiC_scaffold_139	1	26958	55	2767	10.2641	0.297759	35.4	48.7
HiC_scaffold_140	1	26822	35	1725	6.43129	0.180523	35.2	40
HiC_scaffold_141	1	26714	351	8154	30.5233	1.82964	35.2	44.3
HiC_scaffold_142	1	26597	204	10786	40.5534	1.06283	35.7	47.7
HiC_scaffold_143	1	26526	48	1783	6.72171	0.221933	35.1	51.1
HiC_scaffold_144	1	26403	128	3021	11.4419	0.718441	35.5	42.4
HiC_scaffold_145	1	26321	388	12151	46.1647	2.15497	35.5	43.6
HiC_scaffold_146	1	26302	123	2955	11.2349	0.619687	34.8	39.9
HiC_scaffold_147	1	26228	69	4575	17.4432	0.372236	34.7	55.4
HiC_scaffold_148	1	26220	199	4517	17.2273	1.1172	35.8	39.4
HiC_scaffold_149	1	26169	76	7105	27.1504	0.426956	35.7	49
HiC_scaffold_150	1	26140	302	19925	76.2242	1.64388	35.5	59.8
HiC_scaffold_151	1	25970	44	2668	10.2734	0.24871	35.8	40
HiC_scaffold_152	1	25914	44	3050	11.7697	0.241452	35.8	46
HiC_scaffold_153	1	25756	17	1957	7.59823	0.0968706	36.5	47.1
HiC_scaffold_154	1	25701	91	7410	28.8316	0.487257	35.5	53.7
HiC_scaffold_155	1	25484	401	9976	39.1461	2.29807	35.5	43.3
HiC_scaffold_156	1	25347	1660	13863	54.6929	8.78893	35.2	45.1
HiC_scaffold_157	1	25300	122	6490	25.6522	0.705613	35.6	47.1
HiC_scaffold_158	1	25137	473	8998	35.7958	2.71926	35.2	40.8
HiC_scaffold_159	1	25068	50	2854	11.385	0.287538	35.7	44.9
HiC_scaffold_160	1	25021	177	12667	50.6255	1.04037	35.5	56.1
HiC_scaffold_161	1	25021	28	2093	8.36497	0.16618	36.4	52.8
HiC_scaffold_162	1	25013	251	1365	5.45716	1.2324	35.3	43.9
HiC_scaffold_163	1	25000	8	633	2.532	0.04656	34.7	38
HiC_scaffold_164	1	25000	8	369	1.476	0.04072	36	44.2
HiC_scaffold_165	1	25000	14	1118	4.472	0.08308	34.6	40.8
HiC_scaffold_166	1	25000	69	2299	9.196	0.4086	35.3	37
HiC_scaffold_167	1	25000	260	17888	71.552	1.50336	35.5	59
HiC_scaffold_168	1	25000	281	18645	74.58	1.5908	35.6	60
HiC_scaffold_169	1	25000	261	17990	71.96	1.47568	35.8	59.4
HiC_scaffold_170	1	25000	250	17575	70.3	1.4078	35.8	59.6
HiC_scaffold_171	1	25000	256	18010	72.04	1.46872	35.7	59.8
HiC_scaffold_172	1	25000	258	19293	77.172	1.48516	35.7	59.8
HiC_scaffold_173	1	25000	316	20044	80.176	1.85892	35.3	60
HiC_scaffold_174	1	25000	352	19732	78.928	2.00572	35.1	59.8
HiC_scaffold_175	1	25000	297	20239	80.956	1.72556	35.6	60
HiC_scaffold_176	1	25000	251	17596	70.384	1.43552	35.6	59.6
HiC_scaffold_177	1	25000	340	18212	72.848	1.9136	35.4	59.1
HiC_scaffold_178	1	25000	238	18479	73.916	1.38132	35.3	59
HiC_scaffold_179	1	25000	262	19226	76.904	1.51316	35.7	59.9
HiC_scaffold_180	1	25000	303	15301	61.204	1.71876	35.6	56.2
HiC_scaffold_181	1	25000	262	18309	73.236	1.52856	35.9	59.8
HiC_scaffold_182	1	25000	236	16355	65.42	1.38116	35.5	60
HiC_scaffold_183	1	25000	124	4265	17.06	0.72096	35.8	43.9
HiC_scaffold_184	1	25000	273	18024	72.096	1.53028	35.6	59.8
HiC_scaffold_185	1	25000	769	24105	96.42	4.42948	35.5	59.7
HiC_scaffold_186	1	25000	262	18622	74.488	1.52348	35.8	60
HiC_scaffold_187	1	25000	7	792	3.168	0.04192	34.5	54.4
HiC_scaffold_188	1	24887	102	4103	16.4865	0.569735	35.4	42.6
HiC_scaffold_189	1	24881	512	11717	47.0922	2.5042	35.4	40.9
HiC_scaffold_190	1	24860	159	12574	50.5792	0.91436	36	56.4
HiC_scaffold_191	1	24785	140	10610	42.8082	0.840993	35.7	48.1
HiC_scaffold_192	1	24606	22	1358	5.51898	0.132894	36.4	44.1
HiC_scaffold_193	1	24582	182	3050	12.4075	1.07937	35.5	44.6
HiC_scaffold_194	1	24552	515	10579	43.0881	2.95605	35.4	46.3
HiC_scaffold_195	1	24515	75	5962	24.3198	0.437446	36.2	53.8
HiC_scaffold_196	1	24429	93	5352	21.9084	0.539031	35.8	53.7
HiC_scaffold_197	1	24404	60	5205	21.3285	0.345558	35.5	56.5
HiC_scaffold_198	1	24065	123	11060	45.9589	0.741575	35.6	55.8
HiC_scaffold_199	1	24034	52	4490	18.6819	0.316302	36.3	50.9
HiC_scaffold_200	1	24000	48	1513	6.30417	0.289417	35.9	42.7
HiC_scaffold_201	1	24000	573	4871	20.2958	3.54188	35.5	46.5
HiC_scaffold_202	1	23940	270	4154	17.3517	1.59499	35.5	39.1
HiC_scaffold_203	1	23878	50	2149	8.99992	0.310369	35.6	37.6
HiC_scaffold_204	1	23813	71	5855	24.5874	0.425146	35.2	52.2
HiC_scaffold_205	1	23764	50	4418	18.5911	0.282276	35.8	52.2
HiC_scaffold_206	1	23660	13	1368	5.78191	0.0816991	35.5	49.5
HiC_scaffold_207	1	23581	187	14101	59.7981	1.1606	35.6	55.5
HiC_scaffold_208	1	23490	43	2317	9.86377	0.267603	36.1	38
HiC_scaffold_209	1	23453	90	7139	30.4396	0.558521	35.6	56.6
HiC_scaffold_210	1	23041	41	2939	12.7555	0.254546	35.6	56.8
HiC_scaffold_211	1	23000	340	2535	11.0217	2.20657	35.8	39.5
HiC_scaffold_212	1	23000	121	8428	36.6435	0.769696	36	49.5
HiC_scaffold_213	1	23000	15	1377	5.98696	0.0952174	35.4	46.1
HiC_scaffold_214	1	23000	55	3259	14.1696	0.347391	35.5	39.2
HiC_scaffold_215	1	23000	98	4190	18.2174	0.613522	35.7	52.3
HiC_scaffold_216	1	22979	4	506	2.20201	0.025371	36.6	50
HiC_scaffold_217	1	22964	82	2942	12.8114	0.525692	35.8	41.2
HiC_scaffold_218	1	22956	64	5799	25.2614	0.409523	35.8	51.6
HiC_scaffold_220	1	22604	101	8520	37.6924	0.664042	35.6	51.9
HiC_scaffold_221	1	22426	22	1322	5.89494	0.138143	35.4	57.9
HiC_scaffold_222	1	22303	205	9793	43.9089	1.35466	35.7	46.5
HiC_scaffold_223	1	22199	76	3547	15.9782	0.505879	36.1	45.8
HiC_scaffold_224	1	22128	11	1024	4.62762	0.0745662	35.1	52
HiC_scaffold_225	1	22127	6	660	2.98278	0.0406291	34.8	48.7
HiC_scaffold_226	1	21688	67	4506	20.7765	0.442318	35.5	52.5
HiC_scaffold_227	1	21648	203	11673	53.9218	1.34858	35.8	55.2
HiC_scaffold_228	1	21608	155	9359	43.3127	0.995511	35.5	50.9
HiC_scaffold_229	1	21598	10	1059	4.90323	0.0693583	35	37.5
HiC_scaffold_230	1	21510	18	1153	5.3603	0.114179	35.1	51.6
HiC_scaffold_231	1	21437	42	2604	12.1472	0.284741	35.2	47.4
HiC_scaffold_232	1	21282	123	9775	45.9308	0.847383	35.6	51.3
HiC_scaffold_233	1	20959	141	4408	21.0315	0.86612	34.9	40.8
HiC_scaffold_234	1	20824	14	1157	5.55609	0.100269	34.8	40.3
HiC_scaffold_235	1	20622	47	3172	15.3816	0.333285	35.4	55.2
HiC_scaffold_236	1	20377	34	2698	13.2404	0.244491	35.8	48.7
HiC_scaffold_237	1	20369	91	8114	39.835	0.662477	35.5	49.3
HiC_scaffold_238	1	20340	33	2653	13.0433	0.232596	35.9	48.7
HiC_scaffold_239	1	20281	21	1086	5.35477	0.131404	35.3	42
HiC_scaffold_240	1	20166	24	2065	10.24	0.171378	36.3	48
HiC_scaffold_241	1	20140	110	6506	32.3039	0.774777	35.3	49.6
HiC_scaffold_242	1	20135	201	13298	66.0442	1.43089	35.4	59.8
HiC_scaffold_243	1	20122	20	1484	7.37501	0.128466	35.1	53.9
HiC_scaffold_244	1	20044	47	1698	8.47136	0.329375	35.8	42.5
HiC_scaffold_245	1	20021	25	2140	10.6888	0.180011	35.4	57.6
HiC_scaffold_246	1	20000	22	1774	8.87	0.14915	35.9	56
HiC_scaffold_247	1	20000	21	2018	10.09	0.13335	36.4	56
HiC_scaffold_248	1	19739	272	6630	33.5883	2.01358	35.6	43
HiC_scaffold_249	1	19737	12	776	3.9317	0.0867913	36.3	58.9
HiC_scaffold_250	1	19724	16	1153	5.84567	0.1123	35.5	48.2
HiC_scaffold_251	1	19667	60	1395	7.0931	0.441298	35.9	39.5
HiC_scaffold_252	1	19649	20	2379	12.1075	0.152578	35.9	52.5
HiC_scaffold_253	1	19394	42	3768	19.4287	0.319222	35.2	49.2
HiC_scaffold_254	1	19304	91	4552	23.5806	0.68131	35.5	50.9
HiC_scaffold_255	1	19231	19	1351	7.02512	0.143986	36.1	42.9
HiC_scaffold_256	1	19176	73	6697	34.9239	0.55533	36	51.2
HiC_scaffold_257	1	19156	1726	6837	35.6912	12.4275	35.4	44.1
HiC_scaffold_258	1	19143	80	1314	6.86413	0.559212	35.4	44.2
HiC_scaffold_259	1	19058	36	3413	17.9085	0.280879	36.2	47.8
HiC_scaffold_260	1	19000	74	3654	19.2316	0.565211	35.5	45.5
HiC_scaffold_261	1	18934	8	1010	5.33432	0.0632724	35.7	51.4
HiC_scaffold_262	1	18930	545	8501	44.9076	4.16434	35.6	45.5
HiC_scaffold_263	1	18729	202	14298	76.3415	1.55774	35.6	57.8
HiC_scaffold_264	1	18528	46	3782	20.4123	0.353627	35.5	54.2
HiC_scaffold_265	1	18283	35	1968	10.7641	0.287097	36	42.5
HiC_scaffold_266	1	18272	38	1112	6.08581	0.263025	35.9	41.2
HiC_scaffold_267	1	18066	52	3295	18.2387	0.415975	35.6	50.6
HiC_scaffold_268	1	18044	34	1761	9.75948	0.255376	35.5	40.1
HiC_scaffold_269	1	18026	52	4143	22.9835	0.422556	35.7	57
HiC_scaffold_270	1	18000	41	2353	13.0722	0.323944	35.2	48.2
HiC_scaffold_271	1	18000	68	6296	34.9778	0.561667	35.7	51.3
HiC_scaffold_272	1	18000	53	2211	12.2833	0.422778	36.1	42
HiC_scaffold_273	1	17971	149	5718	31.8179	1.20989	35.9	46.3
HiC_scaffold_274	1	17888	22	1747	9.76632	0.176711	35.6	45
HiC_scaffold_275	1	17782	37	3551	19.9696	0.31037	35.7	54.8
HiC_scaffold_276	1	17690	50	4666	26.3765	0.418824	35.6	52.7
HiC_scaffold_277	1	17675	39	2381	13.471	0.325488	35.1	40.4
HiC_scaffold_278	1	17531	10	1031	5.88101	0.0729565	36.2	52.2
HiC_scaffold_279	1	17508	174	2519	14.3877	0.923521	35.1	47.9
HiC_scaffold_280	1	17420	53	4599	26.4007	0.429104	35.8	52.7
HiC_scaffold_281	1	17399	21	1490	8.56371	0.155641	35.8	54
HiC_scaffold_282	1	17398	36	4092	23.5199	0.301644	35.3	48.3
HiC_scaffold_283	1	17257	875	7365	42.6783	6.55583	35.4	52.3
HiC_scaffold_284	1	17224	173	12365	71.7894	1.46476	35.5	54.8
HiC_scaffold_285	1	17131	78	6998	40.8499	0.664585	35.4	49.7
HiC_scaffold_286	1	17073	28	2353	13.782	0.24284	35.9	50.5
HiC_scaffold_287	1	17000	46	3215	18.9118	0.381471	35.8	43.2
HiC_scaffold_288	1	16908	25	1170	6.9198	0.200319	34.6	51.2
HiC_scaffold_289	1	16758	113	2550	15.2166	0.934658	35.5	45.6
HiC_scaffold_290	1	16602	85	3184	19.1784	0.702867	35.7	41.7
HiC_scaffold_291	1	16449	121	796	4.8392	0.859627	34.8	44.8
HiC_scaffold_292	1	16346	31	2351	14.3827	0.277193	35.5	53.5
HiC_scaffold_293	1	16263	284	1403	8.62694	2.49923	35.5	43
HiC_scaffold_294	1	16061	75	5650	35.1784	0.678102	35.8	50.7
HiC_scaffold_295	1	16000	7	752	4.7	0.0571875	36	59
HiC_scaffold_296	1	16000	55	4414	27.5875	0.49275	35.5	50
HiC_scaffold_297	1	16000	17	1737	10.8562	0.159375	35.6	53.1
HiC_scaffold_298	1	16000	58	2820	17.625	0.522188	35.5	46.9
HiC_scaffold_299	1	16000	30	2385	14.9062	0.278687	35.7	45.4
HiC_scaffold_300	1	15603	51	3769	24.1556	0.482471	35.1	47.5
HiC_scaffold_301	1	15565	2	299	1.92098	0.0192098	36.4	30
HiC_scaffold_302	1	15554	133	2672	17.1789	1.26128	35.8	39.2
HiC_scaffold_303	1	15467	112	6965	45.0314	1.04778	35.6	46.3
HiC_scaffold_304	1	15433	40	2635	17.0738	0.385149	36	38.2
HiC_scaffold_305	1	15221	26	1694	11.1294	0.254648	35.8	44.2
HiC_scaffold_306	1	15208	8	684	4.49763	0.0738427	35.5	60
HiC_scaffold_307	1	15128	23	1034	6.83501	0.207694	36.2	54.6
HiC_scaffold_308	1	15037	81	6818	45.3415	0.791315	35.8	55.9
HiC_scaffold_309	1	15027	84	4588	30.5317	0.803421	35.5	48.2
HiC_scaffold_310	1	15014	57	5162	34.3812	0.543826	35.7	58.3
HiC_scaffold_311	1	15000	63	5437	36.2467	0.6182	36	53
HiC_scaffold_312	1	14886	118	8529	57.2954	1.18044	35.7	49
HiC_scaffold_313	1	14872	54	2675	17.9868	0.532948	35.4	45
HiC_scaffold_314	1	14743	33	2182	14.8002	0.334803	35.8	59.4
HiC_scaffold_315	1	14719	18	1239	8.41769	0.160473	35.9	52.4
HiC_scaffold_316	1	14619	57	4145	28.3535	0.55551	35.5	54.7
HiC_scaffold_317	1	14567	6	755	5.18295	0.0617148	35.5	45
HiC_scaffold_318	1	14553	49	3633	24.9639	0.491582	36	44.8
HiC_scaffold_319	1	14548	91	6599	45.3602	0.937792	35.5	47.6
HiC_scaffold_320	1	14465	19	1952	13.4946	0.186796	35.8	48.8
HiC_scaffold_321	1	14408	92	5636	39.1172	0.917199	35.2	46.2
HiC_scaffold_322	1	14386	8	659	4.58084	0.0834144	35.2	46.1
HiC_scaffold_323	1	14298	119	4593	32.1234	0.952301	34.7	48.7
HiC_scaffold_324	1	14091	87	5440	38.6062	0.895962	35.5	52.8
HiC_scaffold_325	1	14000	56	4368	31.2	0.580786	35.4	44.7
HiC_scaffold_326	1	14000	43	2456	17.5429	0.448857	36	44.3
HiC_scaffold_327	1	13966	63	4474	32.0349	0.660819	36.3	45.4
HiC_scaffold_328	1	13312	99	8378	62.9357	1.07009	36.2	60
HiC_scaffold_329	1	13309	79	6271	47.1185	0.867082	36.2	49.4
HiC_scaffold_330	1	13245	79	6810	51.4156	0.842205	35.1	53.6
HiC_scaffold_331	1	13138	135	9982	75.9781	1.48097	35.5	59
HiC_scaffold_332	1	13083	8	581	4.44088	0.0891997	35.8	44.2
HiC_scaffold_333	1	13000	24	2229	17.1462	0.265692	35.5	50.7
HiC_scaffold_334	1	13000	41	2441	18.7769	0.427385	35.8	55.9
HiC_scaffold_335	1	13000	35	2435	18.7308	0.378231	36.4	51.5
HiC_scaffold_336	1	12527	284	5288	42.2128	3.31596	35.1	39.6
HiC_scaffold_337	1	12325	12	1429	11.5943	0.144665	36.3	47.4
HiC_scaffold_338	1	12210	18	1550	12.6945	0.210238	36	51.2
HiC_scaffold_339	1	12140	92	6430	52.9654	1.10165	35.9	58.4
HiC_scaffold_340	1	12103	96	3708	30.637	1.1674	35.4	47.7
HiC_scaffold_341	1	11792	2	192	1.62822	0.0251866	35.8	60
HiC_scaffold_342	1	11769	35	1361	11.5643	0.435041	36.1	40.3
HiC_scaffold_343	1	11768	35	2863	24.3287	0.431084	35.6	53.7
HiC_scaffold_344	1	11552	66	5542	47.9744	0.83492	35.3	59.1
HiC_scaffold_345	1	11294	28	1984	17.5668	0.356295	35.8	48
HiC_scaffold_346	1	11220	91	6999	62.3797	1.18984	35.6	58.8
HiC_scaffold_347	1	11009	906	5690	51.685	11.5428	35.2	42.3
HiC_scaffold_348	1	11007	48	3569	32.4248	0.626601	36.1	52.3
HiC_scaffold_349	1	11000	30	2573	23.3909	0.404	35.7	52.6
HiC_scaffold_350	1	10932	31	1811	16.566	0.409806	35.3	47.5
HiC_scaffold_351	1	10903	54	4290	39.347	0.699165	36	57
HiC_scaffold_352	1	10862	122	7858	72.344	1.61296	35.8	58.7
HiC_scaffold_353	1	10825	19	1783	16.4711	0.23418	35	53
HiC_scaffold_354	1	10780	93	6623	61.4378	1.26855	35.9	54.3
HiC_scaffold_355	1	10606	6	393	3.70545	0.0696775	36.7	50.7
HiC_scaffold_356	1	10316	5	215	2.08414	0.055254	36	60
HiC_scaffold_357	1	10313	70	5843	56.6566	0.983128	35.7	56.4
HiC_scaffold_358	1	10116	39	2226	22.0047	0.561289	35.3	54.1
HiC_scaffold_359	1	9728	970	3657	37.5925	13.8408	35.4	42.3
HiC_scaffold_360	1	9582	27	1686	17.5955	0.410875	35.5	53.2
HiC_scaffold_361	1	9577	48	4275	44.6382	0.723191	36	48.2
HiC_scaffold_362	1	9324	24	2287	24.5281	0.380952	36.1	49.4
HiC_scaffold_363	1	9309	93	6582	70.7058	1.4486	35.9	59.9
HiC_scaffold_364	1	9000	13	1082	12.0222	0.186111	36.3	53.6
HiC_scaffold_365	1	8972	34	2840	31.654	0.55584	35.6	50
HiC_scaffold_366	1	8717	2	219	2.51233	0.0344155	35.7	60
HiC_scaffold_367	1	8598	48	2918	33.9381	0.651314	35.2	48.2
HiC_scaffold_368	1	8517	22	1628	19.1147	0.368087	35.2	49.6
HiC_scaffold_369	1	8159	39	2880	35.2984	0.687339	35.3	55.3
HiC_scaffold_370	1	8000	42	1077	13.4625	0.7485	35.1	39.5
HiC_scaffold_371	1	7755	18	1463	18.8652	0.342102	35.4	53.1
HiC_scaffold_372	1	7349	14	1619	22.0302	0.277589	35.5	52.9
HiC_scaffold_373	1	7312	21	1747	23.8922	0.426833	35.7	56.5
HiC_scaffold_374	1	7226	46	2862	39.607	0.912953	35.7	56.9
HiC_scaffold_375	1	7101	5	749	10.5478	0.105478	35.9	47.6
HiC_scaffold_376	1	7000	92	2698	38.5429	1.875	35.2	38.6
HiC_scaffold_377	1	7000	65	4934	70.4857	1.38057	35.9	54.1
HiC_scaffold_378	1	7000	64	1579	22.5571	1.36843	35.4	40
HiC_scaffold_379	1	6605	34	2242	33.944	0.712188	35.3	53.6
HiC_scaffold_380	1	6537	62	4647	71.0877	1.41563	35.6	57.6
HiC_scaffold_381	1	6484	57	3330	51.3572	1.18476	35.1	59.8
HiC_scaffold_382	1	6459	20	1510	23.3782	0.455024	34.8	54.4
HiC_scaffold_383	1	6245	26	1927	30.8567	0.578703	35.7	49.7
HiC_scaffold_384	1	6125	59	3779	61.698	1.41388	35.2	51.8
HiC_scaffold_385	1	6000	39	2793	46.55	0.913667	35.4	56.6
HiC_scaffold_386	1	6000	30	2000	33.3333	0.714167	36.1	55.9
HiC_scaffold_387	1	6000	59	4166	69.4333	1.42667	36.1	52.9
HiC_scaffold_388	1	5993	16	1629	27.1817	0.399466	36.4	46.1
HiC_scaffold_389	1	5821	52	3970	68.2013	1.29394	36	48.7
HiC_scaffold_390	1	5673	16	1809	31.8879	0.417592	36	46.9
HiC_scaffold_391	1	5000	11	1064	21.28	0.318	34.8	56.4
HiC_scaffold_392	1	5000	31	2007	40.14	0.8812	36.1	53.7
HiC_scaffold_393	1	4994	1957	3993	79.9559	53.3206	35.4	48.3
HiC_scaffold_394	1	4893	54	3620	73.9832	1.64991	35.7	52.5
HiC_scaffold_395	1	4891	37	3024	61.8278	1.06093	35.8	59
HiC_scaffold_396	1	4877	8	710	14.5581	0.240312	36.5	47.9
HiC_scaffold_397	1	4000	10	560	14	0.37325	35.8	39.2
HiC_scaffold_398	1	4000	61	2658	66.45	1.986	35.7	54.3
HiC_scaffold_399	1	4000	40	2697	67.425	1.43725	35.5	53.5
HiC_scaffold_400	1	4000	202	1145	28.625	6.77875	35.3	47.1
HiC_scaffold_401	1	3971	49	3041	76.5802	1.76253	35.9	60
HiC_scaffold_402	1	3919	11	1067	27.2263	0.361827	35.5	48.9
HiC_scaffold_403	1	3281	32	2150	65.5288	1.44864	35.1	58.3
HiC_scaffold_404	1	3264	1	149	4.56495	0.0456495	36.2	59
HiC_scaffold_405	1	3259	41	2450	75.1764	1.75667	36.2	58.6
HiC_scaffold_406	1	3042	5	682	22.4195	0.224195	36.2	46.4
HiC_scaffold_407	1	3035	33	2158	71.1038	1.60099	35.3	60
HiC_scaffold_408	1	3003	9	732	24.3756	0.427239	36.6	45
HiC_scaffold_409	1	3003	11	1153	38.3949	0.549451	35.7	43.6
HiC_scaffold_410	1	3000	21	1812	60.4	0.944333	35.3	53.5
HiC_scaffold_411	1	3000	40	892	29.7333	1.91433	35.7	41.4
HiC_scaffold_412	1	3000	31	2166	72.2	1.36267	36.1	55.7
HiC_scaffold_413	1	3000	30	1977	65.9	1.37233	34.8	57.8
HiC_scaffold_414	1	3000	37	2581	86.0333	1.78433	35.3	54.2
HiC_scaffold_415	1	2897	34	2239	77.2868	1.6455	36.3	54.6
HiC_scaffold_416	1	2563	67	1542	60.1639	3.0991	34.7	46.6
HiC_scaffold_417	1	2259	21	1668	73.838	1.32935	36.1	60
HiC_scaffold_418	1	2125	8	1022	48.0941	0.525176	35.7	50.2
HiC_scaffold_419	1	2021	22	1472	72.8352	1.51608	35.4	60
HiC_scaffold_420	1	2000	25	1533	76.65	1.6505	35.7	60
HiC_scaffold_421	1	2000	5	577	28.85	0.353	36	52
HiC_scaffold_422	1	2000	13	1024	51.2	0.791	36.4	58.9
HiC_scaffold_423	1	1676	12	571	34.0692	1.07399	34.4	49.8
HiC_scaffold_424	1	1484	8	713	48.0458	0.787062	35.1	49.5
HiC_scaffold_425	1	1447	14	765	52.868	1.36558	35.1	58.8
HiC_scaffold_426	1	1382	5	564	40.8104	0.540521	35.8	60
HiC_scaffold_427	1	1353	11	846	62.5277	1.21582	34.4	60
HiC_scaffold_429	1	1175	12	626	53.2766	0.932766	35.3	60
HiC_scaffold_430	1	1138	17	940	82.6011	1.76011	36.3	58.4
HiC_scaffold_431	1	1108	11	808	72.9242	1.26444	35.2	60
HiC_scaffold_432	1	1097	12	837	76.299	1.56882	35.5	60
HiC_scaffold_433	1	1005	28	497	49.4527	3.75224	34.7	44.2
HiC_scaffold_434	1	1000	12	759	75.9	1.575	35.9	60
HiC_scaffold_435	1	1000	20	881	88.1	2.584	35.3	60
HiC_scaffold_436	1	1000	13	698	69.8	1.543	36.2	57.5
HiC_scaffold_437	1	1000	13	742	74.2	1.875	35.7	60
HiC_scaffold_438	1	1000	21	944	94.4	2.889	35.1	60
HiC_scaffold_439	1	1000	18	915	91.5	2.529	36.5	60
HiC_scaffold_440	1	1000	15	895	89.5	1.864	35.4	60
HiC_scaffold_441	1	1000	17	878	87.8	2.273	35.7	60
HiC_scaffold_442	1	1000	16	791	79.1	2.319	35.1	60
HiC_scaffold_443	1	1000	9	757	75.7	1.305	36.4	60
HiC_scaffold_444	1	1000	13	886	88.6	1.748	36.1	60
HiC_scaffold_445	1	1000	11	639	63.9	1.595	35	60
HiC_scaffold_446	1	1000	22	831	83.1	3.026	34.9	44.5
HiC_scaffold_447	1	1000	10	545	54.5	1.481	35.2	60
HiC_scaffold_448	1	1000	13	706	70.6	1.794	35.8	55.9
HiC_scaffold_449	1	1000	11	829	82.9	1.256	35.7	60
HiC_scaffold_450	1	1000	3	343	34.3	0.45	36.5	53
HiC_scaffold_451	1	1000	2	300	30	0.3	35.5	48
HiC_scaffold_452	1	1000	3	332	33.2	0.332	32.4	60
HiC_scaffold_453	1	1000	58	606	60.6	7.313	35.1	44.6
mitochondria	1	17813	57411	17606	98.8379	462.048	35.7	59.3
HiC_scaffold_137	1	27128	0	0	0	0	0	0
HiC_scaffold_219	1	22812	0	0	0	0	0	0
HiC_scaffold_428	1	1184	0	0	0	0	0	0
HiC_scaffold_454	1	2000	0	0	0	0	0	0
