#rname	startpos	endpos	numreads	covbases	coverage	meandepth	meanbaseq	meanmapq
HiC_scaffold_1	1	75050035	667470	50804846	67.6946	1.29629	35.5	59.1
HiC_scaffold_2	1	56816963	508439	38641989	68.0114	1.30375	35.5	59.2
HiC_scaffold_3	1	109611085	938636	72169359	65.8413	1.2493	35.5	58.7
HiC_scaffold_4	1	81599725	718011	54751132	67.0972	1.28294	35.5	59.1
HiC_scaffold_5	1	72353455	652807	49535351	68.463	1.31578	35.5	59.3
HiC_scaffold_6	1	67692486	606358	45896112	67.8009	1.30597	35.5	59.2
HiC_scaffold_7	1	59159807	529917	39921846	67.4814	1.30422	35.5	59
HiC_scaffold_8	1	13479537	61930	6135745	45.519	0.673273	35.5	59.4
HiC_scaffold_9	1	58964884	529901	39989505	67.8192	1.30887	35.5	59.1
HiC_scaffold_10	1	36732878	329491	24755656	67.3937	1.30531	35.5	59
HiC_scaffold_11	1	27384	181	5577	20.3659	0.982691	35.2	43.2
HiC_scaffold_12	1	33592	1066	7575	22.55	4.18897	35.1	46.2
HiC_scaffold_13	1	184337	6351	140152	76.0303	4.7899	35.5	51.3
HiC_scaffold_14	1	85992	1966	43602	50.7047	3.18947	34.8	45.7
HiC_scaffold_15	1	87022	812	26855	30.86	1.27505	35.2	46.8
HiC_scaffold_16	1	89609	3161	9908	11.0569	3.87881	35.6	50.8
HiC_scaffold_17	1	164154	1447	47853	29.1513	1.26577	35.2	48.8
HiC_scaffold_18	1	104921	115	7700	7.33885	0.153096	34.8	43.2
HiC_scaffold_19	1	103720	452	35026	33.7698	0.630611	35.7	47.7
HiC_scaffold_20	1	90353	597	26072	28.8557	0.939681	35.3	50.5
HiC_scaffold_21	1	85252	300	18148	21.2875	0.484904	35.3	46.4
HiC_scaffold_22	1	80500	374	20167	25.0522	0.690671	35.4	48.2
HiC_scaffold_23	1	75743	300	20879	27.5656	0.578905	35.6	53.8
HiC_scaffold_24	1	75592	1764	20186	26.7039	3.28664	35.2	42.7
HiC_scaffold_25	1	72691	1585	35746	49.1753	3.12817	35.4	53.9
HiC_scaffold_26	1	71458	775	34896	48.8343	1.57383	35.6	45.3
HiC_scaffold_27	1	70045	2783	53539	76.4351	5.62698	35.3	52.7
HiC_scaffold_28	1	68558	50	4199	6.12474	0.10626	35.3	49.5
HiC_scaffold_29	1	68222	981	18779	27.5263	2.13167	35.4	44.4
HiC_scaffold_30	1	67017	716	34870	52.0316	1.55562	35.4	45.3
HiC_scaffold_31	1	65972	66	7891	11.9611	0.149291	35.5	44.9
HiC_scaffold_32	1	64000	642	33887	52.9484	1.40489	35.5	50.4
HiC_scaffold_33	1	62684	540	16211	25.8615	1.07243	35.4	41.4
HiC_scaffold_34	1	60035	423	29904	49.8109	0.960756	35.6	56.2
HiC_scaffold_35	1	59483	63	7385	12.4153	0.156835	35.2	48.6
HiC_scaffold_36	1	58601	522	4939	8.42818	1.29223	35.2	42.8
HiC_scaffold_37	1	57907	112	8793	15.1847	0.268741	35.6	48
HiC_scaffold_38	1	57623	265	2767	4.8019	0.622512	35.2	39.1
HiC_scaffold_39	1	56881	736	19553	34.3753	1.44962	35.3	48.7
HiC_scaffold_40	1	56115	545	9487	16.9064	1.22484	35.5	38.9
HiC_scaffold_41	1	55753	687	20888	37.4652	1.77368	35.3	41.6
HiC_scaffold_42	1	55361	114	4698	8.48612	0.285399	35.2	46.4
HiC_scaffold_43	1	55333	595	11796	21.3182	1.54116	35	39.8
HiC_scaffold_44	1	54697	1975	48772	89.1676	5.3142	35.5	55.7
HiC_scaffold_45	1	54079	94	3631	6.71425	0.193624	35.9	44.8
HiC_scaffold_46	1	53000	234	6870	12.9623	0.643679	35.5	40
HiC_scaffold_47	1	52728	1350	16709	31.689	3.61601	34.9	47.3
HiC_scaffold_48	1	52696	289	22420	42.5459	0.81194	35.7	52.7
HiC_scaffold_49	1	52574	100	4942	9.40008	0.28303	35.2	40.9
HiC_scaffold_50	1	52452	37	1188	2.26493	0.0649928	35.4	55.1
HiC_scaffold_51	1	52291	334	7198	13.7653	0.807213	35.3	44.4
HiC_scaffold_52	1	50660	313	26088	51.4962	0.906514	35.5	55.3
HiC_scaffold_53	1	50444	1268	32445	64.3188	3.70335	35.5	55.9
HiC_scaffold_54	1	50000	490	35892	71.784	1.42044	35.5	59.8
HiC_scaffold_55	1	49402	100	6529	13.2161	0.299725	35.3	43.9
HiC_scaffold_56	1	48994	125	5958	12.1607	0.364596	35.4	42.4
HiC_scaffold_57	1	48961	103	5639	11.5173	0.308674	35.1	41.1
HiC_scaffold_58	1	48913	337	21436	43.8248	1.01382	35.7	50.9
HiC_scaffold_59	1	48516	275	11765	24.2497	0.837147	35.5	47.4
HiC_scaffold_60	1	48449	268	22388	46.2094	0.817086	35.7	52.2
HiC_scaffold_61	1	48102	135	7517	15.6272	0.390878	35	48.2
HiC_scaffold_62	1	47095	318	24932	52.9398	0.99329	35.3	56.5
HiC_scaffold_63	1	45946	459	23993	52.22	1.46979	35.2	51.7
HiC_scaffold_64	1	45702	165	6071	13.2839	0.502254	35.2	45.9
HiC_scaffold_65	1	45164	384	11359	25.1506	1.18918	35.2	45.9
HiC_scaffold_66	1	45000	485	7500	16.6667	1.50158	35.4	47.2
HiC_scaffold_67	1	44932	956	11463	25.5119	2.68813	35.4	41
HiC_scaffold_68	1	44535	74	6690	15.0219	0.244437	35.4	45.8
HiC_scaffold_69	1	43359	263	11183	25.7916	0.886967	35.6	42.8
HiC_scaffold_70	1	43000	272	8173	19.007	0.820605	35.5	40.2
HiC_scaffold_71	1	42000	241	12024	28.6286	0.754857	35.7	49.6
HiC_scaffold_72	1	41780	42	1659	3.9708	0.148803	34.8	40.4
HiC_scaffold_73	1	41131	44	4064	9.88063	0.158737	35.7	45.4
HiC_scaffold_74	1	41000	155	12106	29.5268	0.560366	35.5	55.9
HiC_scaffold_75	1	40673	167	4803	11.8088	0.606717	35.7	39.8
HiC_scaffold_76	1	40021	255	6138	15.3369	0.857125	35.5	39.9
HiC_scaffold_77	1	40000	49	3726	9.315	0.1796	35.5	51.4
HiC_scaffold_78	1	39995	108	11621	29.0561	0.3964	35.3	52.2
HiC_scaffold_79	1	39987	32	3440	8.6028	0.119889	36.1	43
HiC_scaffold_80	1	39907	62	4751	11.9052	0.229183	35.3	51.1
HiC_scaffold_81	1	39785	315	6260	15.7346	0.956516	35.3	43.6
HiC_scaffold_82	1	39714	1454	11458	28.8513	5.06464	35.3	45
HiC_scaffold_83	1	39603	93	8640	21.8165	0.34611	35.9	54.6
HiC_scaffold_84	1	39032	1254	22179	56.8226	4.48678	35.3	49.4
HiC_scaffold_85	1	38821	354	7191	18.5235	1.29118	35.5	44.3
HiC_scaffold_86	1	38551	178	4640	12.036	0.572903	34.6	46.9
HiC_scaffold_87	1	38336	281	9005	23.4897	1.08827	35.4	41.6
HiC_scaffold_88	1	38081	259	7076	18.5814	0.952575	35.3	56.5
HiC_scaffold_89	1	37423	96	1356	3.62344	0.347701	35.5	44.8
HiC_scaffold_90	1	37049	408	10514	28.3786	1.63756	35.6	42.6
HiC_scaffold_91	1	37000	347	26857	72.5865	1.36605	35.7	60
HiC_scaffold_92	1	36719	90	4612	12.5603	0.359868	35.5	48.5
HiC_scaffold_93	1	36624	361	8985	24.5331	1.29658	35.4	41.9
HiC_scaffold_94	1	36550	93	3079	8.42408	0.375568	35.9	41.8
HiC_scaffold_95	1	35915	829	16590	46.1924	3.26738	35	43.7
HiC_scaffold_96	1	35569	351	10541	29.6354	1.45093	35.5	46.7
HiC_scaffold_97	1	35569	103	5297	14.8922	0.397172	35	48.1
HiC_scaffold_98	1	35521	204	5004	14.0874	0.672138	35.5	46.6
HiC_scaffold_99	1	35305	524	23266	65.9	1.9964	35.3	57.9
HiC_scaffold_100	1	35285	309	22782	64.5657	1.25821	35.3	56.8
HiC_scaffold_101	1	35090	147	10893	31.043	0.571958	34.9	50.2
HiC_scaffold_102	1	34736	33	3646	10.4963	0.142475	35.9	50
HiC_scaffold_103	1	34662	725	13428	38.7398	2.85136	35.5	41
HiC_scaffold_104	1	34539	100	8468	24.5172	0.422363	35.5	51.1
HiC_scaffold_105	1	34367	38	3342	9.72444	0.160939	35.1	49.7
HiC_scaffold_106	1	34092	7	547	1.60448	0.0249325	33.8	44
HiC_scaffold_107	1	34034	980	29362	86.2726	4.0989	35.4	58.4
HiC_scaffold_108	1	34000	164	4689	13.7912	0.720794	35.4	39.1
HiC_scaffold_109	1	33013	287	11618	35.1922	1.22355	34.9	41.5
HiC_scaffold_110	1	32894	45	2404	7.30832	0.183286	35.6	49
HiC_scaffold_111	1	32703	60	5584	17.0749	0.273492	35.8	52
HiC_scaffold_112	1	32055	86	7209	22.4895	0.391639	35.6	52.1
HiC_scaffold_113	1	31996	200	3997	12.4922	0.640018	35.3	43
HiC_scaffold_114	1	31869	154	6582	20.6533	0.618783	35.6	51.8
HiC_scaffold_115	1	31497	227	9088	28.8535	1.00679	35.1	42.9
HiC_scaffold_116	1	31452	139	11204	35.6225	0.648417	35.7	57.3
HiC_scaffold_117	1	31435	110	10709	34.0671	0.519039	35.8	50.5
HiC_scaffold_118	1	31168	181	14583	46.7884	0.83021	35.2	57.6
HiC_scaffold_119	1	31094	51	4278	13.7583	0.237473	35.2	45.9
HiC_scaffold_120	1	31000	131	9340	30.129	0.625419	35.5	45.9
HiC_scaffold_121	1	30892	35	2728	8.83077	0.169558	35.6	41.3
HiC_scaffold_122	1	30671	267	6024	19.6407	1.29464	35.8	38.2
HiC_scaffold_123	1	30159	283	21520	71.3552	1.36294	35.3	60
HiC_scaffold_124	1	30112	12	1662	5.51939	0.0597768	36.2	40.5
HiC_scaffold_125	1	30000	108	2731	9.10333	0.533767	35.5	39.6
HiC_scaffold_126	1	30000	47	4011	13.37	0.225333	35.2	48.5
HiC_scaffold_127	1	29632	306	5282	17.8253	1.36579	35.2	44.2
HiC_scaffold_128	1	29216	105	7867	26.927	0.527588	35.7	50.4
HiC_scaffold_129	1	29000	34	2785	9.60345	0.155138	35.4	56.7
HiC_scaffold_130	1	28743	12	1145	3.98358	0.062276	35.8	56.2
HiC_scaffold_131	1	28267	564	9443	33.4064	2.94888	35.7	39.3
HiC_scaffold_132	1	28006	273	6530	23.3164	1.43309	35.3	40.8
HiC_scaffold_133	1	27859	119	10235	36.7386	0.627015	35.5	53.8
HiC_scaffold_134	1	27837	276	19137	68.7466	1.41373	35.4	59.9
HiC_scaffold_135	1	27503	134	5217	18.9688	0.718213	35.7	41.4
HiC_scaffold_136	1	27405	291	20408	74.4682	1.56917	35.5	60
HiC_scaffold_137	1	27128	8	1200	4.42347	0.0442347	35.7	39.9
HiC_scaffold_138	1	27000	88	7680	28.4444	0.476852	35.8	53.4
HiC_scaffold_139	1	26958	35	2568	9.52593	0.181245	34.4	46.3
HiC_scaffold_140	1	26822	47	2107	7.85549	0.249944	35.8	43
HiC_scaffold_141	1	26714	397	6613	24.7548	2.08101	35.2	44.4
HiC_scaffold_142	1	26597	131	7568	28.4543	0.665526	35.3	46.8
HiC_scaffold_143	1	26526	42	2534	9.55289	0.185705	35.4	52.3
HiC_scaffold_144	1	26403	156	4006	15.1725	0.883839	35.4	41.3
HiC_scaffold_145	1	26321	368	12121	46.0507	2.05722	35	42.8
HiC_scaffold_146	1	26302	227	3531	13.4248	1.129	34.7	38.5
HiC_scaffold_147	1	26228	68	4273	16.2917	0.385466	35.6	48.6
HiC_scaffold_148	1	26220	384	5279	20.1335	2.17189	35.5	39.2
HiC_scaffold_149	1	26169	63	6363	24.315	0.351294	35.4	48.5
HiC_scaffold_150	1	26140	234	18457	70.6083	1.31672	35.6	60
HiC_scaffold_151	1	25970	74	4940	19.0219	0.424644	35.7	41.5
HiC_scaffold_152	1	25914	52	3007	11.6038	0.26804	35.1	48.7
HiC_scaffold_153	1	25756	14	1933	7.50505	0.0797096	35.8	42.9
HiC_scaffold_154	1	25701	36	4220	16.4196	0.209136	35.5	50.4
HiC_scaffold_155	1	25484	301	9046	35.4968	1.73195	35	42.9
HiC_scaffold_156	1	25347	1561	13897	54.827	8.4715	35	44.7
HiC_scaffold_157	1	25300	168	6632	26.2134	0.981383	35.3	43.9
HiC_scaffold_158	1	25137	567	10508	41.8029	3.24633	35.3	41
HiC_scaffold_159	1	25068	38	2575	10.2721	0.22052	35.4	47
HiC_scaffold_160	1	25021	152	12050	48.1595	0.872347	35.5	56.5
HiC_scaffold_161	1	25021	26	2300	9.19228	0.155469	35.6	49.8
HiC_scaffold_162	1	25013	505	1755	7.01635	2.3401	35.4	44.2
HiC_scaffold_163	1	25000	8	925	3.7	0.04772	35.8	34
HiC_scaffold_164	1	25000	15	460	1.84	0.08588	35.4	33.7
HiC_scaffold_165	1	25000	18	1096	4.384	0.10688	35.9	41.2
HiC_scaffold_166	1	25000	163	3116	12.464	0.94912	35.1	38.2
HiC_scaffold_167	1	25000	205	15899	63.596	1.17432	35.2	59
HiC_scaffold_168	1	25000	207	17521	70.084	1.2008	35.3	60
HiC_scaffold_169	1	25000	262	18756	75.024	1.50788	35.5	59.6
HiC_scaffold_170	1	25000	264	18671	74.684	1.53612	35.6	59.7
HiC_scaffold_171	1	25000	210	17567	70.268	1.23864	35.5	60
HiC_scaffold_172	1	25000	255	18659	74.636	1.4816	35.4	59.8
HiC_scaffold_173	1	25000	210	15861	63.444	1.21312	35.3	59.9
HiC_scaffold_174	1	25000	317	19534	78.136	1.82616	35.3	59.7
HiC_scaffold_175	1	25000	281	18935	75.74	1.62624	35.2	60
HiC_scaffold_176	1	25000	270	19210	76.84	1.58988	35.5	58.9
HiC_scaffold_177	1	25000	270	18539	74.156	1.55668	35.6	59.3
HiC_scaffold_178	1	25000	257	19636	78.544	1.5002	35.2	59.5
HiC_scaffold_179	1	25000	271	19302	77.208	1.58392	35.6	59.7
HiC_scaffold_180	1	25000	195	13750	55	1.13156	35.4	57.6
HiC_scaffold_181	1	25000	264	19111	76.444	1.55596	35.5	59.9
HiC_scaffold_182	1	25000	210	15904	63.616	1.21376	35.5	60
HiC_scaffold_183	1	25000	102	4065	16.26	0.59996	35.2	43
HiC_scaffold_184	1	25000	207	16972	67.888	1.21412	35.3	60
HiC_scaffold_185	1	25000	361	20493	81.972	2.07856	35.3	59.8
HiC_scaffold_186	1	25000	246	19080	76.32	1.45184	35.4	59.9
HiC_scaffold_187	1	25000	14	1247	4.988	0.0822	33.9	50.1
HiC_scaffold_188	1	24887	148	3603	14.4774	0.842287	35.2	44.4
HiC_scaffold_189	1	24881	611	11830	47.5463	2.90692	35.4	42
HiC_scaffold_190	1	24860	171	12931	52.0153	1.01199	35.4	56.4
HiC_scaffold_191	1	24785	112	9609	38.7694	0.671818	35.6	49
HiC_scaffold_192	1	24606	4	315	1.28018	0.0231651	36.3	50
HiC_scaffold_193	1	24582	163	2973	12.0942	0.97726	35.2	43.5
HiC_scaffold_194	1	24552	500	13307	54.1993	2.85044	35.1	44.1
HiC_scaffold_195	1	24515	87	7178	29.28	0.51854	35.4	52.1
HiC_scaffold_196	1	24429	91	5189	21.2411	0.509067	35	52.5
HiC_scaffold_197	1	24404	81	5756	23.5863	0.488485	35.1	57.9
HiC_scaffold_198	1	24065	170	13502	56.1064	1.04455	35.4	56.1
HiC_scaffold_199	1	24034	45	4403	18.3199	0.278605	35.6	49
HiC_scaffold_200	1	24000	29	1043	4.34583	0.172917	35.5	45.1
HiC_scaffold_201	1	24000	626	4673	19.4708	3.86192	35.5	46.2
HiC_scaffold_202	1	23940	334	4587	19.1604	1.9543	35.1	39.3
HiC_scaffold_203	1	23878	67	2000	8.37591	0.418754	35.8	35.2
HiC_scaffold_204	1	23813	52	5025	21.1019	0.304498	35.7	53.5
HiC_scaffold_205	1	23764	37	3529	14.8502	0.22513	35.6	53.2
HiC_scaffold_206	1	23660	18	1624	6.86391	0.113271	35.6	45.8
HiC_scaffold_207	1	23581	153	14351	60.8583	0.961367	35.6	55
HiC_scaffold_208	1	23490	45	2691	11.4559	0.253129	35.6	42.3
HiC_scaffold_209	1	23453	133	10427	44.4591	0.825651	35.8	55.9
HiC_scaffold_210	1	23041	44	3204	13.9056	0.274945	36.1	58.2
HiC_scaffold_211	1	23000	461	3302	14.3565	2.99217	35.6	39.8
HiC_scaffold_212	1	23000	73	6901	30.0043	0.467565	35.7	48.9
HiC_scaffold_213	1	23000	23	2417	10.5087	0.143957	34.2	44.8
HiC_scaffold_214	1	23000	136	5153	22.4043	0.860957	35.6	40.8
HiC_scaffold_215	1	23000	64	3741	16.2652	0.39487	35.6	48.6
HiC_scaffold_216	1	22979	13	1029	4.478	0.0838592	36.1	43.8
HiC_scaffold_217	1	22964	76	2411	10.499	0.492336	35.5	40.1
HiC_scaffold_218	1	22956	77	7390	32.192	0.498693	35.7	49.5
HiC_scaffold_220	1	22604	112	9130	40.3911	0.724208	35.4	50.4
HiC_scaffold_221	1	22426	10	1111	4.95407	0.0668421	35.3	47.6
HiC_scaffold_222	1	22303	222	10633	47.6752	1.4698	35.5	47.9
HiC_scaffold_223	1	22199	51	3783	17.0413	0.339835	35.5	48.3
HiC_scaffold_224	1	22128	3	412	1.86189	0.0198391	33.8	52
HiC_scaffold_225	1	22127	4	593	2.67998	0.0267998	36.7	37.2
HiC_scaffold_226	1	21688	67	4620	21.3021	0.444439	35.8	53.7
HiC_scaffold_227	1	21648	103	7870	36.3544	0.695261	35.8	54.8
HiC_scaffold_228	1	21608	159	9043	41.8502	0.973713	35.4	52.5
HiC_scaffold_229	1	21598	18	1070	4.95416	0.124826	35.2	34.9
HiC_scaffold_230	1	21510	17	924	4.29568	0.112087	35.4	55.5
HiC_scaffold_231	1	21437	36	2313	10.7898	0.246443	35.7	39.8
HiC_scaffold_232	1	21282	123	10653	50.0564	0.85866	35.8	49.4
HiC_scaffold_233	1	20959	143	4193	20.0057	0.83296	35.3	40.6
HiC_scaffold_234	1	20824	14	1355	6.50692	0.0970515	36	53.6
HiC_scaffold_235	1	20622	32	2963	14.3682	0.224178	35.9	53.3
HiC_scaffold_236	1	20377	59	4329	21.2445	0.428768	35.9	47.7
HiC_scaffold_237	1	20369	72	6107	29.9818	0.524817	35.2	49.6
HiC_scaffold_238	1	20340	25	2099	10.3196	0.169272	34.9	48.9
HiC_scaffold_239	1	20281	29	1225	6.04014	0.205759	35	44.6
HiC_scaffold_240	1	20166	26	2355	11.6781	0.187593	36	47
HiC_scaffold_241	1	20140	132	7416	36.8222	0.949404	35.2	49.5
HiC_scaffold_242	1	20135	175	12238	60.7797	1.22518	35.8	59.8
HiC_scaffold_243	1	20122	12	1522	7.56386	0.0892555	35.4	51.7
HiC_scaffold_244	1	20044	67	2973	14.8324	0.495211	35.3	42.2
HiC_scaffold_245	1	20021	27	1790	8.94061	0.194196	35.3	57.1
HiC_scaffold_246	1	20000	34	2396	11.98	0.2364	35.2	55.6
HiC_scaffold_247	1	20000	35	3043	15.215	0.25545	35.5	52.1
HiC_scaffold_248	1	19739	390	8534	43.2342	2.8504	35.4	43.8
HiC_scaffold_249	1	19737	2	189	0.957592	0.0135786	32.8	50
HiC_scaffold_250	1	19724	15	1433	7.26526	0.108092	35.2	52.1
HiC_scaffold_251	1	19667	24	1392	7.07785	0.171251	34.7	37.1
HiC_scaffold_252	1	19649	38	3716	18.9119	0.288004	35.5	52.2
HiC_scaffold_253	1	19394	24	2726	14.0559	0.182428	35.6	52.8
HiC_scaffold_254	1	19304	47	3249	16.8307	0.341276	35	50.8
HiC_scaffold_255	1	19231	20	1668	8.6735	0.153034	35.5	46.6
HiC_scaffold_256	1	19176	60	5132	26.7626	0.45437	35.8	48.8
HiC_scaffold_257	1	19156	1028	6932	36.1871	7.38056	35.2	43.7
HiC_scaffold_258	1	19143	30	962	5.02534	0.211827	35.3	48.6
HiC_scaffold_259	1	19058	24	3030	15.8988	0.188635	36.1	49.4
HiC_scaffold_260	1	19000	92	4287	22.5632	0.706	35.6	45.3
HiC_scaffold_261	1	18934	18	1498	7.91169	0.13452	36	43
HiC_scaffold_262	1	18930	611	8556	45.1981	4.71484	35.5	44
HiC_scaffold_263	1	18729	161	12401	66.2128	1.22511	35.6	58.5
HiC_scaffold_264	1	18528	30	2236	12.0682	0.209575	35.9	58.7
HiC_scaffold_265	1	18283	41	2238	12.2409	0.316852	35.8	44.7
HiC_scaffold_266	1	18272	43	865	4.73402	0.24699	35.8	45.2
HiC_scaffold_267	1	18066	19	1795	9.93579	0.155762	35.7	43.3
HiC_scaffold_268	1	18044	37	2591	14.3593	0.306418	35.5	43.1
HiC_scaffold_269	1	18026	46	4120	22.8559	0.381283	35.9	57.2
HiC_scaffold_270	1	18000	63	3991	22.1722	0.507333	35.7	45.9
HiC_scaffold_271	1	18000	77	6077	33.7611	0.632611	35	49.5
HiC_scaffold_272	1	18000	67	2459	13.6611	0.543667	35.3	40
HiC_scaffold_273	1	17971	131	5698	31.7066	1.08542	35.7	45.9
HiC_scaffold_274	1	17888	31	2864	16.0107	0.248435	35.5	42.8
HiC_scaffold_275	1	17782	24	2143	12.0515	0.196716	35.5	47.9
HiC_scaffold_276	1	17690	36	4089	23.1148	0.298813	35.3	49.1
HiC_scaffold_277	1	17675	24	2295	12.9844	0.203395	35.4	42.2
HiC_scaffold_278	1	17531	6	254	1.44886	0.0256688	35.7	60
HiC_scaffold_279	1	17508	265	2343	13.3825	1.25326	35.4	47.5
HiC_scaffold_280	1	17420	53	4791	27.5029	0.449885	35.8	51.5
HiC_scaffold_281	1	17399	24	1911	10.9834	0.204437	35.4	57.7
HiC_scaffold_282	1	17398	69	5395	31.0093	0.580756	35.6	50.8
HiC_scaffold_283	1	17257	952	7633	44.2313	6.70742	35.1	51.1
HiC_scaffold_284	1	17224	164	12489	72.5093	1.41065	35.6	53.6
HiC_scaffold_285	1	17131	46	3732	21.7851	0.398167	35.8	50.2
HiC_scaffold_286	1	17073	34	2806	16.4353	0.290107	35.8	52.9
HiC_scaffold_287	1	17000	31	2379	13.9941	0.269529	34.4	43.8
HiC_scaffold_288	1	16908	9	392	2.31843	0.0557133	36.4	58.4
HiC_scaffold_289	1	16758	106	2765	16.4996	0.844373	35.3	45.3
HiC_scaffold_290	1	16602	126	3213	19.3531	1.03897	35.3	42.2
HiC_scaffold_291	1	16449	142	832	5.05806	0.969542	34.9	45.3
HiC_scaffold_292	1	16346	34	2023	12.3761	0.255169	35.6	55.9
HiC_scaffold_293	1	16263	287	1295	7.96286	2.42477	35.3	43.1
HiC_scaffold_294	1	16061	92	6631	41.2863	0.805865	35.7	49.2
HiC_scaffold_295	1	16000	7	597	3.73125	0.0614375	34.3	60
HiC_scaffold_296	1	16000	41	3299	20.6187	0.377312	36.1	51.3
HiC_scaffold_297	1	16000	28	2671	16.6938	0.259937	35.7	56.1
HiC_scaffold_298	1	16000	41	2735	17.0938	0.37525	35.8	43.5
HiC_scaffold_299	1	16000	37	2749	17.1812	0.343375	35.5	41.8
HiC_scaffold_300	1	15603	66	4161	26.6679	0.621675	35.3	52.7
HiC_scaffold_301	1	15565	7	741	4.76068	0.0522968	33.7	50.9
HiC_scaffold_302	1	15554	95	3023	19.4355	0.910505	35.2	41.5
HiC_scaffold_303	1	15467	127	7351	47.527	1.20431	36	46.7
HiC_scaffold_304	1	15433	27	2378	15.4085	0.253936	35	41.2
HiC_scaffold_305	1	15221	41	2395	15.7348	0.39728	35.6	47.1
HiC_scaffold_306	1	15208	11	883	5.80615	0.0885718	35.2	60
HiC_scaffold_307	1	15128	17	993	6.56399	0.153358	34.7	60
HiC_scaffold_308	1	15037	35	3053	20.3033	0.343154	36.4	54.5
HiC_scaffold_309	1	15027	52	3778	25.1414	0.510681	35.8	52.8
HiC_scaffold_310	1	15014	63	5371	35.7733	0.607899	35.6	59.7
HiC_scaffold_311	1	15000	96	8168	54.4533	0.9428	35.5	51
HiC_scaffold_312	1	14886	106	8384	56.3214	1.06153	35.4	50.3
HiC_scaffold_313	1	14872	43	2054	13.8112	0.424758	35	41.4
HiC_scaffold_314	1	14743	25	1825	12.3788	0.249067	34.8	58.4
HiC_scaffold_315	1	14719	22	1036	7.03852	0.215028	34.4	43.1
HiC_scaffold_316	1	14619	57	4664	31.9037	0.556536	35.3	51.5
HiC_scaffold_317	1	14567	12	1344	9.22633	0.123155	34.7	48
HiC_scaffold_318	1	14553	16	1528	10.4996	0.164159	36	48.4
HiC_scaffold_319	1	14548	138	7118	48.9277	1.38974	35.9	49.8
HiC_scaffold_320	1	14465	40	2981	20.6084	0.402212	35.3	49.9
HiC_scaffold_321	1	14408	57	5096	35.3692	0.571141	34.1	47.7
HiC_scaffold_322	1	14386	22	2320	16.1268	0.224107	35.4	47.2
HiC_scaffold_323	1	14298	168	5251	36.7254	1.35599	34.7	47.9
HiC_scaffold_324	1	14091	95	6110	43.361	0.988007	35.6	49.1
HiC_scaffold_325	1	14000	30	2406	17.1857	0.313286	35.3	48
HiC_scaffold_326	1	14000	46	2632	18.8	0.491929	35.8	43.7
HiC_scaffold_327	1	13966	61	5088	36.4313	0.652585	35.3	44.5
HiC_scaffold_328	1	13312	130	10336	77.6442	1.43908	35.7	60
HiC_scaffold_329	1	13309	78	6715	50.4546	0.867233	35	50
HiC_scaffold_330	1	13245	50	4812	36.3307	0.557418	36.2	56
HiC_scaffold_331	1	13138	106	8896	67.712	1.17316	35.2	59.5
HiC_scaffold_332	1	13083	4	545	4.16571	0.0457082	36.5	40.5
HiC_scaffold_333	1	13000	31	2431	18.7	0.347	35.1	46.9
HiC_scaffold_334	1	13000	36	3270	25.1538	0.394846	35.4	54.8
HiC_scaffold_335	1	13000	32	2073	15.9462	0.338692	35.4	53.8
HiC_scaffold_336	1	12527	288	5831	46.5475	3.32961	35.5	39.4
HiC_scaffold_337	1	12325	9	1079	8.75456	0.109533	33.9	49.8
HiC_scaffold_338	1	12210	6	588	4.81572	0.0660934	35.4	52
HiC_scaffold_339	1	12140	84	7061	58.1631	1.00132	35.2	56.3
HiC_scaffold_340	1	12103	73	3305	27.3073	0.884987	35.2	48.6
HiC_scaffold_341	1	11792	6	339	2.87483	0.0558853	35.5	60
HiC_scaffold_342	1	11769	56	1391	11.8192	0.693942	35.4	39.4
HiC_scaffold_343	1	11768	45	4225	35.9024	0.544528	35.3	51.4
HiC_scaffold_344	1	11552	115	8068	69.8407	1.47031	35.1	58.1
HiC_scaffold_345	1	11294	51	2656	23.5169	0.65734	35.7	49.3
HiC_scaffold_346	1	11220	83	6021	53.6631	1.05508	35.4	59
HiC_scaffold_347	1	11009	1381	6533	59.3424	17.761	35	41.8
HiC_scaffold_348	1	11007	63	5294	48.0967	0.849732	35.1	50.5
HiC_scaffold_349	1	11000	33	2778	25.2545	0.446364	36	56.8
HiC_scaffold_350	1	10932	84	3085	28.2199	1.12834	36.1	44.2
HiC_scaffold_351	1	10903	77	4993	45.7947	1.02375	34.9	56.4
HiC_scaffold_352	1	10862	92	7325	67.4369	1.20714	35.4	57
HiC_scaffold_353	1	10825	16	1355	12.5173	0.217829	35.1	55
HiC_scaffold_354	1	10780	81	6488	60.1855	1.08562	35	54.4
HiC_scaffold_355	1	10606	2	300	2.82859	0.0282859	35.5	60
HiC_scaffold_356	1	10316	8	495	4.79837	0.106243	34.5	60
HiC_scaffold_357	1	10313	74	6737	65.3253	1.05886	35.2	58
HiC_scaffold_358	1	10116	27	1972	19.4939	0.38711	34.7	47.9
HiC_scaffold_359	1	9728	766	3939	40.4914	10.8131	35.3	40.9
HiC_scaffold_360	1	9582	33	1226	12.7948	0.510645	34.6	53.5
HiC_scaffold_361	1	9577	66	5126	53.5241	1.01441	36.1	49.1
HiC_scaffold_362	1	9324	34	3070	32.9258	0.540219	35.9	46.4
HiC_scaffold_363	1	9309	86	6594	70.8347	1.34708	35.6	59.1
HiC_scaffold_364	1	9000	22	1635	18.1667	0.339111	36	50.8
HiC_scaffold_365	1	8972	23	2108	23.4953	0.372604	35.9	50.2
HiC_scaffold_366	1	8717	4	419	4.8067	0.0593094	33.5	50
HiC_scaffold_367	1	8598	29	2729	31.7399	0.443475	34.6	47.6
HiC_scaffold_368	1	8517	30	2663	31.2669	0.493601	35.9	49.3
HiC_scaffold_369	1	8159	26	2912	35.6906	0.44883	35.2	49.9
HiC_scaffold_370	1	8000	12	920	11.5	0.21175	36.2	43.3
HiC_scaffold_371	1	7755	14	1722	22.205	0.258672	35.9	50.4
HiC_scaffold_372	1	7349	23	2371	32.2629	0.444142	35.5	55.8
HiC_scaffold_373	1	7312	53	4204	57.4945	1.05115	35.7	50.5
HiC_scaffold_374	1	7226	31	2331	32.2585	0.629255	35.4	54.3
HiC_scaffold_375	1	7101	6	773	10.8858	0.126461	36.4	56.8
HiC_scaffold_376	1	7000	89	2803	40.0429	1.89129	35.3	36.5
HiC_scaffold_377	1	7000	42	3060	43.7143	0.863	35	56
HiC_scaffold_378	1	7000	83	2062	29.4571	1.77671	35.8	40.7
HiC_scaffold_379	1	6605	42	2949	44.648	0.85299	35.1	50.1
HiC_scaffold_380	1	6537	65	4367	66.8043	1.44638	35.7	58.2
HiC_scaffold_381	1	6484	64	3917	60.4102	1.37415	35.7	59.7
HiC_scaffold_382	1	6459	19	1719	26.614	0.439387	36.5	54.2
HiC_scaffold_383	1	6245	16	1232	19.7278	0.381906	35.8	45.1
HiC_scaffold_384	1	6125	47	3968	64.7837	1.14563	35.8	49.9
HiC_scaffold_385	1	6000	52	4127	68.7833	1.27333	36.1	54.5
HiC_scaffold_386	1	6000	28	1967	32.7833	0.67	36	57.9
HiC_scaffold_387	1	6000	65	4825	80.4167	1.619	35.5	49
HiC_scaffold_388	1	5993	14	1503	25.0793	0.339062	36.4	43.8
HiC_scaffold_389	1	5821	32	2876	49.4073	0.819275	35.8	52.2
HiC_scaffold_390	1	5673	37	3126	55.1031	0.974793	34.7	47.5
HiC_scaffold_391	1	5000	8	926	18.52	0.2218	33.9	57.5
HiC_scaffold_392	1	5000	26	1990	39.8	0.7718	35.5	56.7
HiC_scaffold_393	1	4994	3061	4283	85.7629	83.3164	35.2	46.9
HiC_scaffold_394	1	4893	63	4295	87.7785	1.92234	35.4	51.6
HiC_scaffold_395	1	4891	44	3189	65.2014	1.24862	35.2	59.5
HiC_scaffold_396	1	4877	4	527	10.8058	0.122001	33.3	42.5
HiC_scaffold_397	1	4000	15	1119	27.975	0.54275	35.8	48.7
HiC_scaffold_398	1	4000	35	2201	55.025	1.25275	35.5	54.8
HiC_scaffold_399	1	4000	39	2860	71.5	1.453	34.9	51.8
HiC_scaffold_400	1	4000	325	1008	25.2	10.783	35.1	47.6
HiC_scaffold_401	1	3971	40	3069	77.2853	1.43893	35	59.5
HiC_scaffold_402	1	3919	16	663	16.9176	0.58816	35.2	51.6
HiC_scaffold_403	1	3281	18	1669	50.8686	0.812252	35.6	58.9
HiC_scaffold_404	1	3264	5	482	14.7672	0.22886	35	53.6
HiC_scaffold_405	1	3259	40	2819	86.4989	1.80638	35.1	60
HiC_scaffold_406	1	3042	13	1174	38.593	0.639053	36.1	50
HiC_scaffold_407	1	3035	22	1686	55.5519	1.02043	34.7	60
HiC_scaffold_408	1	3003	4	477	15.8841	0.199134	35.6	47.5
HiC_scaffold_409	1	3003	21	1671	55.6444	1.0373	35.5	51.6
HiC_scaffold_410	1	3000	21	1681	56.0333	0.931	35.8	56.3
HiC_scaffold_411	1	3000	44	1356	45.2	2.097	34.9	45
HiC_scaffold_412	1	3000	37	2493	83.1	1.81767	35.4	58.4
HiC_scaffold_413	1	3000	30	2120	70.6667	1.46733	35.7	59.3
HiC_scaffold_414	1	3000	22	1857	61.9	1.08967	35.2	52.8
HiC_scaffold_415	1	2897	24	1893	65.3435	1.24128	35	53.8
HiC_scaffold_416	1	2563	122	1621	63.2462	5.42489	35.2	48.6
HiC_scaffold_417	1	2259	24	1572	69.5883	1.38291	36.4	60
HiC_scaffold_418	1	2125	4	451	21.2235	0.280941	36	54
HiC_scaffold_419	1	2021	13	1393	68.9263	0.952994	35	60
HiC_scaffold_420	1	2000	21	1532	76.6	1.5495	35	60
HiC_scaffold_421	1	2000	14	1228	61.4	0.9985	35	52.4
HiC_scaffold_422	1	2000	8	1019	50.95	0.566	34.2	60
HiC_scaffold_425	1	1447	10	666	46.0263	1.00207	35.8	59.8
HiC_scaffold_427	1	1353	8	872	64.4494	0.856615	35.6	60
HiC_scaffold_429	1	1175	17	892	75.9149	2.01532	35.2	60
HiC_scaffold_430	1	1138	25	1009	88.6643	2.58172	36.1	57.9
HiC_scaffold_431	1	1108	7	656	59.2058	0.74639	35.3	60
HiC_scaffold_432	1	1097	19	958	87.3291	2.25889	35.7	60
HiC_scaffold_433	1	1005	90	735	73.1343	12.1055	35.3	44.9
HiC_scaffold_434	1	1000	8	720	72	1.085	36.5	57.1
HiC_scaffold_435	1	1000	15	933	93.3	1.971	34.6	60
HiC_scaffold_436	1	1000	10	489	48.9	0.977	36.4	58.5
HiC_scaffold_437	1	1000	10	740	74	1.27	35.5	60
HiC_scaffold_438	1	1000	11	818	81.8	1.4	34.3	60
HiC_scaffold_439	1	1000	10	752	75.2	1.362	34.7	60
HiC_scaffold_440	1	1000	8	691	69.1	1.126	35.9	60
HiC_scaffold_441	1	1000	3	225	22.5	0.337	36	60
HiC_scaffold_442	1	1000	4	466	46.6	0.6	36	60
HiC_scaffold_443	1	1000	13	888	88.8	1.87	34.8	60
HiC_scaffold_444	1	1000	11	683	68.3	1.316	35.8	56.8
HiC_scaffold_445	1	1000	8	554	55.4	0.936	35.6	55
HiC_scaffold_446	1	1000	22	950	95	3	35.6	46.5
HiC_scaffold_447	1	1000	15	845	84.5	2.151	35.8	60
HiC_scaffold_448	1	1000	8	697	69.7	0.911	32.6	48.5
HiC_scaffold_449	1	1000	6	545	54.5	0.806	35.9	60
HiC_scaffold_450	1	1000	2	299	29.9	0.299	36.3	35
HiC_scaffold_451	1	1000	3	344	34.4	0.45	36.6	52.3
HiC_scaffold_452	1	1000	9	746	74.6	1.348	36	60
HiC_scaffold_453	1	1000	65	696	69.6	8.151	35.3	45.6
mitochondria	1	17813	20237	17435	97.878	164.107	35.4	59.4
HiC_scaffold_219	1	22812	0	0	0	0	0	0
HiC_scaffold_423	1	1676	0	0	0	0	0	0
HiC_scaffold_424	1	1484	0	0	0	0	0	0
HiC_scaffold_426	1	1382	0	0	0	0	0	0
HiC_scaffold_428	1	1184	0	0	0	0	0	0
HiC_scaffold_454	1	2000	0	0	0	0	0	0
