#rname	startpos	endpos	numreads	covbases	coverage	meandepth	meanbaseq	meanmapq
HiC_scaffold_1	1	75050035	1024008	60643304	80.8038	1.98309	35.6	59.1
HiC_scaffold_2	1	56816963	778355	46037168	81.0272	1.98996	35.6	59.2
HiC_scaffold_3	1	109611085	1437254	86388664	78.8138	1.90732	35.6	58.8
HiC_scaffold_4	1	81599725	1101886	65404312	80.1526	1.96282	35.6	59.1
HiC_scaffold_5	1	72353455	997108	58951359	81.4769	2.00374	35.6	59.3
HiC_scaffold_6	1	67692486	928786	54749832	80.8802	1.99363	35.6	59.2
HiC_scaffold_7	1	59159807	809499	47532187	80.3454	1.98634	35.6	59
HiC_scaffold_8	1	13479537	94236	8008786	59.4144	1.01994	35.5	59.4
HiC_scaffold_9	1	58964884	812115	47677837	80.858	2.00049	35.6	59.1
HiC_scaffold_10	1	36732878	503001	29442356	80.1526	1.98656	35.5	59
HiC_scaffold_11	1	27384	211	6545	23.9008	1.14644	35.5	43.7
HiC_scaffold_12	1	33592	4797	8785	26.1521	19.1053	35.1	46.2
HiC_scaffold_13	1	184337	8838	146556	79.5044	6.66901	35.5	52.2
HiC_scaffold_14	1	85992	2765	48220	56.075	4.46512	35.1	46.1
HiC_scaffold_15	1	87022	1341	31708	36.4368	2.12216	35.3	46.8
HiC_scaffold_16	1	89609	3996	11001	12.2767	4.85469	35.7	50.7
HiC_scaffold_17	1	164154	2027	56540	34.4433	1.75296	35.4	49.9
HiC_scaffold_18	1	104921	660	50129	47.7779	0.915231	35.4	53.3
HiC_scaffold_19	1	103720	595	35747	34.4649	0.821982	35.5	48.8
HiC_scaffold_20	1	90353	866	37199	41.1707	1.37197	35.4	49.6
HiC_scaffold_21	1	85252	467	27481	32.235	0.76519	35.6	47.5
HiC_scaffold_22	1	80500	613	25284	31.4087	1.12166	35.5	47.7
HiC_scaffold_23	1	75743	484	25156	33.2123	0.93606	35.5	53.6
HiC_scaffold_24	1	75592	1723	20630	27.2912	3.21859	35.4	42.8
HiC_scaffold_25	1	72691	1766	35705	49.1189	3.45039	35.5	53.8
HiC_scaffold_26	1	71458	897	43184	60.4327	1.82139	35.6	47.9
HiC_scaffold_27	1	70045	3301	55587	79.359	6.60495	35.3	51.8
HiC_scaffold_28	1	68558	73	3623	5.28458	0.156729	35.6	55.6
HiC_scaffold_29	1	68222	1057	21374	31.3301	2.29342	35.4	44.7
HiC_scaffold_30	1	67017	993	38317	57.175	2.15953	35.4	45.8
HiC_scaffold_31	1	65972	118	12132	18.3896	0.264976	35.8	47.7
HiC_scaffold_32	1	64000	814	35371	55.2672	1.74003	35.6	50
HiC_scaffold_33	1	62684	812	20190	32.2092	1.64589	35.4	43.2
HiC_scaffold_34	1	60035	538	32377	53.9302	1.26066	35.4	56
HiC_scaffold_35	1	59483	121	10690	17.9715	0.296673	35.4	50.3
HiC_scaffold_36	1	58601	2089	6440	10.9896	5.23099	35.2	50
HiC_scaffold_37	1	57907	238	12753	22.0232	0.560761	35.5	47.4
HiC_scaffold_38	1	57623	328	3267	5.66961	0.776183	35.4	38.5
HiC_scaffold_39	1	56881	928	23616	41.5183	1.80482	35.4	50.3
HiC_scaffold_40	1	56115	720	12532	22.3327	1.64917	35.6	39.5
HiC_scaffold_41	1	55753	644	23616	42.3583	1.64784	35.3	41.2
HiC_scaffold_42	1	55361	84	3196	5.77302	0.204187	35.2	44
HiC_scaffold_43	1	55333	777	11122	20.1001	2.00322	35	39.7
HiC_scaffold_44	1	54697	2115	47458	86.7653	5.67958	35.6	55.8
HiC_scaffold_45	1	54079	142	5540	10.2443	0.299932	35.5	47.4
HiC_scaffold_46	1	53000	257	7162	13.5132	0.715302	35.2	39.7
HiC_scaffold_47	1	52728	2174	21952	41.6325	5.8082	35.1	46.1
HiC_scaffold_48	1	52696	453	30019	56.9664	1.25577	35.4	54
HiC_scaffold_49	1	52574	124	4907	9.33351	0.340796	35.4	39.7
HiC_scaffold_50	1	52452	43	1029	1.96179	0.0429345	35.7	51.8
HiC_scaffold_51	1	52291	189	6434	12.3042	0.498059	35.5	45
HiC_scaffold_52	1	50660	507	32663	64.4749	1.47669	35.6	57.3
HiC_scaffold_53	1	50444	1575	33918	67.2389	4.59371	35.6	56.3
HiC_scaffold_54	1	50000	720	42476	84.952	2.12238	35.5	59.9
HiC_scaffold_55	1	49402	119	5958	12.0602	0.350168	35.3	45.2
HiC_scaffold_56	1	48994	221	7489	15.2855	0.649161	35.2	43.3
HiC_scaffold_57	1	48961	121	6888	14.0683	0.360634	35.6	42.7
HiC_scaffold_58	1	48913	110	7645	15.6298	0.332877	35.5	49.9
HiC_scaffold_59	1	48516	533	14728	30.357	1.62122	35.6	48
HiC_scaffold_60	1	48449	457	31072	64.1334	1.37668	35.6	53.5
HiC_scaffold_61	1	48102	251	8906	18.5148	0.739512	35.2	48.5
HiC_scaffold_62	1	47095	590	36143	76.7449	1.84631	35.8	56.8
HiC_scaffold_63	1	45946	629	26924	58.5992	2.01356	35.5	53.6
HiC_scaffold_64	1	45702	222	6340	13.8725	0.658483	35.2	46.7
HiC_scaffold_65	1	45164	461	11472	25.4008	1.3981	35.1	45
HiC_scaffold_66	1	45000	891	8433	18.74	2.79369	35.2	47.3
HiC_scaffold_67	1	44932	831	10338	23.0081	2.29736	35.3	40.4
HiC_scaffold_68	1	44535	62	5131	11.5213	0.200359	35.6	43.1
HiC_scaffold_69	1	43359	487	14868	34.2905	1.62497	35.5	43.4
HiC_scaffold_70	1	43000	423	9674	22.4977	1.25677	35.5	41.3
HiC_scaffold_71	1	42000	353	14250	33.9286	1.09633	35.7	48.4
HiC_scaffold_72	1	41780	44	3246	7.76927	0.156534	34.5	39.8
HiC_scaffold_73	1	41131	147	6446	15.6719	0.520435	35.4	45.3
HiC_scaffold_74	1	41000	215	13776	33.6	0.778415	35.7	54.6
HiC_scaffold_75	1	40673	242	5833	14.3412	0.877831	35.6	41.6
HiC_scaffold_76	1	40021	268	5927	14.8097	0.921591	35.2	38.8
HiC_scaffold_77	1	40000	104	6182	15.455	0.380825	35.4	43.2
HiC_scaffold_78	1	39995	194	17374	43.4404	0.714339	35.6	52.9
HiC_scaffold_79	1	39987	30	2883	7.20984	0.110661	35.4	42.7
HiC_scaffold_80	1	39907	74	4378	10.9705	0.256421	35.6	54.7
HiC_scaffold_81	1	39785	461	7635	19.1906	1.42642	35.2	43.7
HiC_scaffold_82	1	39714	1474	11893	29.9466	5.22393	35.2	44
HiC_scaffold_83	1	39603	120	10961	27.6772	0.448325	35.7	52.9
HiC_scaffold_84	1	39032	1530	25438	65.1722	5.47699	35.3	48.9
HiC_scaffold_85	1	38821	459	12297	31.6762	1.71018	35.4	42.5
HiC_scaffold_86	1	38551	392	4651	12.0645	1.32077	35.3	47.4
HiC_scaffold_87	1	38336	250	8227	21.4602	0.964107	35.7	43.3
HiC_scaffold_88	1	38081	263	6727	17.665	0.979281	35.3	57.1
HiC_scaffold_89	1	37423	174	2121	5.66764	0.650456	35.3	45.4
HiC_scaffold_90	1	37049	521	11509	31.0643	2.08189	35.7	43.2
HiC_scaffold_91	1	37000	601	32296	87.2865	2.35235	35.6	59.9
HiC_scaffold_92	1	36719	158	5515	15.0195	0.634549	35.4	47.9
HiC_scaffold_93	1	36624	537	8465	23.1133	1.96983	35.4	39.4
HiC_scaffold_94	1	36550	178	4226	11.5622	0.720274	35.8	40.9
HiC_scaffold_95	1	35915	1109	17649	49.141	4.30336	35.1	44.6
HiC_scaffold_96	1	35569	384	11415	32.0926	1.5843	35.7	48
HiC_scaffold_97	1	35569	146	6944	19.5226	0.56479	35.1	45.8
HiC_scaffold_98	1	35521	262	6998	19.701	0.825624	35.5	49.1
HiC_scaffold_99	1	35305	1127	27685	78.4167	4.20816	35.5	57.7
HiC_scaffold_100	1	35285	423	25209	71.444	1.73127	35.7	58.6
HiC_scaffold_101	1	35090	311	14397	41.0288	1.13616	34.7	50.7
HiC_scaffold_102	1	34736	57	5599	16.1187	0.242947	35.6	51.4
HiC_scaffold_103	1	34662	1213	16845	48.5979	4.899	35.4	42.4
HiC_scaffold_104	1	34539	142	11806	34.1816	0.610296	35.5	48.9
HiC_scaffold_105	1	34367	85	5798	16.8708	0.358629	35.6	49.7
HiC_scaffold_106	1	34092	9	462	1.35516	0.0384841	36.4	54.2
HiC_scaffold_107	1	34034	1261	27752	81.542	5.3044	35.5	58.5
HiC_scaffold_108	1	34000	149	4085	12.0147	0.644	35.6	39.3
HiC_scaffold_109	1	33013	340	12338	37.3732	1.41532	34.8	44
HiC_scaffold_110	1	32894	48	2754	8.37235	0.202651	34.8	48.5
HiC_scaffold_111	1	32703	102	8515	26.0374	0.462251	36.1	48.5
HiC_scaffold_112	1	32055	138	8933	27.8677	0.602246	35.4	53.8
HiC_scaffold_113	1	31996	269	4004	12.5141	0.828385	35.6	43.4
HiC_scaffold_114	1	31869	272	8269	25.9468	1.05523	35.7	50.8
HiC_scaffold_115	1	31497	351	11863	37.6639	1.57694	35.4	44.4
HiC_scaffold_116	1	31452	197	14621	46.4867	0.909735	35.8	55.7
HiC_scaffold_117	1	31435	163	14194	45.1535	0.76717	35.4	48
HiC_scaffold_118	1	31168	309	18716	60.0488	1.43843	35.4	56.7
HiC_scaffold_119	1	31094	109	4913	15.8005	0.516723	35.7	48.3
HiC_scaffold_120	1	31000	118	8296	26.7613	0.565839	35.9	47.2
HiC_scaffold_121	1	30892	81	3781	12.2394	0.389842	35.6	45.5
HiC_scaffold_122	1	30671	462	6779	22.1023	2.24828	35.5	38.1
HiC_scaffold_123	1	30159	431	24696	81.886	2.05292	35.6	59.9
HiC_scaffold_124	1	30112	18	1958	6.50239	0.0894992	34.6	40.7
HiC_scaffold_125	1	30000	117	2985	9.95	0.578167	36	38.2
HiC_scaffold_126	1	30000	56	3792	12.64	0.263033	35.7	47.4
HiC_scaffold_127	1	29632	332	4591	15.4934	1.49291	35.2	42.3
HiC_scaffold_128	1	29216	132	11081	37.9278	0.677266	35.8	48.6
HiC_scaffold_129	1	29000	46	2305	7.94828	0.233931	35.7	52.2
HiC_scaffold_130	1	28743	8	661	2.29969	0.0404272	35.5	52.5
HiC_scaffold_131	1	28267	572	8942	31.6341	2.99243	35.7	40.5
HiC_scaffold_132	1	28006	319	6039	21.5632	1.69221	35.4	41.2
HiC_scaffold_133	1	27859	164	13460	48.3147	0.859435	35.4	55.3
HiC_scaffold_134	1	27837	459	23456	84.262	2.34695	35.6	59.8
HiC_scaffold_135	1	27503	289	6185	22.4885	1.56405	35.6	38.9
HiC_scaffold_136	1	27405	435	24540	89.5457	2.2778	35.5	59.9
HiC_scaffold_137	1	27128	6	900	3.31761	0.0331761	35.3	39.7
HiC_scaffold_138	1	27000	128	10232	37.8963	0.685519	35.7	51.8
HiC_scaffold_139	1	26958	63	4282	15.884	0.334335	35.6	47.4
HiC_scaffold_140	1	26822	59	2544	9.48475	0.304489	35.4	37.3
HiC_scaffold_141	1	26714	492	11060	41.4015	2.59531	35.4	44
HiC_scaffold_142	1	26597	372	12758	47.9678	1.92277	35.3	46.8
HiC_scaffold_143	1	26526	27	1909	7.19671	0.123011	35.5	53
HiC_scaffold_144	1	26403	182	4257	16.1232	1.0256	35.4	42.7
HiC_scaffold_145	1	26321	556	13770	52.3156	3.11846	35.4	42.5
HiC_scaffold_146	1	26302	200	2774	10.5467	0.960763	34.8	39.6
HiC_scaffold_147	1	26228	77	5200	19.8261	0.423631	35.8	55.8
HiC_scaffold_148	1	26220	453	5140	19.6034	2.55435	35.6	38.7
HiC_scaffold_149	1	26169	51	5555	21.2274	0.287401	35.3	47.4
HiC_scaffold_150	1	26140	360	21835	83.531	1.99836	35.6	59.6
HiC_scaffold_151	1	25970	110	6122	23.5734	0.609164	35.5	39.2
HiC_scaffold_152	1	25914	86	3382	13.0509	0.426912	34.9	43.9
HiC_scaffold_153	1	25756	15	2098	8.14567	0.0865818	35.5	47.5
HiC_scaffold_154	1	25701	129	9544	37.1347	0.739621	35.1	53.9
HiC_scaffold_155	1	25484	537	11258	44.1767	3.0715	35.3	42.8
HiC_scaffold_156	1	25347	1703	13743	54.2194	9.33783	34.9	43.7
HiC_scaffold_157	1	25300	233	7879	31.1423	1.36447	35.5	46.6
HiC_scaffold_158	1	25137	584	10738	42.7179	3.33636	35.4	41.6
HiC_scaffold_159	1	25068	63	3232	12.8929	0.35312	35.2	45.1
HiC_scaffold_160	1	25021	300	17308	69.1739	1.73794	35.6	55.7
HiC_scaffold_161	1	25021	21	1863	7.44575	0.125535	36.3	51
HiC_scaffold_162	1	25013	690	1948	7.78795	3.237	35.1	42.7
HiC_scaffold_163	1	25000	12	1018	4.072	0.07152	35.3	33.8
HiC_scaffold_164	1	25000	4	304	1.216	0.02152	35.5	39.5
HiC_scaffold_165	1	25000	34	1816	7.264	0.20344	35.4	38
HiC_scaffold_166	1	25000	138	3227	12.908	0.80076	34.7	37.7
HiC_scaffold_167	1	25000	428	21355	85.42	2.40236	35.4	58.5
HiC_scaffold_168	1	25000	429	22649	90.596	2.5146	35.3	59.8
HiC_scaffold_169	1	25000	369	21132	84.528	2.12732	35.3	59.1
HiC_scaffold_170	1	25000	358	20798	83.192	2.04432	35.5	59.9
HiC_scaffold_171	1	25000	349	21013	84.052	2.03424	35.5	59.9
HiC_scaffold_172	1	25000	393	22364	89.456	2.28108	35.6	59.8
HiC_scaffold_173	1	25000	338	20597	82.388	1.95752	35.3	59.8
HiC_scaffold_174	1	25000	357	20892	83.568	2.07464	35.3	59.9
HiC_scaffold_175	1	25000	408	22641	90.564	2.34976	35.5	59.9
HiC_scaffold_176	1	25000	309	19482	77.928	1.82652	35.1	59.4
HiC_scaffold_177	1	25000	419	21531	86.124	2.41836	35.4	59.8
HiC_scaffold_178	1	25000	410	21835	87.34	2.31116	35.4	58.8
HiC_scaffold_179	1	25000	361	20451	81.804	2.11988	35.4	59.8
HiC_scaffold_180	1	25000	359	18024	72.096	2.08948	35.6	56.5
HiC_scaffold_181	1	25000	368	21243	84.972	2.12332	35.7	60
HiC_scaffold_182	1	25000	395	21796	87.184	2.30304	35.6	60
HiC_scaffold_183	1	25000	127	4383	17.532	0.75368	35.6	43.5
HiC_scaffold_184	1	25000	360	20585	82.34	2.10364	35.9	59.9
HiC_scaffold_185	1	25000	559	23459	93.836	3.21816	35.5	59.8
HiC_scaffold_186	1	25000	390	21913	87.652	2.27748	35.7	59.9
HiC_scaffold_187	1	25000	16	1296	5.184	0.09472	34.7	53.7
HiC_scaffold_188	1	24887	222	5062	20.3399	1.22317	35.4	42.9
HiC_scaffold_189	1	24881	712	15900	63.9042	3.58233	35.4	43.8
HiC_scaffold_190	1	24860	237	14876	59.8391	1.39566	35.4	56.5
HiC_scaffold_191	1	24785	209	12478	50.345	1.23974	35.5	48.3
HiC_scaffold_192	1	24606	39	2245	9.12379	0.234333	35.4	46.5
HiC_scaffold_193	1	24582	236	3127	12.7207	1.36498	35.2	45.8
HiC_scaffold_194	1	24552	1107	16754	68.2388	6.3337	35	46.3
HiC_scaffold_195	1	24515	114	7013	28.607	0.678442	35.3	51.8
HiC_scaffold_196	1	24429	124	5448	22.3014	0.655696	35.4	52.1
HiC_scaffold_197	1	24404	108	5846	23.9551	0.638133	35.8	53
HiC_scaffold_198	1	24065	293	17323	71.9842	1.7983	35.4	56.4
HiC_scaffold_199	1	24034	87	6747	28.0727	0.529791	35.3	48.8
HiC_scaffold_200	1	24000	23	1571	6.54583	0.127083	35.6	45.2
HiC_scaffold_201	1	24000	849	4644	19.35	5.24646	35.5	46.2
HiC_scaffold_202	1	23940	383	4505	18.8179	2.22055	35.2	39.3
HiC_scaffold_203	1	23878	81	2120	8.87847	0.469679	35.8	39.1
HiC_scaffold_204	1	23813	76	5828	24.474	0.453786	35.4	54.1
HiC_scaffold_205	1	23764	57	5309	22.3405	0.344176	35.7	51.9
HiC_scaffold_206	1	23660	20	1839	7.77261	0.126205	33.7	45.5
HiC_scaffold_207	1	23581	274	18737	79.458	1.71833	35.7	53.7
HiC_scaffold_208	1	23490	65	2732	11.6305	0.390038	35.9	40.7
HiC_scaffold_209	1	23453	135	9619	41.0139	0.837164	35.3	54.9
HiC_scaffold_210	1	23041	78	4004	17.3777	0.497331	34.7	58.1
HiC_scaffold_211	1	23000	476	3633	15.7957	3.076	35.8	39
HiC_scaffold_212	1	23000	157	9598	41.7304	0.994217	35.8	47.4
HiC_scaffold_213	1	23000	40	2940	12.7826	0.242217	35	46.5
HiC_scaffold_214	1	23000	219	7093	30.8391	1.411	35.8	39.8
HiC_scaffold_215	1	23000	139	4644	20.1913	0.859652	35.8	53.5
HiC_scaffold_216	1	22979	5	687	2.98969	0.0299839	36.6	47.2
HiC_scaffold_217	1	22964	210	3558	15.4938	1.35638	35.5	41
HiC_scaffold_218	1	22956	107	8535	37.1798	0.696811	35.5	50.8
HiC_scaffold_220	1	22604	132	10396	45.9919	0.844231	35.6	51.7
HiC_scaffold_221	1	22426	19	1511	6.73772	0.126505	34.8	52.9
HiC_scaffold_222	1	22303	207	9981	44.7518	1.36148	36	47.6
HiC_scaffold_223	1	22199	107	5026	22.6407	0.717149	35.4	50
HiC_scaffold_224	1	22128	4	478	2.16016	0.0243131	34.7	56.8
HiC_scaffold_225	1	22127	12	898	4.05839	0.0811226	36.3	38.8
HiC_scaffold_226	1	21688	160	8187	37.749	1.08069	35.7	51
HiC_scaffold_227	1	21648	192	10218	47.2007	1.26658	35.8	54
HiC_scaffold_228	1	21608	199	11310	52.3417	1.25194	35.7	52.6
HiC_scaffold_229	1	21598	22	1676	7.75998	0.152051	35.5	38.6
HiC_scaffold_230	1	21510	39	1878	8.73082	0.25444	35.5	52.1
HiC_scaffold_231	1	21437	53	3151	14.6989	0.366283	35.7	43.2
HiC_scaffold_232	1	21282	173	13266	62.3344	1.21116	35.7	49.8
HiC_scaffold_233	1	20959	189	5500	26.2417	1.1012	35.1	40.7
HiC_scaffold_234	1	20824	23	1618	7.76988	0.156646	36	49.9
HiC_scaffold_235	1	20622	46	3528	17.1079	0.333721	34.9	55.3
HiC_scaffold_236	1	20377	54	4032	19.787	0.39363	35.6	46.9
HiC_scaffold_237	1	20369	136	9559	46.9292	0.993372	35.8	49.2
HiC_scaffold_238	1	20340	35	2508	12.3304	0.248181	35.4	50.4
HiC_scaffold_239	1	20281	35	1524	7.51442	0.242197	34.8	44.7
HiC_scaffold_240	1	20166	24	1880	9.32262	0.1687	35.9	51.7
HiC_scaffold_241	1	20140	217	9049	44.9305	1.54196	35.5	49.1
HiC_scaffold_242	1	20135	264	15208	75.5302	1.84659	35.9	59.6
HiC_scaffold_243	1	20122	30	2657	13.2045	0.211261	34.4	48.1
HiC_scaffold_244	1	20044	34	1332	6.64538	0.242117	36	45.1
HiC_scaffold_245	1	20021	32	1721	8.59597	0.217771	35.1	59
HiC_scaffold_246	1	20000	50	2077	10.385	0.36515	35.7	55.8
HiC_scaffold_247	1	20000	88	5388	26.94	0.608	35.9	48.3
HiC_scaffold_248	1	19739	448	9525	48.2547	3.35321	35.4	43.3
HiC_scaffold_249	1	19737	134	11455	58.0382	0.994376	35.6	56.2
HiC_scaffold_250	1	19724	29	1453	7.36666	0.216488	34.9	52.3
HiC_scaffold_251	1	19667	80	1500	7.62699	0.594295	34.9	38.4
HiC_scaffold_252	1	19649	83	6685	34.0221	0.626597	35.8	50.6
HiC_scaffold_253	1	19394	34	3810	19.6453	0.253377	34.7	46.5
HiC_scaffold_254	1	19304	47	2816	14.5877	0.338738	35.6	52.8
HiC_scaffold_255	1	19231	41	3390	17.6278	0.310176	35.9	45.4
HiC_scaffold_256	1	19176	116	6710	34.9917	0.893252	35.3	48.6
HiC_scaffold_257	1	19156	2281	8298	43.318	16.6129	35.2	43.6
HiC_scaffold_258	1	19143	69	1180	6.16413	0.487541	35.1	44.6
HiC_scaffold_259	1	19058	38	3922	20.5793	0.283713	35.7	47.8
HiC_scaffold_260	1	19000	181	5146	27.0842	1.38542	35.6	44.2
HiC_scaffold_261	1	18934	31	2719	14.3604	0.236981	35.6	53.1
HiC_scaffold_262	1	18930	474	7518	39.7147	3.61078	35.2	43.5
HiC_scaffold_263	1	18729	311	16645	88.8729	2.38512	35.5	58.1
HiC_scaffold_264	1	18528	41	2396	12.9318	0.282114	35.5	59
HiC_scaffold_265	1	18283	44	2399	13.1215	0.359296	34.7	42.6
HiC_scaffold_266	1	18272	40	1340	7.33363	0.237522	35.3	45
HiC_scaffold_267	1	18066	20	2086	11.5466	0.163567	35.3	48.4
HiC_scaffold_268	1	18044	80	4394	24.3516	0.616438	35.9	41.8
HiC_scaffold_269	1	18026	101	5280	29.291	0.815655	35.2	55.1
HiC_scaffold_270	1	18000	244	7258	40.3222	1.97172	35.3	45.9
HiC_scaffold_271	1	18000	100	7471	41.5056	0.814333	35.7	49.3
HiC_scaffold_272	1	18000	109	3569	19.8278	0.886833	35.7	41.1
HiC_scaffold_273	1	17971	241	7307	40.66	1.98798	35.7	46
HiC_scaffold_274	1	17888	53	4074	22.775	0.438115	35	42.3
HiC_scaffold_275	1	17782	39	3410	19.1767	0.311101	35.2	54.6
HiC_scaffold_276	1	17690	50	4651	26.2917	0.416733	34.9	50.2
HiC_scaffold_277	1	17675	31	2157	12.2037	0.251711	35.3	45.9
HiC_scaffold_278	1	17531	3	202	1.15224	0.0196224	36.9	60
HiC_scaffold_279	1	17508	400	2943	16.8095	1.95533	35.3	48.1
HiC_scaffold_280	1	17420	82	5657	32.4742	0.7	35.2	52.3
HiC_scaffold_281	1	17399	45	2202	12.6559	0.385827	35.2	54.7
HiC_scaffold_282	1	17398	56	5300	30.4633	0.464421	35.5	51.3
HiC_scaffold_283	1	17257	1589	7922	45.906	11.2383	35	51.2
HiC_scaffold_284	1	17224	269	15123	87.8019	2.30574	35.5	54.2
HiC_scaffold_285	1	17131	104	7676	44.8077	0.896445	35.2	49.5
HiC_scaffold_286	1	17073	77	5051	29.5847	0.653429	36.1	48.9
HiC_scaffold_287	1	17000	54	3410	20.0588	0.451294	35.8	45.4
HiC_scaffold_288	1	16908	34	1593	9.42158	0.250296	35.3	51.4
HiC_scaffold_289	1	16758	100	2391	14.2678	0.752655	35.1	43.9
HiC_scaffold_290	1	16602	121	4676	28.1653	0.969221	35.3	42.9
HiC_scaffold_291	1	16449	181	419	2.54727	1.19278	34.9	45
HiC_scaffold_292	1	16346	44	2462	15.0618	0.387128	35.8	58.3
HiC_scaffold_293	1	16263	514	1382	8.49782	4.3021	35.2	42.6
HiC_scaffold_294	1	16061	120	8215	51.1487	1.06488	36	49.4
HiC_scaffold_295	1	16000	12	724	4.525	0.096375	33.9	60
HiC_scaffold_296	1	16000	64	4748	29.675	0.57125	35.4	52.1
HiC_scaffold_297	1	16000	37	2648	16.55	0.301563	35.9	57.3
HiC_scaffold_298	1	16000	43	3495	21.8438	0.4	34.9	44.7
HiC_scaffold_299	1	16000	54	3069	19.1812	0.497688	34.9	43.7
HiC_scaffold_300	1	15603	99	4605	29.5136	0.922964	35.5	47.6
HiC_scaffold_301	1	15565	6	697	4.478	0.0562801	34.5	55.5
HiC_scaffold_302	1	15554	242	3216	20.6764	2.29742	35.6	38.4
HiC_scaffold_303	1	15467	221	9113	58.919	2.08819	35.4	46.3
HiC_scaffold_304	1	15433	30	2135	13.834	0.275578	35.8	39.2
HiC_scaffold_305	1	15221	33	2117	13.9084	0.322646	34.6	45
HiC_scaffold_306	1	15208	19	1116	7.33824	0.177341	34.8	59.3
HiC_scaffold_307	1	15128	22	1163	7.68773	0.191565	35.5	52.8
HiC_scaffold_308	1	15037	58	5341	35.5191	0.55656	36.1	53.1
HiC_scaffold_309	1	15027	95	4938	32.8609	0.93718	35.7	51.9
HiC_scaffold_310	1	15014	91	7064	47.0494	0.882443	35.3	58.5
HiC_scaffold_311	1	15000	111	8024	53.4933	1.0914	35.7	50.9
HiC_scaffold_312	1	14886	140	9642	64.7723	1.40568	36.1	50
HiC_scaffold_313	1	14872	71	2810	18.8946	0.711068	35.4	43.7
HiC_scaffold_314	1	14743	41	2384	16.1704	0.413417	36.1	58.5
HiC_scaffold_315	1	14719	33	1560	10.5985	0.304776	35.8	54.2
HiC_scaffold_316	1	14619	73	5824	39.8386	0.707778	35.3	51.6
HiC_scaffold_317	1	14567	19	2193	15.0546	0.195648	35.6	49.7
HiC_scaffold_318	1	14553	10	978	6.72026	0.102453	36.1	44.1
HiC_scaffold_319	1	14548	253	8631	59.3277	2.54104	35.7	48
HiC_scaffold_320	1	14465	111	4919	34.0062	1.13073	35.3	47
HiC_scaffold_321	1	14408	77	5816	40.3665	0.778526	35.5	51.9
HiC_scaffold_322	1	14386	36	2276	15.8209	0.373419	36	46.6
HiC_scaffold_323	1	14298	447	9465	66.1981	3.86802	34.4	45.6
HiC_scaffold_324	1	14091	186	7275	51.6287	1.96076	35.5	49.5
HiC_scaffold_325	1	14000	70	4161	29.7214	0.726929	34.9	49
HiC_scaffold_326	1	14000	93	3529	25.2071	0.973643	35.4	46.1
HiC_scaffold_327	1	13966	88	5418	38.7942	0.901833	36.1	47.8
HiC_scaffold_328	1	13312	211	11428	85.8474	2.27359	35.5	59.9
HiC_scaffold_329	1	13309	91	7023	52.7688	1.00579	35.6	49.6
HiC_scaffold_330	1	13245	109	7282	54.9792	1.22265	35.8	53.5
HiC_scaffold_331	1	13138	227	12109	92.1678	2.53775	35.7	59.5
HiC_scaffold_332	1	13083	6	585	4.47145	0.0687916	35.6	44
HiC_scaffold_333	1	13000	67	3194	24.5692	0.749231	35.9	46.4
HiC_scaffold_334	1	13000	62	4042	31.0923	0.692231	35.6	53.8
HiC_scaffold_335	1	13000	66	3899	29.9923	0.726846	35.7	52.6
HiC_scaffold_336	1	12527	379	6560	52.3669	4.44161	35.3	40
HiC_scaffold_337	1	12325	19	1933	15.6836	0.231075	36	46.7
HiC_scaffold_338	1	12210	18	1635	13.3907	0.210811	34.9	49.8
HiC_scaffold_339	1	12140	126	8389	69.1021	1.51606	35.7	57.7
HiC_scaffold_340	1	12103	142	3585	29.6208	1.72784	34.8	49
HiC_scaffold_341	1	11792	12	379	3.21404	0.108633	34.3	56.1
HiC_scaffold_342	1	11769	106	1256	10.6721	1.33852	35.9	38.1
HiC_scaffold_343	1	11768	77	4722	40.1258	0.843474	35.8	53.5
HiC_scaffold_344	1	11552	168	9042	78.2722	2.1102	35.2	57.4
HiC_scaffold_345	1	11294	48	2406	21.3033	0.59297	36	54.3
HiC_scaffold_346	1	11220	123	8612	76.7558	1.60419	35.3	58.4
HiC_scaffold_347	1	11009	1319	6512	59.1516	16.9825	35.1	41.9
HiC_scaffold_348	1	11007	74	5095	46.2887	0.982102	35.6	51.6
HiC_scaffold_349	1	11000	102	7898	71.8	1.35545	35.7	56
HiC_scaffold_350	1	10932	42	2587	23.6645	0.571076	35.2	41.4
HiC_scaffold_351	1	10903	116	5782	53.0313	1.53756	35.2	55
HiC_scaffold_352	1	10862	136	7923	72.9424	1.78954	35.9	58.6
HiC_scaffold_353	1	10825	59	4604	42.5312	0.759169	36.1	54.7
HiC_scaffold_354	1	10780	104	7928	73.5436	1.38683	35.7	53.5
HiC_scaffold_355	1	10606	7	688	6.48689	0.0990006	34.4	60
HiC_scaffold_356	1	10316	8	601	5.8259	0.0860799	36.2	60
HiC_scaffold_357	1	10313	119	7701	74.6727	1.71037	35.4	57.7
HiC_scaffold_358	1	10116	47	2782	27.501	0.684955	35.5	49
HiC_scaffold_359	1	9728	1217	3723	38.271	17.0335	35.3	41
HiC_scaffold_360	1	9582	88	2744	28.637	1.34106	35.2	51.6
HiC_scaffold_361	1	9577	32	3340	34.8752	0.474992	35.9	48.3
HiC_scaffold_362	1	9324	35	2792	29.9442	0.559738	35	45.6
HiC_scaffold_363	1	9309	132	8238	88.495	2.05006	35.5	60
HiC_scaffold_364	1	9000	25	2078	23.0889	0.373333	34.7	50
HiC_scaffold_365	1	8972	20	1797	20.029	0.329469	36.1	54.1
HiC_scaffold_366	1	8717	10	815	9.34955	0.167948	33.7	48.6
HiC_scaffold_367	1	8598	61	3371	39.2068	0.926262	34.6	47.9
HiC_scaffold_368	1	8517	30	1949	22.8836	0.516614	35.9	49.5
HiC_scaffold_369	1	8159	43	3783	46.366	0.782571	35	50.3
HiC_scaffold_370	1	8000	20	1132	14.15	0.35375	35.9	38.5
HiC_scaffold_371	1	7755	20	2156	27.8014	0.367247	35.9	51.2
HiC_scaffold_372	1	7349	28	2323	31.6097	0.538985	34.9	56.5
HiC_scaffold_373	1	7312	64	4695	64.2095	1.23728	35.6	50.8
HiC_scaffold_374	1	7226	20	1942	26.8752	0.410185	36.2	56.4
HiC_scaffold_375	1	7101	8	796	11.2097	0.155049	35.3	56
HiC_scaffold_376	1	7000	97	3854	55.0571	1.90457	35.7	43.8
HiC_scaffold_377	1	7000	56	4158	59.4	1.18814	35.7	56.3
HiC_scaffold_378	1	7000	117	2518	35.9714	2.506	35.6	40.5
HiC_scaffold_379	1	6605	93	3876	58.6828	1.88569	35.2	52.2
HiC_scaffold_380	1	6537	90	5276	80.7098	1.99266	36	56.8
HiC_scaffold_381	1	6484	76	3639	56.1228	1.60765	35.6	58.6
HiC_scaffold_382	1	6459	62	3324	51.4631	1.37839	35	52.9
HiC_scaffold_383	1	6245	15	1247	19.968	0.342354	36	49.1
HiC_scaffold_384	1	6125	73	4306	70.302	1.7871	35.4	50.6
HiC_scaffold_385	1	6000	83	4936	82.2667	1.9695	35.4	55.1
HiC_scaffold_386	1	6000	9	969	16.15	0.208333	36.5	58.7
HiC_scaffold_387	1	6000	66	3930	65.5	1.62883	35.6	49
HiC_scaffold_388	1	5993	42	2345	39.129	0.936259	35.1	48.5
HiC_scaffold_389	1	5821	76	4954	85.1057	1.91101	36	50
HiC_scaffold_390	1	5673	74	4508	79.4641	1.93584	35.6	51.2
HiC_scaffold_391	1	5000	30	1566	31.32	0.8426	35	57.9
HiC_scaffold_392	1	5000	26	2014	40.28	0.7708	35.1	53
HiC_scaffold_393	1	4994	3288	4274	85.5827	88.4307	35.1	47.3
HiC_scaffold_394	1	4893	42	3722	76.0679	1.25485	35.7	52.4
HiC_scaffold_395	1	4891	55	3666	74.954	1.53547	35.3	57.7
HiC_scaffold_396	1	4877	14	1357	27.8245	0.430593	35.3	44.1
HiC_scaffold_397	1	4000	13	880	22	0.46175	35.3	52.3
HiC_scaffold_398	1	4000	76	3010	75.25	2.615	35.4	50.9
HiC_scaffold_399	1	4000	15	1563	39.075	0.56175	35.9	52.9
HiC_scaffold_400	1	4000	292	1264	31.6	9.05625	35	46.9
HiC_scaffold_401	1	3971	61	3519	88.6175	2.24754	35.9	59.7
HiC_scaffold_402	1	3919	14	1242	31.6918	0.461597	35.2	49.6
HiC_scaffold_403	1	3281	43	2509	76.4706	1.85523	35.7	57.6
HiC_scaffold_405	1	3259	35	2263	69.4385	1.57594	34.8	60
HiC_scaffold_406	1	3042	14	1432	47.0743	0.68902	36.4	52.9
HiC_scaffold_407	1	3035	43	2401	79.1104	2.08336	36.3	60
HiC_scaffold_408	1	3003	2	110	3.663	0.0732601	32.2	60
HiC_scaffold_409	1	3003	13	1309	43.5897	0.649351	35.6	48.9
HiC_scaffold_410	1	3000	32	1968	65.6	1.568	35.8	58.1
HiC_scaffold_411	1	3000	40	1370	45.6667	1.89967	35.5	45.5
HiC_scaffold_412	1	3000	32	2354	78.4667	1.56667	35.6	60
HiC_scaffold_413	1	3000	60	2895	96.5	2.82467	35.5	59.1
HiC_scaffold_414	1	3000	37	2322	77.4	1.845	35.2	54.3
HiC_scaffold_415	1	2897	35	2406	83.0514	1.73352	36.2	53.6
HiC_scaffold_416	1	2563	100	2030	79.2041	4.74795	34.9	47.9
HiC_scaffold_417	1	2259	43	2105	93.1828	2.67331	35.5	59
HiC_scaffold_418	1	2125	8	855	40.2353	0.513882	36.3	58.5
HiC_scaffold_419	1	2021	30	1594	78.8718	2.01089	35.1	59.3
HiC_scaffold_420	1	2000	35	1699	84.95	2.4955	35.2	60
HiC_scaffold_421	1	2000	11	930	46.5	0.759	34.7	52.9
HiC_scaffold_422	1	2000	24	1628	81.4	1.65	36	60
HiC_scaffold_423	1	1676	1	147	8.77088	0.0877088	36.6	60
HiC_scaffold_424	1	1484	5	555	37.3989	0.483154	33	50.2
HiC_scaffold_425	1	1447	12	1098	75.8811	1.16862	36.4	58.3
HiC_scaffold_426	1	1382	7	722	52.2431	0.735166	36.1	56.1
HiC_scaffold_427	1	1353	18	1067	78.8618	1.67554	35.8	58.8
HiC_scaffold_428	1	1184	10	860	72.6351	1.26605	36.6	49.9
HiC_scaffold_429	1	1175	19	1114	94.8085	2.31404	35.9	60
HiC_scaffold_430	1	1138	25	1114	97.891	2.56854	35.8	58.4
HiC_scaffold_431	1	1108	17	935	84.3863	1.88628	34.7	60
HiC_scaffold_432	1	1097	36	1021	93.072	4.57794	35.8	57.9
HiC_scaffold_433	1	1005	67	630	62.6866	8.96119	35.2	43.7
HiC_scaffold_434	1	1000	11	888	88.8	1.61	35.9	54.3
HiC_scaffold_435	1	1000	15	890	89	2.089	34.2	60
HiC_scaffold_436	1	1000	14	832	83.2	1.497	36.6	59.4
HiC_scaffold_437	1	1000	10	777	77.7	1.466	36.6	60
HiC_scaffold_438	1	1000	22	1000	100	3.187	35.8	60
HiC_scaffold_439	1	1000	20	747	74.7	2.207	36.3	60
HiC_scaffold_440	1	1000	12	575	57.5	1.727	34.9	60
HiC_scaffold_441	1	1000	12	725	72.5	1.431	34.2	58.3
HiC_scaffold_442	1	1000	16	864	86.4	2.324	35.9	60
HiC_scaffold_443	1	1000	16	776	77.6	1.837	35.7	60
HiC_scaffold_444	1	1000	11	952	95.2	1.643	36.1	60
HiC_scaffold_445	1	1000	11	446	44.6	1.277	35.8	60
HiC_scaffold_446	1	1000	15	654	65.4	2.059	34.8	38.4
HiC_scaffold_447	1	1000	21	974	97.4	2.949	35.5	58.4
HiC_scaffold_448	1	1000	16	867	86.7	2.099	34.8	54.7
HiC_scaffold_449	1	1000	19	886	88.6	2.65	35.4	60
HiC_scaffold_450	1	1000	10	724	72.4	1.493	35.3	55.2
HiC_scaffold_451	1	1000	6	737	73.7	0.889	35.7	43.7
HiC_scaffold_452	1	1000	14	939	93.9	1.905	36.1	57.9
HiC_scaffold_453	1	1000	94	717	71.7	12.106	35.5	46.2
mitochondria	1	17813	64552	17666	99.1748	522.805	35.5	59.3
HiC_scaffold_219	1	22812	0	0	0	0	0	0
HiC_scaffold_404	1	3264	0	0	0	0	0	0
HiC_scaffold_454	1	2000	0	0	0	0	0	0
