#rname	startpos	endpos	numreads	covbases	coverage	meandepth	meanbaseq	meanmapq
HiC_scaffold_1	1	75050035	620637	48491884	64.6127	1.20106	35.4	59.1
HiC_scaffold_2	1	56816963	477494	37062395	65.2312	1.22067	35.4	59.2
HiC_scaffold_3	1	109611085	860738	68165175	62.1882	1.14128	35.5	58.7
HiC_scaffold_4	1	81599725	660354	51841313	63.5312	1.17523	35.5	59
HiC_scaffold_5	1	72353455	603715	47125044	65.1317	1.21187	35.5	59.2
HiC_scaffold_6	1	67692486	564591	43739120	64.6144	1.21113	35.4	59.1
HiC_scaffold_7	1	59159807	493247	38098805	64.3998	1.20976	35.4	59
HiC_scaffold_8	1	13479537	61460	6114799	45.3636	0.665682	35.4	59.4
HiC_scaffold_9	1	58964884	505125	38694454	65.6229	1.24366	35.4	59.1
HiC_scaffold_10	1	36732878	313611	23971877	65.26	1.23962	35.4	59
HiC_scaffold_11	1	27384	271	7140	26.0736	1.45574	35.3	42.8
HiC_scaffold_12	1	33592	1642	7863	23.4074	6.40614	35	44.8
HiC_scaffold_13	1	184337	6090	136060	73.8105	4.55157	35.4	50.5
HiC_scaffold_14	1	85992	3075	42307	49.1988	4.89915	34.9	45.3
HiC_scaffold_15	1	87022	1085	31061	35.6933	1.69496	35.1	46.1
HiC_scaffold_16	1	89609	4003	12929	14.4282	4.79823	35.7	50.4
HiC_scaffold_17	1	164154	1918	43287	26.3698	1.67742	35.3	51.8
HiC_scaffold_18	1	104921	373	33229	31.6705	0.51088	35.6	50.4
HiC_scaffold_19	1	103720	426	28376	27.3583	0.578857	35.3	46.6
HiC_scaffold_20	1	90353	650	29946	33.1433	1.02233	35.2	49.5
HiC_scaffold_21	1	85252	335	20598	24.1613	0.549113	35.1	46.8
HiC_scaffold_22	1	80500	370	20963	26.041	0.676696	35.4	48.9
HiC_scaffold_23	1	75743	289	20126	26.5714	0.555563	35.5	53.8
HiC_scaffold_24	1	75592	1367	18561	24.5542	2.55858	35.3	42.4
HiC_scaffold_25	1	72691	2006	36170	49.7586	3.90497	35.3	54.1
HiC_scaffold_26	1	71458	609	34873	48.8021	1.22209	35.4	46.6
HiC_scaffold_27	1	70045	2551	49752	71.0286	5.16235	35.2	50.8
HiC_scaffold_28	1	68558	95	5358	7.81528	0.185653	35.2	54.1
HiC_scaffold_29	1	68222	842	16242	23.8076	1.82418	35.5	44
HiC_scaffold_30	1	67017	612	31451	46.9299	1.3308	35.3	45.7
HiC_scaffold_31	1	65972	38	4759	7.21367	0.0837628	35.3	46.4
HiC_scaffold_32	1	64000	609	30058	46.9656	1.29528	35.5	49.5
HiC_scaffold_33	1	62684	707	19264	30.7319	1.43407	35.4	42.7
HiC_scaffold_34	1	60035	463	31429	52.3511	1.05968	35.3	54.9
HiC_scaffold_35	1	59483	74	8266	13.8964	0.181985	35	47.7
HiC_scaffold_36	1	58601	1800	6017	10.2677	4.49276	35.1	49.3
HiC_scaffold_37	1	57907	152	10369	17.9063	0.370232	35.4	48
HiC_scaffold_38	1	57623	205	3154	5.47351	0.483331	35.1	38.3
HiC_scaffold_39	1	56881	961	20462	35.9733	1.87683	35.4	47.7
HiC_scaffold_40	1	56115	569	10057	17.9221	1.26913	35.6	39.2
HiC_scaffold_41	1	55753	634	22152	39.7324	1.63704	35.1	41.2
HiC_scaffold_42	1	55361	105	4620	8.34522	0.269432	35.2	48.7
HiC_scaffold_43	1	55333	745	11310	20.4399	1.90948	35.1	39.5
HiC_scaffold_44	1	54697	2000	45732	83.6097	5.38333	35.5	56
HiC_scaffold_45	1	54079	72	3583	6.62549	0.14514	35.9	45.6
HiC_scaffold_46	1	53000	239	7476	14.1057	0.659887	34.8	40.1
HiC_scaffold_47	1	52728	954	15456	29.3127	2.53493	34.9	45.9
HiC_scaffold_48	1	52696	229	18371	34.8622	0.646292	35.6	52.6
HiC_scaffold_49	1	52574	83	4601	8.75147	0.228193	35	42.5
HiC_scaffold_50	1	52452	48	1029	1.96179	0.047186	35.5	51.3
HiC_scaffold_51	1	52291	352	7460	14.2663	0.883823	35.1	44.4
HiC_scaffold_52	1	50660	321	26169	51.6561	0.914666	35.4	56.6
HiC_scaffold_53	1	50444	1271	29756	58.9882	3.72385	35.4	56.2
HiC_scaffold_54	1	50000	497	36448	72.896	1.4649	35.8	60
HiC_scaffold_55	1	49402	73	3995	8.08672	0.208696	35.3	43.1
HiC_scaffold_56	1	48994	131	5955	12.1545	0.378475	35.4	42.4
HiC_scaffold_57	1	48961	113	5099	10.4144	0.334695	35.3	39.1
HiC_scaffold_58	1	48913	169	15121	30.9141	0.507452	35.7	52.1
HiC_scaffold_59	1	48516	565	13812	28.469	1.72619	35.3	46.7
HiC_scaffold_60	1	48449	200	20170	41.6314	0.616463	36	52.9
HiC_scaffold_61	1	48102	179	7389	15.3611	0.535362	35.3	49
HiC_scaffold_62	1	47095	252	21585	45.8329	0.773883	35.4	56
HiC_scaffold_63	1	45946	646	26019	56.6295	2.06754	35.1	49.2
HiC_scaffold_64	1	45702	148	4273	9.3497	0.435561	35.5	44.2
HiC_scaffold_65	1	45164	339	12190	26.9905	1.03691	35.2	43.4
HiC_scaffold_66	1	45000	1220	9744	21.6533	3.76351	35.2	45.7
HiC_scaffold_67	1	44932	828	11518	25.6343	2.27746	35.3	41.5
HiC_scaffold_68	1	44535	68	7127	16.0031	0.228068	35	43.7
HiC_scaffold_69	1	43359	260	13333	30.7502	0.871376	35.4	42.7
HiC_scaffold_70	1	43000	310	9263	21.5419	0.91014	35.4	39.7
HiC_scaffold_71	1	42000	448	11957	28.469	1.29086	35.3	46.1
HiC_scaffold_72	1	41780	31	2056	4.92101	0.108329	34.9	45
HiC_scaffold_73	1	41131	20	2042	4.96463	0.0683183	35.4	50.5
HiC_scaffold_74	1	41000	166	11994	29.2537	0.597415	35.5	56.5
HiC_scaffold_75	1	40673	185	4025	9.896	0.66329	35.3	38.4
HiC_scaffold_76	1	40021	206	5367	13.4105	0.706829	35.4	39.9
HiC_scaffold_77	1	40000	39	3872	9.68	0.137375	35.4	48.4
HiC_scaffold_78	1	39995	106	11810	29.5287	0.395274	35.7	52.9
HiC_scaffold_79	1	39987	12	1376	3.44112	0.0449396	34.8	47.2
HiC_scaffold_80	1	39907	34	3303	8.27674	0.124289	35.3	54.8
HiC_scaffold_81	1	39785	378	6691	16.8179	1.15933	35.3	45
HiC_scaffold_82	1	39714	1015	8953	22.5437	3.56021	35.3	44.3
HiC_scaffold_83	1	39603	87	8327	21.0262	0.319976	35.9	51.4
HiC_scaffold_84	1	39032	1172	22233	56.961	4.18475	35.4	49.3
HiC_scaffold_85	1	38821	327	7349	18.9305	1.17421	35.2	42.6
HiC_scaffold_86	1	38551	404	5357	13.8959	1.32912	35	49.8
HiC_scaffold_87	1	38336	289	6903	18.0066	1.1231	35.3	39.5
HiC_scaffold_88	1	38081	137	7284	19.1276	0.514614	35.2	52.5
HiC_scaffold_89	1	37423	157	1859	4.96753	0.568207	35.4	44.9
HiC_scaffold_90	1	37049	271	10737	28.9805	1.07952	35.7	41.9
HiC_scaffold_91	1	37000	285	23733	64.1432	1.103	35.4	59.9
HiC_scaffold_92	1	36719	73	3337	9.08794	0.295433	35.5	47.8
HiC_scaffold_93	1	36624	336	6538	17.8517	1.19255	35.4	41
HiC_scaffold_94	1	36550	127	4075	11.1491	0.515732	35.3	40.4
HiC_scaffold_95	1	35915	663	15641	43.55	2.57731	34.9	44.5
HiC_scaffold_96	1	35569	301	11496	32.3203	1.24724	35.6	46.9
HiC_scaffold_97	1	35569	175	7933	22.3031	0.688099	35.1	47.2
HiC_scaffold_98	1	35521	199	4824	13.5807	0.544523	35.6	48.1
HiC_scaffold_99	1	35305	676	22140	62.7107	2.5949	35.4	58.4
HiC_scaffold_100	1	35285	274	21157	59.9603	1.13346	35.5	57.4
HiC_scaffold_101	1	35090	230	12340	35.1667	0.835195	34.8	49.8
HiC_scaffold_102	1	34736	42	3610	10.3927	0.179785	35.7	50
HiC_scaffold_103	1	34662	884	15793	45.5629	3.45765	35.5	41
HiC_scaffold_104	1	34539	99	9652	27.9452	0.426359	35.7	50.1
HiC_scaffold_105	1	34367	62	4524	13.1638	0.260686	35.3	47.3
HiC_scaffold_106	1	34092	10	523	1.53408	0.0325003	36	49.3
HiC_scaffold_107	1	34034	1133	25747	75.6508	4.78801	35.4	59
HiC_scaffold_108	1	34000	156	4377	12.8735	0.676118	35.5	38.9
HiC_scaffold_109	1	33013	340	10440	31.6239	1.44749	34.8	42.1
HiC_scaffold_110	1	32894	41	2649	8.05314	0.179455	34.6	47.6
HiC_scaffold_111	1	32703	75	6449	19.7199	0.33948	35.5	47.8
HiC_scaffold_112	1	32055	90	7508	23.4222	0.399719	35	53.1
HiC_scaffold_113	1	31996	258	4287	13.3985	0.831791	35.4	42.7
HiC_scaffold_114	1	31869	230	7194	22.5737	0.969249	35.2	47.9
HiC_scaffold_115	1	31497	173	7183	22.8053	0.778296	35.3	41.3
HiC_scaffold_116	1	31452	192	13745	43.7015	0.903504	35.7	55.6
HiC_scaffold_117	1	31435	68	7375	23.4611	0.323843	35.5	50.2
HiC_scaffold_118	1	31168	150	12369	39.6849	0.68827	35.4	57.7
HiC_scaffold_119	1	31094	46	3613	11.6196	0.219785	35.4	44.4
HiC_scaffold_120	1	31000	77	6303	20.3323	0.365839	35.3	48.8
HiC_scaffold_121	1	30892	68	3818	12.3592	0.328758	35.3	41.3
HiC_scaffold_122	1	30671	270	6274	20.4558	1.307	35.4	38.3
HiC_scaffold_123	1	30159	327	22788	75.5595	1.5659	35.5	60
HiC_scaffold_124	1	30112	12	1614	5.35999	0.0573858	36	42.4
HiC_scaffold_125	1	30000	138	3178	10.5933	0.679767	34.7	38.2
HiC_scaffold_126	1	30000	46	3025	10.0833	0.199933	35.8	49.3
HiC_scaffold_127	1	29632	388	5174	17.4609	1.74433	35.3	43.9
HiC_scaffold_128	1	29216	82	8936	30.586	0.416792	35.8	49.7
HiC_scaffold_129	1	29000	40	3839	13.2379	0.188345	35.9	50
HiC_scaffold_130	1	28743	19	1947	6.77382	0.0927182	35.5	44.8
HiC_scaffold_131	1	28267	463	9571	33.8593	2.43287	35.4	39.8
HiC_scaffold_132	1	28006	359	6442	23.0022	1.90527	35.1	39.3
HiC_scaffold_133	1	27859	55	5532	19.8571	0.283068	35.7	52.7
HiC_scaffold_134	1	27837	286	20615	74.0561	1.46927	35.3	59.7
HiC_scaffold_135	1	27503	122	4314	15.6856	0.658801	35.5	38.5
HiC_scaffold_136	1	27405	328	22324	81.4596	1.7488	35.5	60
HiC_scaffold_137	1	27128	8	725	2.67252	0.0442347	36.2	40.2
HiC_scaffold_138	1	27000	99	8293	30.7148	0.541519	35.5	51.3
HiC_scaffold_139	1	26958	47	3092	11.4697	0.256139	34.9	47.1
HiC_scaffold_140	1	26822	27	1884	7.02408	0.130825	35.1	41.2
HiC_scaffold_141	1	26714	444	10928	40.9074	2.29771	35.2	45.7
HiC_scaffold_142	1	26597	111	7311	27.4881	0.578449	35.3	51.2
HiC_scaffold_143	1	26526	33	1903	7.17409	0.158788	34.8	53.9
HiC_scaffold_144	1	26403	144	4009	15.1839	0.806916	35	42.2
HiC_scaffold_145	1	26321	403	12842	48.7899	2.25527	35.4	43.7
HiC_scaffold_146	1	26302	212	2799	10.6418	1.00787	34.7	39.3
HiC_scaffold_147	1	26228	55	4255	16.2231	0.308411	35.4	49.1
HiC_scaffold_148	1	26220	223	4873	18.585	1.26339	35.7	38.5
HiC_scaffold_149	1	26169	56	5322	20.337	0.317857	35	49.5
HiC_scaffold_150	1	26140	299	21463	82.1079	1.65639	35.2	59.8
HiC_scaffold_151	1	25970	92	4648	17.8976	0.506508	35.4	39.1
HiC_scaffold_152	1	25914	67	3544	13.676	0.361812	35.2	42.3
HiC_scaffold_153	1	25756	12	1546	6.00248	0.0698478	35.4	47.1
HiC_scaffold_154	1	25701	52	5731	22.2987	0.297693	34.9	51
HiC_scaffold_155	1	25484	298	10201	40.029	1.6776	35.1	42.5
HiC_scaffold_156	1	25347	878	12336	48.6685	4.77417	35.1	44.5
HiC_scaffold_157	1	25300	186	6765	26.7391	1.0815	35.2	44.3
HiC_scaffold_158	1	25137	959	10455	41.5921	5.47444	35.3	40.7
HiC_scaffold_159	1	25068	65	3487	13.9102	0.385112	35.3	46.9
HiC_scaffold_160	1	25021	138	10825	43.2637	0.801247	35.4	55.7
HiC_scaffold_161	1	25021	15	1753	7.00611	0.0899245	35.2	44.1
HiC_scaffold_162	1	25013	563	2104	8.41163	2.58833	35.3	43.5
HiC_scaffold_163	1	25000	20	1070	4.28	0.11928	34.7	35.3
HiC_scaffold_164	1	25000	16	903	3.612	0.09584	35.2	37.9
HiC_scaffold_165	1	25000	38	2152	8.608	0.22776	35.6	38.3
HiC_scaffold_166	1	25000	106	4444	17.776	0.60344	34.8	37.7
HiC_scaffold_167	1	25000	262	18014	72.056	1.4596	34.9	58.9
HiC_scaffold_168	1	25000	299	20224	80.896	1.76408	35.4	59.9
HiC_scaffold_169	1	25000	241	17784	71.136	1.3952	35.2	59.8
HiC_scaffold_170	1	25000	272	20289	81.156	1.56592	35.6	59.8
HiC_scaffold_171	1	25000	253	19258	77.032	1.48964	35.6	59.9
HiC_scaffold_172	1	25000	247	18368	73.472	1.44836	35.6	59.9
HiC_scaffold_173	1	25000	253	18636	74.544	1.48076	35.3	59.9
HiC_scaffold_174	1	25000	278	19622	78.488	1.59768	35	59.7
HiC_scaffold_175	1	25000	303	20510	82.04	1.75048	35.3	59.9
HiC_scaffold_176	1	25000	262	17624	70.496	1.54444	35.8	59.4
HiC_scaffold_177	1	25000	266	18641	74.564	1.526	35.7	59.8
HiC_scaffold_178	1	25000	217	16704	66.816	1.2712	35.3	59.4
HiC_scaffold_179	1	25000	279	18411	73.644	1.60288	35.4	59.9
HiC_scaffold_180	1	25000	216	15157	60.628	1.25336	35.6	56.9
HiC_scaffold_181	1	25000	240	17405	69.62	1.38552	35.5	59.9
HiC_scaffold_182	1	25000	247	18749	74.996	1.45088	35.5	60
HiC_scaffold_183	1	25000	117	3731	14.924	0.68832	35.3	41.2
HiC_scaffold_184	1	25000	270	19958	79.832	1.5836	35.5	59.9
HiC_scaffold_185	1	25000	351	21377	85.508	2.0138	35.4	59.6
HiC_scaffold_186	1	25000	276	19036	76.144	1.59016	35.5	59.9
HiC_scaffold_187	1	25000	12	1232	4.928	0.0604	34.3	49.3
HiC_scaffold_188	1	24887	62	2562	10.2945	0.313256	35.4	44.5
HiC_scaffold_189	1	24881	619	14094	56.6456	2.79281	35.3	43.6
HiC_scaffold_190	1	24860	147	12407	49.9075	0.861424	35.6	56.5
HiC_scaffold_191	1	24785	129	10655	42.9897	0.768005	35.4	47.5
HiC_scaffold_192	1	24606	15	1253	5.09225	0.0776233	35.5	42.5
HiC_scaffold_193	1	24582	158	2452	9.97478	0.939142	35.3	43.7
HiC_scaffold_194	1	24552	667	15114	61.5591	3.70691	35.1	46
HiC_scaffold_195	1	24515	58	5633	22.9778	0.339955	35.5	52
HiC_scaffold_196	1	24429	112	5223	21.3803	0.636907	35.8	51.3
HiC_scaffold_197	1	24404	73	6008	24.6189	0.441649	35.6	57.3
HiC_scaffold_198	1	24065	126	11726	48.7264	0.774901	35	55.4
HiC_scaffold_199	1	24034	44	4626	19.2477	0.27407	35.8	49.4
HiC_scaffold_200	1	24000	24	1726	7.19167	0.137042	35.4	47.6
HiC_scaffold_201	1	24000	739	4657	19.4042	4.57133	35.4	45.7
HiC_scaffold_202	1	23940	346	4385	18.3166	2.00522	35.3	39.4
HiC_scaffold_203	1	23878	61	1615	6.76355	0.364897	35	38.5
HiC_scaffold_204	1	23813	71	6107	25.6457	0.438836	35.7	56.2
HiC_scaffold_205	1	23764	54	4985	20.9771	0.32099	35.3	49.7
HiC_scaffold_206	1	23660	7	681	2.87828	0.042519	35	50.9
HiC_scaffold_207	1	23581	174	15202	64.4672	1.07744	35.7	53.1
HiC_scaffold_208	1	23490	52	2945	12.5372	0.319242	35.8	40.5
HiC_scaffold_209	1	23453	115	9397	40.0674	0.716284	35.6	54.8
HiC_scaffold_210	1	23041	48	2951	12.8076	0.298425	36	59.6
HiC_scaffold_211	1	23000	474	3571	15.5261	3.06535	35.6	38.5
HiC_scaffold_212	1	23000	105	8275	35.9783	0.673261	35.6	50.1
HiC_scaffold_213	1	23000	49	3763	16.3609	0.305609	35.2	50.3
HiC_scaffold_214	1	23000	136	6112	26.5739	0.870261	35.6	39.8
HiC_scaffold_215	1	23000	28	2672	11.6174	0.173826	36.1	56.9
HiC_scaffold_217	1	22964	84	2680	11.6704	0.543372	35.5	42.2
HiC_scaffold_218	1	22956	75	6939	30.2274	0.474342	34.7	52
HiC_scaffold_220	1	22604	98	9116	40.3291	0.639002	35.3	51.2
HiC_scaffold_221	1	22426	11	1284	5.7255	0.0734415	35.6	56
HiC_scaffold_222	1	22303	235	11041	49.5046	1.56015	35.6	46.1
HiC_scaffold_223	1	22199	110	5100	22.974	0.71332	35.5	47.2
HiC_scaffold_224	1	22128	5	515	2.32737	0.0328091	35.6	55
HiC_scaffold_225	1	22127	6	869	3.92733	0.0406743	36.2	41.8
HiC_scaffold_226	1	21688	83	6013	27.725	0.559572	35.2	52.6
HiC_scaffold_227	1	21648	135	6194	28.6123	0.875416	35.5	56.5
HiC_scaffold_228	1	21608	155	9368	43.3543	0.94428	35.1	49.3
HiC_scaffold_229	1	21598	40	2344	10.8529	0.275998	34.7	39.3
HiC_scaffold_230	1	21510	15	856	3.97954	0.092887	35.3	42.6
HiC_scaffold_231	1	21437	76	3403	15.8744	0.512152	35.2	44.5
HiC_scaffold_232	1	21282	73	5753	27.0322	0.496993	35.2	50
HiC_scaffold_233	1	20959	179	5709	27.2389	1.05792	34.9	39.6
HiC_scaffold_234	1	20824	17	1741	8.36055	0.11698	35.5	48.2
HiC_scaffold_235	1	20622	37	3050	14.79	0.269033	35.4	53.1
HiC_scaffold_236	1	20377	44	3908	19.1785	0.318202	35.1	47
HiC_scaffold_237	1	20369	68	6337	31.111	0.494477	35.8	51.4
HiC_scaffold_238	1	20340	24	2181	10.7227	0.160865	35.5	53.9
HiC_scaffold_239	1	20281	46	1585	7.8152	0.32173	35.3	42.8
HiC_scaffold_240	1	20166	24	2055	10.1904	0.168501	35.4	49.8
HiC_scaffold_241	1	20140	113	6691	33.2224	0.81137	34.5	50.4
HiC_scaffold_242	1	20135	192	13720	68.1401	1.36628	35.4	59.5
HiC_scaffold_243	1	20122	30	1712	8.5081	0.210416	34.7	51.1
HiC_scaffold_244	1	20044	21	1649	8.2269	0.152315	36	48
HiC_scaffold_245	1	20021	16	1009	5.03971	0.108136	34.8	60
HiC_scaffold_246	1	20000	36	2085	10.425	0.25835	35.5	57.2
HiC_scaffold_247	1	20000	22	2040	10.2	0.1535	34.6	50.1
HiC_scaffold_248	1	19739	222	7549	38.2441	1.62982	35.5	43.4
HiC_scaffold_249	1	19737	10	730	3.69864	0.0627248	36	49
HiC_scaffold_250	1	19724	11	1147	5.81525	0.0784831	34.8	47.9
HiC_scaffold_251	1	19667	50	1444	7.34225	0.349875	35.5	39.6
HiC_scaffold_252	1	19649	10	1472	7.49148	0.0763398	35.2	50.3
HiC_scaffold_253	1	19394	22	2703	13.9373	0.169589	36.1	47.7
HiC_scaffold_254	1	19304	42	3455	17.8978	0.318431	35.7	48.8
HiC_scaffold_255	1	19231	14	1623	8.4395	0.105663	35.9	48.4
HiC_scaffold_256	1	19176	53	5431	28.3219	0.410096	35.5	47.8
HiC_scaffold_257	1	19156	2210	7286	38.0351	15.9461	35.2	43.8
HiC_scaffold_258	1	19143	82	1608	8.39994	0.569555	35.3	44.5
HiC_scaffold_259	1	19058	25	3107	16.3029	0.194826	35.2	46.4
HiC_scaffold_260	1	19000	100	3529	18.5737	0.772474	35.6	42.6
HiC_scaffold_261	1	18934	9	1118	5.90472	0.0695046	36.5	43.1
HiC_scaffold_262	1	18930	447	8876	46.8885	3.48082	35.3	44.9
HiC_scaffold_263	1	18729	173	13082	69.8489	1.37279	35.6	58.8
HiC_scaffold_264	1	18528	26	2210	11.9279	0.186906	36	59.5
HiC_scaffold_265	1	18283	26	1951	10.6711	0.191653	35.7	46.9
HiC_scaffold_266	1	18272	60	836	4.57531	0.324431	35.4	48.5
HiC_scaffold_267	1	18066	17	1702	9.42101	0.134839	35.1	51.1
HiC_scaffold_268	1	18044	21	1612	8.93372	0.137774	36.2	40.5
HiC_scaffold_269	1	18026	46	3774	20.9364	0.35826	35.9	56.5
HiC_scaffold_270	1	18000	148	7569	42.05	1.219	35.6	42.7
HiC_scaffold_271	1	18000	76	6275	34.8611	0.622833	35.9	48.7
HiC_scaffold_272	1	18000	66	3358	18.6556	0.5335	35.2	40.9
HiC_scaffold_273	1	17971	288	7163	39.8587	2.39068	35.3	44.2
HiC_scaffold_274	1	17888	34	2573	14.3839	0.277504	35.4	43.6
HiC_scaffold_275	1	17782	15	1771	9.95951	0.123833	36.5	55.3
HiC_scaffold_276	1	17690	35	3987	22.5382	0.289881	34.8	45.7
HiC_scaffold_277	1	17675	17	1723	9.74823	0.144045	35.2	38
HiC_scaffold_278	1	17531	1	150	0.855627	0.00855627	33.6	60
HiC_scaffold_279	1	17508	356	3063	17.4949	1.75634	35.2	49.4
HiC_scaffold_280	1	17420	48	4841	27.7899	0.409874	35.6	52
HiC_scaffold_281	1	17399	19	2058	11.8283	0.163745	36.1	56.2
HiC_scaffold_282	1	17398	48	4903	28.1814	0.395563	35.4	51.4
HiC_scaffold_283	1	17257	1125	7395	42.8522	7.78554	34.9	50.8
HiC_scaffold_284	1	17224	137	10562	61.3214	1.16535	35.6	54.1
HiC_scaffold_285	1	17131	72	5951	34.7382	0.620804	35.3	52.3
HiC_scaffold_286	1	17073	39	3863	22.6264	0.33017	35.1	49.1
HiC_scaffold_287	1	17000	17	1510	8.88235	0.134941	35.6	49.7
HiC_scaffold_288	1	16908	17	1181	6.98486	0.135084	34.4	47
HiC_scaffold_289	1	16758	140	3367	20.0919	1.11451	34.9	43.5
HiC_scaffold_290	1	16602	198	3926	23.6478	1.6042	35.5	42
HiC_scaffold_291	1	16449	190	760	4.62034	1.26196	35.3	45.9
HiC_scaffold_292	1	16346	36	2673	16.3526	0.316408	35.3	52.5
HiC_scaffold_293	1	16263	386	1319	8.11043	3.06967	35.1	43.8
HiC_scaffold_294	1	16061	81	6300	39.2255	0.729095	35.3	50.9
HiC_scaffold_295	1	16000	10	932	5.825	0.0864375	35.9	56.5
HiC_scaffold_296	1	16000	49	3598	22.4875	0.440437	35.7	52.6
HiC_scaffold_297	1	16000	8	1014	6.3375	0.0749375	36.1	50
HiC_scaffold_298	1	16000	72	3335	20.8438	0.667	35.8	40.8
HiC_scaffold_299	1	16000	49	3714	23.2125	0.450562	34.8	43.4
HiC_scaffold_300	1	15603	60	3984	25.5336	0.566365	35.6	43.4
HiC_scaffold_301	1	15565	9	841	5.40315	0.0802441	36.2	57.8
HiC_scaffold_302	1	15554	96	2913	18.7283	0.910955	35.1	38.2
HiC_scaffold_303	1	15467	126	7661	49.5313	1.17353	35.2	51
HiC_scaffold_304	1	15433	23	1890	12.2465	0.218363	34.9	40.5
HiC_scaffold_305	1	15221	35	1806	11.8652	0.335195	34.8	46.3
HiC_scaffold_306	1	15208	4	380	2.49868	0.0393214	36.7	60
HiC_scaffold_307	1	15128	19	1088	7.19196	0.175106	34.9	55.9
HiC_scaffold_308	1	15037	71	7051	46.891	0.702933	35.2	54.6
HiC_scaffold_309	1	15027	74	4448	29.6001	0.719106	35.5	52.1
HiC_scaffold_310	1	15014	51	4689	31.2309	0.489077	35.9	56.1
HiC_scaffold_311	1	15000	25	3027	20.18	0.248267	35.8	49.4
HiC_scaffold_312	1	14886	58	6453	43.3495	0.577657	35.1	48.4
HiC_scaffold_313	1	14872	61	3005	20.2058	0.606643	34.8	42.7
HiC_scaffold_314	1	14743	28	1944	13.1859	0.284542	35.4	58.6
HiC_scaffold_315	1	14719	24	1502	10.2045	0.238671	34.6	54
HiC_scaffold_316	1	14619	31	3183	21.773	0.303783	35.1	53.4
HiC_scaffold_317	1	14567	37	3448	23.6699	0.379351	35.6	46.9
HiC_scaffold_318	1	14553	26	3026	20.793	0.265856	35.5	45.6
HiC_scaffold_319	1	14548	81	5993	41.1947	0.820113	35.7	49
HiC_scaffold_320	1	14465	23	2212	15.2921	0.22627	36	48.9
HiC_scaffold_321	1	14408	123	6308	43.7812	1.23286	35.2	46.2
HiC_scaffold_322	1	14386	22	2436	16.9331	0.22786	34.4	46.4
HiC_scaffold_323	1	14298	337	8499	59.4419	2.79095	34.1	46.5
HiC_scaffold_324	1	14091	122	6339	44.9862	1.25875	35	49.2
HiC_scaffold_325	1	14000	31	2846	20.3286	0.327214	35.5	47.1
HiC_scaffold_326	1	14000	51	2469	17.6357	0.526786	35.3	44.6
HiC_scaffold_327	1	13966	45	3638	26.049	0.480453	35.5	46.4
HiC_scaffold_328	1	13312	155	11189	84.052	1.72175	35.4	60
HiC_scaffold_329	1	13309	77	6812	51.1834	0.843489	35.3	50.2
HiC_scaffold_330	1	13245	65	6049	45.6701	0.716421	36	55.3
HiC_scaffold_331	1	13138	120	9276	70.6044	1.32585	35.6	59
HiC_scaffold_333	1	13000	29	2118	16.2923	0.333154	35.3	41.9
HiC_scaffold_334	1	13000	19	2047	15.7462	0.214308	35.6	49.6
HiC_scaffold_335	1	13000	41	3009	23.1462	0.461692	35.7	54
HiC_scaffold_336	1	12527	275	5171	41.2788	3.18097	35.2	40.3
HiC_scaffold_337	1	12325	10	1315	10.6694	0.121704	35.6	44
HiC_scaffold_338	1	12210	20	1788	14.6437	0.232269	35.4	47.1
HiC_scaffold_339	1	12140	90	7073	58.2619	1.07084	35.8	58.9
HiC_scaffold_340	1	12103	22	2187	18.0699	0.270925	35.8	47
HiC_scaffold_341	1	11792	3	256	2.17096	0.0338365	36.2	60
HiC_scaffold_342	1	11769	48	1487	12.6349	0.583312	35.8	40.8
HiC_scaffold_343	1	11768	26	2497	21.2186	0.317981	35.1	54.5
HiC_scaffold_344	1	11552	58	4390	38.0021	0.728012	35.6	59.6
HiC_scaffold_345	1	11294	39	2338	20.7013	0.495042	35.8	50.7
HiC_scaffold_346	1	11220	69	6258	55.7754	0.894385	35.4	56.9
HiC_scaffold_347	1	11009	1071	6306	57.2804	13.6232	34.9	41.7
HiC_scaffold_348	1	11007	22	2451	22.2676	0.284819	35.7	50.8
HiC_scaffold_349	1	11000	76	6510	59.1818	1.00882	35.1	54.7
HiC_scaffold_350	1	10932	53	3031	27.7259	0.717709	35.2	43.4
HiC_scaffold_351	1	10903	65	5119	46.9504	0.862148	35.6	53.7
HiC_scaffold_352	1	10862	106	6597	60.7347	1.4025	35.8	58.7
HiC_scaffold_353	1	10825	17	1651	15.2517	0.210716	36.4	53.9
HiC_scaffold_354	1	10780	83	6521	60.4917	1.13738	35.4	55.6
HiC_scaffold_355	1	10606	5	473	4.45974	0.0702433	34.1	57
HiC_scaffold_356	1	10316	4	273	2.64637	0.047596	36.7	60
HiC_scaffold_357	1	10313	66	5864	56.8603	0.92621	35.5	56.1
HiC_scaffold_358	1	10116	34	2081	20.5714	0.500791	35.8	51.2
HiC_scaffold_359	1	9728	869	3669	37.7159	12.0617	35.2	39.6
HiC_scaffold_360	1	9582	25	2251	23.492	0.380714	35.1	54.8
HiC_scaffold_361	1	9577	4	558	5.82646	0.0626501	36.5	45
HiC_scaffold_362	1	9324	18	1917	20.5598	0.287645	35	45.7
HiC_scaffold_363	1	9309	94	6992	75.1101	1.45397	35.5	59.4
HiC_scaffold_364	1	9000	5	697	7.74444	0.0828889	36.4	52
HiC_scaffold_365	1	8972	25	2084	23.2278	0.351872	35.6	56.1
HiC_scaffold_366	1	8717	5	253	2.90237	0.0653895	36.7	60
HiC_scaffold_367	1	8598	24	2084	24.2382	0.325308	34.2	49.6
HiC_scaffold_368	1	8517	23	2118	24.8679	0.39157	36	48.3
HiC_scaffold_369	1	8159	28	2625	32.1731	0.508273	35.3	50.7
HiC_scaffold_370	1	8000	5	500	6.25	0.093	35.9	40.4
HiC_scaffold_371	1	7755	23	2056	26.5119	0.429529	35.5	47.5
HiC_scaffold_372	1	7349	11	1057	14.3829	0.196353	35.1	57.8
HiC_scaffold_373	1	7312	45	3835	52.448	0.87541	35.3	48.9
HiC_scaffold_374	1	7226	3	449	6.21367	0.0621367	36.8	56
HiC_scaffold_375	1	7101	3	450	6.33714	0.0633714	35.7	56
HiC_scaffold_376	1	7000	65	3110	44.4286	1.32829	34.9	39.2
HiC_scaffold_377	1	7000	40	3730	53.2857	0.853571	35.6	54.8
HiC_scaffold_378	1	7000	107	1784	25.4857	2.26914	35.6	39.2
HiC_scaffold_379	1	6605	48	2393	36.2301	1.05344	35.3	47.1
HiC_scaffold_380	1	6537	30	3589	54.9029	0.651675	35.1	56.2
HiC_scaffold_381	1	6484	35	3171	48.905	0.793954	35.2	58.2
HiC_scaffold_382	1	6459	28	2578	39.9133	0.644063	35.2	48.6
HiC_scaffold_383	1	6245	18	1792	28.695	0.413771	35.8	50.9
HiC_scaffold_384	1	6125	67	4894	79.902	1.59853	35	50.8
HiC_scaffold_385	1	6000	34	2726	45.4333	0.796833	35.9	51.6
HiC_scaffold_386	1	6000	22	2140	35.6667	0.5315	34.6	54.8
HiC_scaffold_387	1	6000	64	4297	71.6167	1.551	35.7	50.8
HiC_scaffold_388	1	5993	12	1303	21.742	0.29184	35.5	42.2
HiC_scaffold_390	1	5673	4	455	8.02045	0.105059	36.7	33
HiC_scaffold_391	1	5000	14	1219	24.38	0.3924	34.5	58.6
HiC_scaffold_392	1	5000	17	1411	28.22	0.5092	35	55.5
HiC_scaffold_393	1	4994	2791	3784	75.7709	74.5342	34.8	46.1
HiC_scaffold_394	1	4893	34	3149	64.3572	1.0235	36	51.1
HiC_scaffold_395	1	4891	40	3118	63.7497	1.14844	35.4	58.2
HiC_scaffold_396	1	4877	8	1083	22.2063	0.246053	35.5	48.1
HiC_scaffold_397	1	4000	24	1405	35.125	0.83275	33.5	48.5
HiC_scaffold_398	1	4000	29	1773	44.325	0.9645	35.6	59.4
HiC_scaffold_399	1	4000	27	2579	64.475	1.0035	34.6	53.4
HiC_scaffold_400	1	4000	305	1328	33.2	9.77775	34.5	45.1
HiC_scaffold_401	1	3971	55	3545	89.2722	1.97482	35.8	59.6
HiC_scaffold_402	1	3919	29	1135	28.9615	0.991324	35.8	49
HiC_scaffold_403	1	3281	28	1902	57.9701	1.26212	36	58.2
HiC_scaffold_404	1	3264	4	581	17.8002	0.178002	33.9	44.2
HiC_scaffold_405	1	3259	40	2611	80.1166	1.78736	35.7	60
HiC_scaffold_406	1	3042	6	590	19.3951	0.295529	36.1	49.3
HiC_scaffold_407	1	3035	21	1835	60.4613	0.979901	34.7	60
HiC_scaffold_408	1	3003	2	299	9.95671	0.0995671	34.6	50
HiC_scaffold_409	1	3003	14	1446	48.1518	0.669331	35.4	43.1
HiC_scaffold_410	1	3000	26	1913	63.7667	1.21667	35.8	56.5
HiC_scaffold_411	1	3000	48	1213	40.4333	2.34633	35.4	40.5
HiC_scaffold_412	1	3000	29	2136	71.2	1.23367	35.3	56
HiC_scaffold_413	1	3000	30	2471	82.3667	1.371	34.9	58.7
HiC_scaffold_414	1	3000	20	1713	57.1	0.998333	35.1	52.3
HiC_scaffold_415	1	2897	33	2361	81.4981	1.64032	36.1	54.5
HiC_scaffold_416	1	2563	84	1096	42.7624	3.73156	35.2	50.3
HiC_scaffold_417	1	2259	20	1491	66.0027	1.27667	36.2	60
HiC_scaffold_418	1	2125	1	150	7.05882	0.0705882	33.4	36
HiC_scaffold_419	1	2021	15	1279	63.2855	1.04948	34.7	60
HiC_scaffold_420	1	2000	15	1573	78.65	1.1035	35.2	60
HiC_scaffold_421	1	2000	10	852	42.6	0.6795	35.3	50
HiC_scaffold_422	1	2000	18	1270	63.5	1.2005	35.7	60
HiC_scaffold_423	1	1676	15	1179	70.3461	1.33771	35.2	52.6
HiC_scaffold_424	1	1484	8	746	50.2695	0.806604	35	41
HiC_scaffold_425	1	1447	15	1049	72.4948	1.50933	34.7	55.9
HiC_scaffold_426	1	1382	18	1174	84.9493	1.9233	35.7	60
HiC_scaffold_427	1	1353	15	1079	79.7487	1.61419	34.8	60
HiC_scaffold_429	1	1175	5	612	52.0851	0.602553	33.4	60
HiC_scaffold_430	1	1138	6	641	56.3269	0.703866	36	55.2
HiC_scaffold_431	1	1108	10	709	63.9892	0.870036	33.6	60
HiC_scaffold_432	1	1097	33	1094	99.7265	4.03282	35.7	59.4
HiC_scaffold_433	1	1005	99	671	66.7662	13.994	35.3	47
HiC_scaffold_434	1	1000	18	999	99.9	2.639	34.6	59.8
HiC_scaffold_435	1	1000	9	619	61.9	1.263	36.4	60
HiC_scaffold_436	1	1000	15	690	69	1.604	36.2	56.9
HiC_scaffold_437	1	1000	8	772	77.2	1.142	36.3	60
HiC_scaffold_438	1	1000	4	362	36.2	0.6	35.4	60
HiC_scaffold_439	1	1000	8	653	65.3	1.117	35.9	60
HiC_scaffold_440	1	1000	6	490	49	0.705	35.6	60
HiC_scaffold_441	1	1000	12	876	87.6	1.719	35	60
HiC_scaffold_442	1	1000	15	838	83.8	2.245	36	60
HiC_scaffold_443	1	1000	9	669	66.9	1.145	36	60
HiC_scaffold_444	1	1000	11	924	92.4	1.51	36.3	57.4
HiC_scaffold_445	1	1000	11	785	78.5	1.251	35.5	60
HiC_scaffold_446	1	1000	16	812	81.2	2.327	35.5	45.2
HiC_scaffold_447	1	1000	4	327	32.7	0.6	35.8	60
HiC_scaffold_448	1	1000	13	457	45.7	1.202	34.7	54
HiC_scaffold_449	1	1000	13	814	81.4	1.757	34.7	60
HiC_scaffold_451	1	1000	1	148	14.8	0.148	36.4	53
HiC_scaffold_452	1	1000	7	696	69.6	1.046	35.4	60
HiC_scaffold_453	1	1000	65	644	64.4	8.016	35.2	46.8
mitochondria	1	17813	39787	17648	99.0737	321.378	35.3	59.1
HiC_scaffold_216	1	22979	0	0	0	0	0	0
HiC_scaffold_219	1	22812	0	0	0	0	0	0
HiC_scaffold_332	1	13083	0	0	0	0	0	0
HiC_scaffold_389	1	5821	0	0	0	0	0	0
HiC_scaffold_428	1	1184	0	0	0	0	0	0
HiC_scaffold_450	1	1000	0	0	0	0	0	0
HiC_scaffold_454	1	2000	0	0	0	0	0	0
