#rname	startpos	endpos	numreads	covbases	coverage	meandepth	meanbaseq	meanmapq
HiC_scaffold_1	1	75050035	902724	58082993	77.3924	1.75498	35.4	59.2
HiC_scaffold_2	1	56816963	682883	43907912	77.2796	1.75278	35.4	59.2
HiC_scaffold_3	1	109611085	1259370	82374215	75.1514	1.67707	35.4	58.8
HiC_scaffold_4	1	81599725	967505	62434088	76.5126	1.73009	35.4	59.1
HiC_scaffold_5	1	72353455	870966	56207022	77.684	1.75637	35.4	59.3
HiC_scaffold_6	1	67692486	818644	52514516	77.5781	1.7642	35.4	59.2
HiC_scaffold_7	1	59159807	709046	45377956	76.704	1.74655	35.4	59
HiC_scaffold_8	1	13479537	83484	7484207	55.5227	0.907891	35.4	59.5
HiC_scaffold_9	1	58964884	710221	45550591	77.2504	1.75645	35.4	59.2
HiC_scaffold_10	1	36732878	436919	28025044	76.2942	1.73262	35.4	59
HiC_scaffold_11	1	27384	229	5921	21.6221	1.23433	35.4	43.6
HiC_scaffold_12	1	33592	4492	9765	29.0694	18.0584	35	46.1
HiC_scaffold_13	1	184337	8393	144806	78.555	6.30413	35.4	51
HiC_scaffold_14	1	85992	3086	45834	53.3003	4.98934	34.9	45.2
HiC_scaffold_15	1	87022	854	26040	29.9235	1.36001	35.2	45.5
HiC_scaffold_16	1	89609	3498	10856	12.1149	4.27583	35.7	51
HiC_scaffold_17	1	164154	2778	54224	33.0324	2.43218	35.2	49.9
HiC_scaffold_18	1	104921	91	7428	7.07961	0.12497	34.7	46.4
HiC_scaffold_19	1	103720	529	33998	32.7786	0.747744	35.5	48.3
HiC_scaffold_20	1	90353	753	34205	37.8571	1.19071	35	50.8
HiC_scaffold_21	1	85252	362	24120	28.2926	0.606778	35.2	46.7
HiC_scaffold_22	1	80500	534	23562	29.2696	0.983143	35.1	50
HiC_scaffold_23	1	75743	421	23101	30.4992	0.80521	35.7	55.2
HiC_scaffold_24	1	75592	1674	17410	23.0315	3.10932	35.2	42.5
HiC_scaffold_25	1	72691	1228	34274	47.1503	2.39673	35.3	53.4
HiC_scaffold_26	1	71458	797	35292	49.3885	1.60413	35.4	46.8
HiC_scaffold_27	1	70045	3064	56352	80.4511	6.15456	35.1	50.7
HiC_scaffold_28	1	68558	87	5141	7.49876	0.175647	35	55.1
HiC_scaffold_29	1	68222	888	20164	29.5564	1.92533	35.5	45.6
HiC_scaffold_30	1	67017	921	36036	53.7714	1.98239	35.3	44.8
HiC_scaffold_31	1	65972	74	7423	11.2517	0.166631	35.2	46.6
HiC_scaffold_32	1	64000	763	33828	52.8563	1.6617	35.4	48.6
HiC_scaffold_33	1	62684	707	20474	32.6622	1.47427	35.3	42.4
HiC_scaffold_34	1	60035	389	25276	42.1021	0.872358	35.4	54.9
HiC_scaffold_35	1	59483	134	11828	19.8847	0.329439	35.4	51.2
HiC_scaffold_36	1	58601	179	4363	7.44527	0.445863	34.9	42
HiC_scaffold_37	1	57907	180	10520	18.1671	0.42886	35.3	47.1
HiC_scaffold_38	1	57623	222	2948	5.11601	0.524547	35.4	38.1
HiC_scaffold_39	1	56881	818	21500	37.7982	1.70495	35.2	49
HiC_scaffold_40	1	56115	639	9335	16.6355	1.4304	35.6	38.5
HiC_scaffold_41	1	55753	760	22707	40.7279	1.95941	35.2	40.8
HiC_scaffold_42	1	55361	120	4972	8.98105	0.30778	35.2	48
HiC_scaffold_43	1	55333	629	10897	19.6935	1.62003	35	39.8
HiC_scaffold_44	1	54697	1867	48909	89.4181	5.02949	35.4	55.7
HiC_scaffold_45	1	54079	74	2396	4.43056	0.151464	35.5	42.7
HiC_scaffold_46	1	53000	240	6797	12.8245	0.666245	35.2	40.2
HiC_scaffold_47	1	52728	2240	24564	46.5863	5.98447	35	48.2
HiC_scaffold_48	1	52696	268	21055	39.9556	0.743662	35.3	54.4
HiC_scaffold_49	1	52574	121	4845	9.21558	0.341443	34.8	42.4
HiC_scaffold_50	1	52452	42	1063	2.02661	0.0426676	35.1	52.8
HiC_scaffold_51	1	52291	203	6262	11.9753	0.506091	35.3	45.3
HiC_scaffold_52	1	50660	440	30174	59.5618	1.27991	35.4	56.9
HiC_scaffold_53	1	50444	1257	32380	64.19	3.66749	35.5	56.1
HiC_scaffold_54	1	50000	661	41864	83.728	1.93232	35.4	59.8
HiC_scaffold_55	1	49402	104	5236	10.5988	0.305554	35.5	45.1
HiC_scaffold_56	1	48994	296	8829	18.0206	0.858513	35.5	44
HiC_scaffold_57	1	48961	151	7070	14.4401	0.454934	35	41.7
HiC_scaffold_58	1	48913	172	12722	26.0094	0.518983	35.7	49.6
HiC_scaffold_59	1	48516	822	12718	26.214	2.51206	35.5	48.2
HiC_scaffold_60	1	48449	354	26851	55.4212	1.06851	35.6	53
HiC_scaffold_61	1	48102	232	11010	22.8889	0.702403	34.8	47.4
HiC_scaffold_62	1	47095	456	32439	68.8799	1.42317	35.5	56
HiC_scaffold_63	1	45946	690	29029	63.1807	2.20962	35.2	51.7
HiC_scaffold_64	1	45702	201	6188	13.5399	0.599733	35.1	46
HiC_scaffold_65	1	45164	388	10116	22.3984	1.18353	35.3	43.3
HiC_scaffold_66	1	45000	927	8536	18.9689	2.87349	35.2	46.5
HiC_scaffold_67	1	44932	944	10605	23.6023	2.69316	35.3	41.6
HiC_scaffold_68	1	44535	57	6001	13.4748	0.190996	35.4	42.6
HiC_scaffold_69	1	43359	376	14293	32.9643	1.26571	35.3	42.9
HiC_scaffold_70	1	43000	361	10170	23.6512	1.09774	35.4	40.2
HiC_scaffold_71	1	42000	384	13884	33.0571	1.22014	35.4	48.1
HiC_scaffold_72	1	41780	51	2722	6.51508	0.181809	35.1	39.6
HiC_scaffold_73	1	41131	51	3932	9.5597	0.177093	35.1	50
HiC_scaffold_74	1	41000	178	12607	30.7488	0.637049	35.5	56.3
HiC_scaffold_75	1	40673	248	4514	11.0983	0.905515	35.5	39.3
HiC_scaffold_76	1	40021	311	6177	15.4344	1.08178	35	40.4
HiC_scaffold_77	1	40000	42	3915	9.7875	0.14905	35.6	52
HiC_scaffold_78	1	39995	170	17272	43.1854	0.629779	35.3	52
HiC_scaffold_79	1	39987	53	5746	14.3697	0.19859	35.3	42.9
HiC_scaffold_80	1	39907	53	3812	9.55221	0.191144	35.4	53.8
HiC_scaffold_81	1	39785	415	7169	18.0194	1.26156	35.1	44
HiC_scaffold_82	1	39714	2131	11266	28.3678	7.53102	35.1	44
HiC_scaffold_83	1	39603	106	9593	24.2229	0.398278	35	51.8
HiC_scaffold_84	1	39032	1410	24425	62.5769	5.08204	35.2	49.6
HiC_scaffold_85	1	38821	366	9000	23.1833	1.35517	35.3	45.1
HiC_scaffold_86	1	38551	316	5731	14.866	1.02978	35	46.9
HiC_scaffold_87	1	38336	184	6927	18.0692	0.70709	35	42.1
HiC_scaffold_88	1	38081	262	7726	20.2883	0.951472	35.2	54.8
HiC_scaffold_89	1	37423	153	1718	4.59076	0.56671	35.5	44.4
HiC_scaffold_90	1	37049	571	9416	25.415	2.28835	35.3	40.8
HiC_scaffold_91	1	37000	472	30745	83.0946	1.87046	35.5	59.9
HiC_scaffold_92	1	36719	49	3274	8.91636	0.193769	35.2	54.2
HiC_scaffold_93	1	36624	467	6884	18.7964	1.75295	35.5	38.6
HiC_scaffold_94	1	36550	174	4326	11.8358	0.708892	35.7	42.1
HiC_scaffold_95	1	35915	1189	17668	49.1939	4.67752	34.9	45.1
HiC_scaffold_96	1	35569	441	11618	32.6633	1.83581	35.2	46.6
HiC_scaffold_97	1	35569	161	9651	27.1332	0.644297	35.7	46.9
HiC_scaffold_98	1	35521	243	5388	15.1685	0.777625	35.2	47.2
HiC_scaffold_99	1	35305	1181	27137	76.8645	4.40312	35.4	58.2
HiC_scaffold_100	1	35285	382	25382	71.9342	1.57673	35.4	57.3
HiC_scaffold_101	1	35090	286	13277	37.837	1.08814	34.6	54.4
HiC_scaffold_102	1	34736	40	3695	10.6374	0.169536	35.8	51.5
HiC_scaffold_103	1	34662	718	14901	42.9894	2.84883	35.4	41.9
HiC_scaffold_104	1	34539	139	11376	32.9367	0.593445	35.6	49.2
HiC_scaffold_105	1	34367	68	4612	13.4199	0.28635	35.5	50.5
HiC_scaffold_106	1	34092	17	895	2.62525	0.0585475	35.9	50.7
HiC_scaffold_107	1	34034	1035	28300	83.1521	4.33705	35.4	58.3
HiC_scaffold_108	1	34000	187	4300	12.6471	0.818324	35.5	38.4
HiC_scaffold_109	1	33013	316	10825	32.7901	1.28062	35	44.5
HiC_scaffold_110	1	32894	44	2592	7.87986	0.172737	35	46.7
HiC_scaffold_111	1	32703	145	10949	33.4801	0.657096	35.5	48
HiC_scaffold_112	1	32055	124	9626	30.0296	0.557136	35.5	52.7
HiC_scaffold_113	1	31996	206	3720	11.6265	0.638674	35.1	45.4
HiC_scaffold_114	1	31869	186	8184	25.6801	0.765415	35.2	50.9
HiC_scaffold_115	1	31497	190	6119	19.4272	0.880147	35.4	42.9
HiC_scaffold_116	1	31452	197	15046	47.838	0.928717	35.3	55.1
HiC_scaffold_117	1	31435	137	11023	35.066	0.651567	35.8	52.2
HiC_scaffold_118	1	31168	269	18152	58.2392	1.25757	35.2	56.7
HiC_scaffold_119	1	31094	58	4602	14.8003	0.277803	35.5	47.6
HiC_scaffold_120	1	31000	105	8305	26.7903	0.499742	35.6	49
HiC_scaffold_121	1	30892	34	3659	11.8445	0.164703	34.9	42.8
HiC_scaffold_122	1	30671	317	6957	22.6827	1.54185	35.5	38.8
HiC_scaffold_123	1	30159	391	24511	81.2726	1.91233	35.5	60
HiC_scaffold_124	1	30112	10	1048	3.48034	0.046161	35.3	37.8
HiC_scaffold_125	1	30000	107	2790	9.3	0.533167	35.1	38.5
HiC_scaffold_126	1	30000	40	3608	12.0267	0.191567	35.6	45.1
HiC_scaffold_127	1	29632	366	5170	17.4474	1.59662	35.2	44.8
HiC_scaffold_128	1	29216	119	8795	30.1034	0.608365	35.4	49.8
HiC_scaffold_129	1	29000	41	2328	8.02759	0.189276	35	53.8
HiC_scaffold_130	1	28743	33	2516	8.75344	0.171903	34.8	46.8
HiC_scaffold_131	1	28267	519	8558	30.2756	2.73283	35.4	41
HiC_scaffold_132	1	28006	395	6687	23.877	2.08359	35.3	40.6
HiC_scaffold_133	1	27859	105	8672	31.1282	0.551779	35.2	53.5
HiC_scaffold_134	1	27837	362	22135	79.5165	1.85914	35.3	59.8
HiC_scaffold_135	1	27503	177	6414	23.3211	0.948042	35.4	42.7
HiC_scaffold_136	1	27405	356	21666	79.0586	1.88776	35.3	59.9
HiC_scaffold_137	1	27128	2	212	0.78148	0.0110587	34.4	42
HiC_scaffold_138	1	27000	133	9577	35.4704	0.708778	35.6	52.2
HiC_scaffold_139	1	26958	60	3635	13.4839	0.315342	35	45.8
HiC_scaffold_140	1	26822	88	3566	13.2951	0.473082	35.2	41.4
HiC_scaffold_141	1	26714	433	9640	36.0859	2.23591	35.2	43.5
HiC_scaffold_142	1	26597	372	12457	46.8361	1.93409	35	46.4
HiC_scaffold_143	1	26526	55	2389	9.00626	0.255598	35.1	51.4
HiC_scaffold_144	1	26403	182	3688	13.9681	1.0295	35.1	42
HiC_scaffold_145	1	26321	587	13219	50.2223	3.27898	35.1	41.7
HiC_scaffold_146	1	26302	222	3117	11.8508	1.12813	34.7	36.9
HiC_scaffold_147	1	26228	80	4943	18.8463	0.439873	35.6	50.4
HiC_scaffold_148	1	26220	375	6257	23.8635	2.11659	35.3	40.5
HiC_scaffold_149	1	26169	43	4054	15.4916	0.237915	35.8	50.6
HiC_scaffold_150	1	26140	366	21682	82.9457	2.0474	35.2	59.9
HiC_scaffold_151	1	25970	88	3785	14.5745	0.49896	35.2	39.6
HiC_scaffold_152	1	25914	57	2896	11.1754	0.304199	35.3	43.4
HiC_scaffold_153	1	25756	17	2021	7.84672	0.0974918	35.6	45.6
HiC_scaffold_154	1	25701	109	8287	32.2439	0.616396	35	53.9
HiC_scaffold_155	1	25484	356	9998	39.2325	2.03775	35.3	42.2
HiC_scaffold_156	1	25347	1028	12756	50.3255	5.58405	35	45.7
HiC_scaffold_157	1	25300	167	6768	26.751	0.97253	35	44.2
HiC_scaffold_158	1	25137	510	9374	37.2916	2.92266	35.3	41.3
HiC_scaffold_159	1	25068	60	2715	10.8305	0.354476	35.7	48.7
HiC_scaffold_160	1	25021	232	13824	55.2496	1.33804	35.4	57.1
HiC_scaffold_161	1	25021	46	4233	16.9178	0.275049	35.2	47.4
HiC_scaffold_162	1	25013	478	1733	6.9284	2.14648	35.2	44.1
HiC_scaffold_163	1	25000	8	755	3.02	0.04776	34.9	33.8
HiC_scaffold_164	1	25000	16	713	2.852	0.09256	33.7	35
HiC_scaffold_165	1	25000	2	299	1.196	0.01196	35.3	34
HiC_scaffold_166	1	25000	175	4448	17.792	1.02252	35	37.5
HiC_scaffold_167	1	25000	334	20756	83.024	1.86988	35.2	59
HiC_scaffold_168	1	25000	377	21740	86.96	2.21224	35.4	59.9
HiC_scaffold_169	1	25000	370	20556	82.224	2.16316	35.5	59.3
HiC_scaffold_170	1	25000	365	21769	87.076	2.1388	35.4	59.9
HiC_scaffold_171	1	25000	288	18618	74.472	1.67704	35.6	59.8
HiC_scaffold_172	1	25000	361	19898	79.592	2.09736	35.4	59.9
HiC_scaffold_173	1	25000	312	20623	82.492	1.82476	35.4	59.9
HiC_scaffold_174	1	25000	340	21437	85.748	1.93308	35.2	59.7
HiC_scaffold_175	1	25000	301	19187	76.748	1.77348	35.3	59.9
HiC_scaffold_176	1	25000	303	18262	73.048	1.74512	35.5	59.4
HiC_scaffold_177	1	25000	362	20446	81.784	2.0644	35.4	59.3
HiC_scaffold_178	1	25000	310	20049	80.196	1.77408	35.4	59.7
HiC_scaffold_179	1	25000	321	19141	76.564	1.87376	35.3	60
HiC_scaffold_180	1	25000	262	14014	56.056	1.52292	35.4	57.2
HiC_scaffold_181	1	25000	308	19651	78.604	1.79776	35.7	59.9
HiC_scaffold_182	1	25000	303	20267	81.068	1.794	35.3	60
HiC_scaffold_183	1	25000	141	4539	18.156	0.8196	35.5	44.9
HiC_scaffold_184	1	25000	344	20945	83.78	1.98992	35.3	59.8
HiC_scaffold_185	1	25000	597	23994	95.976	3.45992	35.3	59.8
HiC_scaffold_186	1	25000	315	19382	77.528	1.83632	35.5	60
HiC_scaffold_187	1	25000	18	1596	6.384	0.10208	35.9	46.9
HiC_scaffold_188	1	24887	223	4914	19.7452	1.20625	35.4	43.3
HiC_scaffold_189	1	24881	726	16035	64.4468	3.58498	35.3	42.5
HiC_scaffold_190	1	24860	198	14091	56.6814	1.16899	35.2	56.3
HiC_scaffold_191	1	24785	140	10307	41.5856	0.838854	35.7	49.1
HiC_scaffold_192	1	24606	31	2275	9.24571	0.176949	35.2	42
HiC_scaffold_193	1	24582	142	3189	12.9729	0.840412	35.2	46.2
HiC_scaffold_194	1	24552	569	11144	45.3894	3.24532	35.3	48.3
HiC_scaffold_195	1	24515	96	7290	29.7369	0.559698	35.3	52.7
HiC_scaffold_196	1	24429	123	5679	23.247	0.705514	35.6	51.7
HiC_scaffold_197	1	24404	79	5411	22.1726	0.482913	35.6	53.7
HiC_scaffold_198	1	24065	209	14784	61.4336	1.24683	35.5	56.5
HiC_scaffold_199	1	24034	40	3965	16.4975	0.247857	35.8	48.2
HiC_scaffold_200	1	24000	28	1580	6.58333	0.170958	35.9	46.6
HiC_scaffold_201	1	24000	828	5441	22.6708	5.12246	35.4	46
HiC_scaffold_202	1	23940	325	4793	20.0209	1.91036	35.2	41.1
HiC_scaffold_203	1	23878	62	1509	6.31962	0.382779	35.5	37.6
HiC_scaffold_204	1	23813	76	6358	26.6997	0.472347	35.3	54.3
HiC_scaffold_205	1	23764	54	5305	22.3237	0.326713	35.8	53.2
HiC_scaffold_206	1	23660	2	204	0.862215	0.0126796	36.6	40.5
HiC_scaffold_207	1	23581	227	17136	72.6687	1.42865	35.1	53.1
HiC_scaffold_208	1	23490	44	2404	10.2341	0.275947	35.2	42.8
HiC_scaffold_209	1	23453	117	8848	37.7265	0.730141	35.5	54.8
HiC_scaffold_210	1	23041	44	3310	14.3657	0.272731	35.7	58.3
HiC_scaffold_211	1	23000	433	3398	14.7739	2.80757	35.6	39.3
HiC_scaffold_212	1	23000	133	7681	33.3957	0.859957	35.6	47.4
HiC_scaffold_213	1	23000	32	2155	9.36957	0.194783	35.6	46.8
HiC_scaffold_214	1	23000	130	5450	23.6957	0.825261	35.4	37.4
HiC_scaffold_215	1	23000	71	4416	19.2	0.443478	35.5	56.6
HiC_scaffold_216	1	22979	7	869	3.78171	0.0453893	35.5	38.3
HiC_scaffold_217	1	22964	130	4543	19.7831	0.82969	35.2	42.8
HiC_scaffold_218	1	22956	126	10297	44.8554	0.818217	35.3	50.1
HiC_scaffold_220	1	22604	148	12447	55.0655	0.971067	35.4	52.4
HiC_scaffold_221	1	22426	19	1204	5.36877	0.112236	36.1	60
HiC_scaffold_222	1	22303	202	9597	43.0301	1.32834	35.6	46.9
HiC_scaffold_223	1	22199	102	4694	21.1451	0.66949	35.6	48.8
HiC_scaffold_224	1	22128	8	731	3.30351	0.054004	35.9	50.2
HiC_scaffold_225	1	22127	2	300	1.35581	0.0135581	33.9	44.5
HiC_scaffold_226	1	21688	64	5543	25.5579	0.432405	35.4	55
HiC_scaffold_227	1	21648	228	15035	69.4521	1.51524	35.7	53
HiC_scaffold_228	1	21608	206	10578	48.9541	1.26356	35.2	50.8
HiC_scaffold_229	1	21598	10	951	4.40319	0.0693583	35.6	40.3
HiC_scaffold_230	1	21510	13	924	4.29568	0.0903766	35.8	58.5
HiC_scaffold_231	1	21437	73	3744	17.4651	0.504315	35	43
HiC_scaffold_232	1	21282	110	9580	45.0146	0.766046	35.3	48.9
HiC_scaffold_233	1	20959	176	5221	24.9105	1.11928	35.1	40
HiC_scaffold_234	1	20824	33	2228	10.6992	0.236698	35	46.5
HiC_scaffold_235	1	20622	64	4570	22.1608	0.439046	35.5	53
HiC_scaffold_236	1	20377	46	4377	21.4801	0.332237	35.5	47.7
HiC_scaffold_237	1	20369	80	6044	29.6725	0.581275	35.1	52.9
HiC_scaffold_238	1	20340	28	2461	12.0993	0.204031	34.5	52
HiC_scaffold_239	1	20281	32	1363	6.72058	0.224594	34	40.3
HiC_scaffold_240	1	20166	38	2880	14.2815	0.271298	35	50.9
HiC_scaffold_241	1	20140	185	8641	42.9047	1.32781	35.5	51.9
HiC_scaffold_242	1	20135	231	14736	73.186	1.64947	35.7	59.6
HiC_scaffold_243	1	20122	25	1675	8.32422	0.185817	35.2	56.6
HiC_scaffold_244	1	20044	38	2140	10.6765	0.270754	35.9	42.9
HiC_scaffold_245	1	20021	41	2302	11.4979	0.293792	35.1	58.2
HiC_scaffold_246	1	20000	34	1716	8.58	0.24365	35.3	55.9
HiC_scaffold_247	1	20000	45	2704	13.52	0.30915	35.4	55.4
HiC_scaffold_248	1	19739	578	8940	45.291	4.30609	35.3	42.9
HiC_scaffold_249	1	19737	2	300	1.51999	0.0151999	36.5	30
HiC_scaffold_250	1	19724	30	1599	8.10687	0.225309	35.9	50
HiC_scaffold_251	1	19667	22	1460	7.4236	0.155591	35.1	38.3
HiC_scaffold_252	1	19649	49	5151	26.2151	0.369993	35.7	48.1
HiC_scaffold_253	1	19394	40	4403	22.7029	0.30824	35.2	50.6
HiC_scaffold_254	1	19304	49	3647	18.8925	0.353657	35.2	50
HiC_scaffold_255	1	19231	18	2179	11.3307	0.136862	35.6	45.3
HiC_scaffold_256	1	19176	132	7283	37.9798	1.0158	35.7	50.4
HiC_scaffold_257	1	19156	2031	6947	36.2654	14.7759	35.2	43.3
HiC_scaffold_258	1	19143	89	1463	7.64248	0.614637	35.1	45.5
HiC_scaffold_259	1	19058	29	3219	16.8905	0.227621	35.9	46.2
HiC_scaffold_260	1	19000	188	5629	29.6263	1.46926	35.4	41.7
HiC_scaffold_261	1	18934	8	836	4.41534	0.0632724	35.8	53.4
HiC_scaffold_262	1	18930	411	8089	42.7311	3.15061	35.2	44.9
HiC_scaffold_263	1	18729	231	15098	80.613	1.80346	35.5	58.1
HiC_scaffold_264	1	18528	51	2725	14.7075	0.370358	36.1	60
HiC_scaffold_265	1	18283	50	2440	13.3457	0.390964	34.8	44.4
HiC_scaffold_266	1	18272	58	1303	7.13113	0.357542	35.6	44.2
HiC_scaffold_267	1	18066	32	3019	16.7109	0.265416	35.3	46.1
HiC_scaffold_268	1	18044	35	2176	12.0594	0.278818	35.9	42
HiC_scaffold_269	1	18026	54	3893	21.5966	0.432431	35.3	57.7
HiC_scaffold_270	1	18000	112	6362	35.3444	0.912167	34.9	47
HiC_scaffold_271	1	18000	119	8153	45.2944	0.977389	35.6	49.7
HiC_scaffold_272	1	18000	101	2760	15.3333	0.825556	35.4	41
HiC_scaffold_273	1	17971	132	6241	34.7282	1.09298	35.5	45.8
HiC_scaffold_274	1	17888	70	4518	25.2572	0.578041	35.1	43.6
HiC_scaffold_275	1	17782	22	2588	14.554	0.185468	35.1	54.7
HiC_scaffold_276	1	17690	50	4843	27.377	0.416337	35.7	46.2
HiC_scaffold_277	1	17675	39	3138	17.7539	0.32843	34.8	41.4
HiC_scaffold_278	1	17531	2	252	1.43745	0.0143745	33.9	60
HiC_scaffold_279	1	17508	286	2706	15.4558	1.3997	35.2	48
HiC_scaffold_280	1	17420	73	5925	34.0126	0.627153	35	51.3
HiC_scaffold_281	1	17399	33	2577	14.8112	0.27605	35.2	54.3
HiC_scaffold_282	1	17398	69	5715	32.8486	0.588343	35.3	50.6
HiC_scaffold_283	1	17257	1062	8281	47.9863	7.52854	35	51.9
HiC_scaffold_284	1	17224	236	15001	87.0936	2.02241	35.6	54.5
HiC_scaffold_285	1	17131	72	4781	27.9085	0.618294	35.6	51.3
HiC_scaffold_286	1	17073	36	2483	14.5434	0.310256	34.6	54.2
HiC_scaffold_287	1	17000	59	3821	22.4765	0.489235	34.4	45.6
HiC_scaffold_288	1	16908	15	1003	5.9321	0.107227	34.7	56.8
HiC_scaffold_289	1	16758	94	1755	10.4726	0.728846	34.8	45.5
HiC_scaffold_290	1	16602	91	2990	18.0099	0.763944	34.5	41.2
HiC_scaffold_291	1	16449	174	1004	6.10371	1.1698	35.3	43
HiC_scaffold_292	1	16346	33	2576	15.7592	0.301175	35.7	54.5
HiC_scaffold_293	1	16263	328	1511	9.29103	2.75177	35.1	42.6
HiC_scaffold_294	1	16061	98	5934	36.9466	0.89434	35.7	51.1
HiC_scaffold_295	1	16000	12	853	5.33125	0.100687	35	57.2
HiC_scaffold_296	1	16000	86	4880	30.5	0.791188	35.6	49.9
HiC_scaffold_297	1	16000	20	2061	12.8812	0.185625	35.9	51.6
HiC_scaffold_298	1	16000	62	3374	21.0875	0.565125	35	43.6
HiC_scaffold_299	1	16000	32	2682	16.7625	0.284938	34.2	47.8
HiC_scaffold_300	1	15603	97	4988	31.9682	0.922964	35	45.8
HiC_scaffold_301	1	15565	4	297	1.90813	0.0314166	35.6	58.8
HiC_scaffold_302	1	15554	164	3938	25.3182	1.57831	35.5	40
HiC_scaffold_303	1	15467	167	8395	54.2768	1.54135	35.1	46.3
HiC_scaffold_304	1	15433	70	2901	18.7974	0.669734	35.5	37.5
HiC_scaffold_305	1	15221	30	2099	13.7902	0.294199	35.3	49
HiC_scaffold_306	1	15208	17	852	5.60231	0.167215	35.3	60
HiC_scaffold_307	1	15128	20	1188	7.85299	0.151573	34.6	55.1
HiC_scaffold_308	1	15037	34	3541	23.5486	0.32686	36.3	53.3
HiC_scaffold_309	1	15027	60	3975	26.4524	0.586411	34.1	50.9
HiC_scaffold_310	1	15014	58	6006	40.0027	0.568869	35.5	60
HiC_scaffold_311	1	15000	47	3984	26.56	0.4594	35.4	49.9
HiC_scaffold_312	1	14886	143	9863	66.2569	1.42301	35.6	50.2
HiC_scaffold_313	1	14872	62	2449	16.4672	0.620629	35	40.4
HiC_scaffold_314	1	14743	28	1877	12.7315	0.264193	35.7	58.7
HiC_scaffold_315	1	14719	20	1366	9.28052	0.186562	35.9	50.2
HiC_scaffold_316	1	14619	56	5309	36.3158	0.561461	35.1	53.7
HiC_scaffold_317	1	14567	38	3861	26.5051	0.390678	35.7	49.2
HiC_scaffold_318	1	14553	29	2306	15.8455	0.277606	35.2	44.3
HiC_scaffold_319	1	14548	155	8340	57.3275	1.56544	35.6	48.7
HiC_scaffold_320	1	14465	40	2769	19.1428	0.40878	35.9	52.1
HiC_scaffold_321	1	14408	138	7032	48.8062	1.40228	35	46.9
HiC_scaffold_322	1	14386	22	2278	15.8348	0.228556	35.5	46
HiC_scaffold_323	1	14298	459	8864	61.9947	3.96475	34.2	48.8
HiC_scaffold_324	1	14091	138	6939	49.2442	1.4566	35.6	48.5
HiC_scaffold_325	1	14000	127	5290	37.7857	1.33664	35.6	44.4
HiC_scaffold_326	1	14000	59	3017	21.55	0.621929	35.2	45.2
HiC_scaffold_327	1	13966	72	5172	37.0328	0.766862	36	46.3
HiC_scaffold_328	1	13312	174	10490	78.8011	1.9197	35.2	59.9
HiC_scaffold_329	1	13309	93	7889	59.2757	1.04719	35.6	48.4
HiC_scaffold_330	1	13245	90	6486	48.9694	0.989052	35.2	52.6
HiC_scaffold_331	1	13138	212	11772	89.6027	2.3671	35.3	59.3
HiC_scaffold_332	1	13083	2	300	2.29305	0.0229305	34.8	31
HiC_scaffold_333	1	13000	50	3411	26.2385	0.553154	34.7	45.6
HiC_scaffold_334	1	13000	52	3488	26.8308	0.579231	35.5	52.5
HiC_scaffold_335	1	13000	50	3362	25.8615	0.542231	35.3	53.1
HiC_scaffold_336	1	12527	333	5977	47.7129	3.88952	35.2	40.4
HiC_scaffold_337	1	12325	22	2164	17.5578	0.261907	34.7	45.6
HiC_scaffold_338	1	12210	17	1246	10.2048	0.190745	35	51.4
HiC_scaffold_339	1	12140	117	7731	63.682	1.39069	35.5	55.9
HiC_scaffold_340	1	12103	192	3262	26.952	2.33727	35.1	46.5
HiC_scaffold_341	1	11792	7	523	4.43521	0.0742028	35.6	57.1
HiC_scaffold_342	1	11769	41	1578	13.4081	0.522219	35.6	41.9
HiC_scaffold_343	1	11768	80	5081	43.1764	0.933124	35.6	53
HiC_scaffold_344	1	11552	134	9477	82.0377	1.64829	35.3	56.3
HiC_scaffold_345	1	11294	24	1542	13.6533	0.309633	35.6	57.4
HiC_scaffold_346	1	11220	120	8404	74.902	1.53173	35.1	57.9
HiC_scaffold_347	1	11009	2339	7359	66.8453	29.9181	35	41.3
HiC_scaffold_348	1	11007	77	5438	49.4049	1.01526	34.5	50.8
HiC_scaffold_349	1	11000	133	8648	78.6182	1.79973	35.5	55.5
HiC_scaffold_350	1	10932	34	2150	19.667	0.445115	35.4	45.7
HiC_scaffold_351	1	10903	79	5900	54.1135	1.05338	35.4	56.7
HiC_scaffold_352	1	10862	131	7898	72.7122	1.69683	35.6	58.6
HiC_scaffold_353	1	10825	38	3559	32.8776	0.524988	35.1	53.8
HiC_scaffold_354	1	10780	105	7201	66.7996	1.42746	36	55.8
HiC_scaffold_355	1	10606	7	935	8.81576	0.0990006	34.9	57.1
HiC_scaffold_356	1	10316	10	681	6.6014	0.139783	36.4	58.4
HiC_scaffold_357	1	10313	91	6805	65.9847	1.2715	35.5	55.5
HiC_scaffold_358	1	10116	26	1953	19.306	0.376532	35.4	52.8
HiC_scaffold_359	1	9728	814	3886	39.9465	11.4712	35.2	40.6
HiC_scaffold_360	1	9582	54	1943	20.2776	0.839386	35.6	52.3
HiC_scaffold_361	1	9577	38	3611	37.7049	0.591835	35	47.9
HiC_scaffold_362	1	9324	42	3432	36.8082	0.655084	35	46
HiC_scaffold_363	1	9309	126	8014	86.0887	1.98904	35.1	59.6
HiC_scaffold_364	1	9000	22	1203	13.3667	0.326778	34.8	51.5
HiC_scaffold_365	1	8972	33	2781	30.9964	0.522403	35.4	52.2
HiC_scaffold_366	1	8717	2	279	3.20064	0.0320064	36.1	50
HiC_scaffold_367	1	8598	50	3040	35.3571	0.787043	34.6	49.9
HiC_scaffold_368	1	8517	29	1953	22.9306	0.45779	35.8	53
HiC_scaffold_369	1	8159	37	3100	37.9949	0.672264	35.1	52.4
HiC_scaffold_370	1	8000	13	826	10.325	0.23475	34	39.1
HiC_scaffold_371	1	7755	23	2339	30.1612	0.435332	35.6	53.6
HiC_scaffold_372	1	7349	15	1386	18.8597	0.283984	35.7	59
HiC_scaffold_373	1	7312	39	3301	45.145	0.758069	35.2	51.8
HiC_scaffold_374	1	7226	28	2340	32.3831	0.558677	35.8	56.8
HiC_scaffold_375	1	7101	26	1637	23.0531	0.538234	35.1	53.2
HiC_scaffold_376	1	7000	80	2977	42.5286	1.633	35.4	39.8
HiC_scaffold_377	1	7000	64	4292	61.3143	1.31314	35.1	57
HiC_scaffold_378	1	7000	60	2039	29.1286	1.24486	35.5	38.7
HiC_scaffold_379	1	6605	96	3385	51.2491	1.99924	35	50.2
HiC_scaffold_380	1	6537	89	5498	84.1059	1.99128	35.4	57.4
HiC_scaffold_381	1	6484	66	4237	65.3455	1.46622	35	58.9
HiC_scaffold_382	1	6459	48	3248	50.2864	1.08964	35.3	52.3
HiC_scaffold_383	1	6245	12	1173	18.783	0.281505	35.5	50
HiC_scaffold_384	1	6125	107	5502	89.8286	2.56963	35.6	51.6
HiC_scaffold_385	1	6000	62	4214	70.2333	1.49417	35.4	56
HiC_scaffold_386	1	6000	23	1738	28.9667	0.563333	35.2	58.5
HiC_scaffold_387	1	6000	64	4627	77.1167	1.561	35.5	48
HiC_scaffold_388	1	5993	29	2435	40.6307	0.709161	34.2	43.3
HiC_scaffold_389	1	5821	58	4487	77.083	1.48978	35.3	49
HiC_scaffold_390	1	5673	83	4672	82.355	2.18738	35.2	48.7
HiC_scaffold_391	1	5000	20	1247	24.94	0.5608	33.4	60
HiC_scaffold_392	1	5000	25	1996	39.92	0.6954	35.4	53.5
HiC_scaffold_393	1	4994	4797	4317	86.4437	131.418	35.1	47.4
HiC_scaffold_394	1	4893	64	3852	78.7247	1.91457	35.8	52.2
HiC_scaffold_395	1	4891	51	2886	59.0063	1.36945	35.2	59.7
HiC_scaffold_396	1	4877	16	1931	39.594	0.491901	35.8	44.6
HiC_scaffold_397	1	4000	16	1267	31.675	0.559	34.4	50.1
HiC_scaffold_398	1	4000	68	3255	81.375	2.47275	35.3	58.5
HiC_scaffold_399	1	4000	19	1762	44.05	0.7105	35.5	52.8
HiC_scaffold_400	1	4000	299	1406	35.15	9.17975	34.7	45.1
HiC_scaffold_401	1	3971	47	2933	73.8605	1.655	35.7	60
HiC_scaffold_402	1	3919	8	524	13.3708	0.248533	35.6	55.4
HiC_scaffold_403	1	3281	30	2313	70.4968	1.36666	34.7	55.7
HiC_scaffold_404	1	3264	1	149	4.56495	0.0456495	34.7	48
HiC_scaffold_405	1	3259	32	2763	84.7806	1.41853	35	60
HiC_scaffold_406	1	3042	14	1182	38.856	0.688692	35.4	46.6
HiC_scaffold_407	1	3035	36	2433	80.1647	1.71005	35	60
HiC_scaffold_409	1	3003	16	1285	42.7905	0.784216	36.3	51.6
HiC_scaffold_410	1	3000	31	1877	62.5667	1.417	35.5	56.8
HiC_scaffold_411	1	3000	175	1847	61.5667	8.552	34.9	42.6
HiC_scaffold_412	1	3000	41	2342	78.0667	1.89667	35.6	55.8
HiC_scaffold_413	1	3000	44	2647	88.2333	1.98933	35.4	55.7
HiC_scaffold_414	1	3000	25	2114	70.4667	1.249	35.4	54.8
HiC_scaffold_415	1	2897	20	1669	57.6113	1.03279	35.8	54.1
HiC_scaffold_416	1	2563	108	1487	58.0179	4.98322	34.8	49.2
HiC_scaffold_417	1	2259	45	2130	94.2895	2.70916	35.8	59.3
HiC_scaffold_418	1	2125	9	695	32.7059	0.629176	35.9	60
HiC_scaffold_419	1	2021	27	1744	86.2939	1.92974	34.3	59.7
HiC_scaffold_420	1	2000	16	1446	72.3	1.1095	35.3	60
HiC_scaffold_421	1	2000	9	1114	55.7	0.674	36.3	53.1
HiC_scaffold_422	1	2000	26	1707	85.35	1.7515	34.4	60
HiC_scaffold_423	1	1676	7	848	50.5967	0.597255	35.3	48.4
HiC_scaffold_424	1	1484	2	120	8.08625	0.154313	36.6	60
HiC_scaffold_425	1	1447	8	602	41.6033	0.806496	36.3	60
HiC_scaffold_426	1	1382	16	941	68.0897	1.5369	35	60
HiC_scaffold_427	1	1353	18	1108	81.8921	1.83444	35.3	60
HiC_scaffold_428	1	1184	5	644	54.3919	0.631757	36.7	49.6
HiC_scaffold_429	1	1175	13	830	70.6383	1.53447	36.4	60
HiC_scaffold_430	1	1138	15	965	84.7979	1.59227	35.8	60
HiC_scaffold_431	1	1108	11	835	75.361	1.29422	36	60
HiC_scaffold_432	1	1097	32	1097	100	4.1577	35.6	57.6
HiC_scaffold_433	1	1005	64	722	71.8408	9.01095	35.2	43.4
HiC_scaffold_434	1	1000	14	858	85.8	1.979	36.3	57.1
HiC_scaffold_435	1	1000	19	971	97.1	2.464	35.4	59.5
HiC_scaffold_436	1	1000	16	691	69.1	1.776	36.3	59.1
HiC_scaffold_437	1	1000	10	768	76.8	1.375	33.9	60
HiC_scaffold_438	1	1000	19	933	93.3	2.596	36.1	60
HiC_scaffold_439	1	1000	20	792	79.2	2.371	35.7	60
HiC_scaffold_440	1	1000	18	935	93.5	2.414	35.1	60
HiC_scaffold_441	1	1000	7	459	45.9	0.939	34.5	60
HiC_scaffold_442	1	1000	14	866	86.6	1.968	35.9	60
HiC_scaffold_443	1	1000	16	800	80	2.187	35.2	60
HiC_scaffold_444	1	1000	13	938	93.8	1.942	35.5	60
HiC_scaffold_445	1	1000	14	626	62.6	1.475	36.1	60
HiC_scaffold_446	1	1000	20	764	76.4	2.83	35.8	42.4
HiC_scaffold_447	1	1000	16	953	95.3	2.327	36	58
HiC_scaffold_448	1	1000	15	737	73.7	1.536	34.2	56.6
HiC_scaffold_449	1	1000	9	883	88.3	1.282	35.7	60
HiC_scaffold_450	1	1000	11	740	74	1.647	35.9	53.1
HiC_scaffold_451	1	1000	6	532	53.2	0.899	36.6	60
HiC_scaffold_452	1	1000	18	893	89.3	2.696	35.7	60
HiC_scaffold_453	1	1000	48	748	74.8	6.32	35.2	41.2
mitochondria	1	17813	66383	17686	99.287	539.171	35.4	59.4
HiC_scaffold_219	1	22812	0	0	0	0	0	0
HiC_scaffold_408	1	3003	0	0	0	0	0	0
HiC_scaffold_454	1	2000	0	0	0	0	0	0
