#rname	startpos	endpos	numreads	covbases	coverage	meandepth	meanbaseq	meanmapq
HiC_scaffold_1	1	75050035	915618	58549063	78.0134	1.77976	35.6	59.2
HiC_scaffold_2	1	56816963	694543	44391846	78.1313	1.78244	35.5	59.2
HiC_scaffold_3	1	109611085	1286214	83288143	75.9851	1.71386	35.6	58.8
HiC_scaffold_4	1	81599725	982037	63027486	77.2398	1.75647	35.6	59.1
HiC_scaffold_5	1	72353455	891686	56861932	78.5891	1.79796	35.6	59.3
HiC_scaffold_6	1	67692486	832758	52963825	78.2418	1.79467	35.5	59.2
HiC_scaffold_7	1	59159807	720840	45776300	77.3774	1.776	35.5	59.1
HiC_scaffold_8	1	13479537	86285	7640918	56.6853	0.937671	35.6	59.5
HiC_scaffold_9	1	58964884	724670	45954665	77.9356	1.79173	35.5	59.2
HiC_scaffold_10	1	36732878	448033	28315502	77.0849	1.77622	35.5	59
HiC_scaffold_11	1	27384	258	5929	21.6513	1.383	35.3	44.6
HiC_scaffold_12	1	33592	1694	8164	24.3034	6.55707	35.1	45.2
HiC_scaffold_13	1	184337	9740	147799	80.1787	7.32677	35.6	51.1
HiC_scaffold_14	1	85992	4394	54356	63.2105	7.10292	35	46.5
HiC_scaffold_15	1	87022	1506	31121	35.7622	2.381	35.2	46.6
HiC_scaffold_16	1	89609	3656	12861	14.3524	4.44646	35.7	50.7
HiC_scaffold_17	1	164154	2091	52932	32.2453	1.80728	35.4	50.8
HiC_scaffold_18	1	104921	81	5709	5.44124	0.109149	35.7	41.5
HiC_scaffold_19	1	103720	579	35928	34.6394	0.803914	35.5	47.2
HiC_scaffold_20	1	90353	554	31661	35.0414	0.88007	35.4	50.5
HiC_scaffold_21	1	85252	465	25702	30.1483	0.768803	35.3	46.9
HiC_scaffold_22	1	80500	496	21410	26.5963	0.912745	35.4	47.6
HiC_scaffold_23	1	75743	366	22498	29.7031	0.708937	35.5	52.3
HiC_scaffold_24	1	75592	1624	20038	26.5081	3.02422	35.2	43
HiC_scaffold_25	1	72691	1880	35763	49.1987	3.7437	35.4	54.3
HiC_scaffold_26	1	71458	758	37117	51.9424	1.52898	35.5	47.8
HiC_scaffold_27	1	70045	3379	56508	80.6739	6.82791	35.4	52.7
HiC_scaffold_28	1	68558	251	6886	10.0441	0.4133	34.9	54
HiC_scaffold_29	1	68222	1133	19247	28.2123	2.45553	35.5	44.6
HiC_scaffold_30	1	67017	812	36339	54.2236	1.76142	35.3	45.8
HiC_scaffold_31	1	65972	100	8500	12.8843	0.222898	35.5	48
HiC_scaffold_32	1	64000	781	37814	59.0844	1.68967	35.4	50
HiC_scaffold_33	1	62684	857	22551	35.9757	1.76638	35.2	42.7
HiC_scaffold_34	1	60035	549	33806	56.3105	1.29198	35.6	56
HiC_scaffold_35	1	59483	110	10593	17.8084	0.273624	35.6	49.7
HiC_scaffold_36	1	58601	1080	6839	11.6704	2.70936	35.2	49.3
HiC_scaffold_37	1	57907	170	11069	19.1151	0.400383	35.8	47.1
HiC_scaffold_38	1	57623	312	3255	5.64879	0.728494	35.5	39.5
HiC_scaffold_39	1	56881	886	21541	37.8703	1.78248	35.5	49
HiC_scaffold_40	1	56115	637	11322	20.1764	1.45478	35.7	38.7
HiC_scaffold_41	1	55753	1233	24878	44.6218	3.22038	35.2	40.6
HiC_scaffold_42	1	55361	120	5214	9.41818	0.306642	35.1	47.2
HiC_scaffold_43	1	55333	836	11555	20.8827	2.14039	35.2	39.4
HiC_scaffold_44	1	54697	2313	48604	88.8604	6.2451	35.6	55.8
HiC_scaffold_45	1	54079	114	4625	8.5523	0.252372	35.1	46.2
HiC_scaffold_46	1	53000	265	8718	16.4491	0.723396	35.5	40
HiC_scaffold_47	1	52728	1542	16735	31.7384	4.15155	35	48
HiC_scaffold_48	1	52696	377	24125	45.7815	1.04642	35.6	52.7
HiC_scaffold_49	1	52574	106	3974	7.55887	0.295831	35.4	40.2
HiC_scaffold_50	1	52452	35	1351	2.57569	0.0456036	35.7	48.9
HiC_scaffold_51	1	52291	309	5879	11.2429	0.779943	34.8	42.9
HiC_scaffold_52	1	50660	470	31485	62.1496	1.37386	35.5	56.8
HiC_scaffold_53	1	50444	1656	32056	63.5477	4.8405	35.6	55.7
HiC_scaffold_54	1	50000	660	41126	82.252	1.92088	35.4	59.7
HiC_scaffold_55	1	49402	133	7156	14.4852	0.399154	35.3	44.3
HiC_scaffold_56	1	48994	319	9029	18.4288	0.912479	35.6	42.2
HiC_scaffold_57	1	48961	107	7173	14.6504	0.316047	35.2	46.8
HiC_scaffold_58	1	48913	690	34289	70.102	2.07188	35.7	52.1
HiC_scaffold_59	1	48516	289	14899	30.7095	0.883193	35.5	47.5
HiC_scaffold_60	1	48449	349	26668	55.0434	1.06978	35.7	52.2
HiC_scaffold_61	1	48102	258	11177	23.236	0.77317	34.6	47.4
HiC_scaffold_62	1	47095	567	35092	74.5132	1.77286	35.7	56.8
HiC_scaffold_63	1	45946	698	27358	59.5438	2.22113	35.5	51.7
HiC_scaffold_64	1	45702	249	6045	13.227	0.746094	35.3	45.7
HiC_scaffold_65	1	45164	670	12707	28.1352	2.03653	35	43.6
HiC_scaffold_66	1	45000	2122	9185	20.4111	6.56289	35.3	48.5
HiC_scaffold_67	1	44932	806	10711	23.8382	2.23293	35.4	41.5
HiC_scaffold_68	1	44535	75	6053	13.5916	0.246099	35.6	44.6
HiC_scaffold_69	1	43359	343	13743	31.6958	1.16315	35.4	44.5
HiC_scaffold_70	1	43000	340	9986	23.2233	1.00984	35.5	39.9
HiC_scaffold_71	1	42000	341	14392	34.2667	1.0875	35.5	49.6
HiC_scaffold_72	1	41780	42	2422	5.79703	0.14763	35.1	42.7
HiC_scaffold_73	1	41131	81	4935	11.9982	0.290243	35.2	45.5
HiC_scaffold_74	1	41000	193	13144	32.0585	0.695927	35.6	55.8
HiC_scaffold_75	1	40673	207	5648	13.8864	0.759447	35.3	41.7
HiC_scaffold_76	1	40021	236	5708	14.2625	0.820119	35.1	40
HiC_scaffold_77	1	40000	85	6054	15.135	0.31315	34.6	49.8
HiC_scaffold_78	1	39995	174	16747	41.8727	0.63928	35.5	52.5
HiC_scaffold_79	1	39987	38	3947	9.87071	0.142046	36	41.9
HiC_scaffold_80	1	39907	71	4190	10.4994	0.256797	35.5	52.7
HiC_scaffold_81	1	39785	525	7341	18.4517	1.58658	35.5	44.1
HiC_scaffold_82	1	39714	1975	11738	29.5563	6.89903	35.3	44.5
HiC_scaffold_83	1	39603	140	11157	28.1721	0.521804	35.5	53.5
HiC_scaffold_84	1	39032	1305	25998	66.6069	4.71844	35.3	48.7
HiC_scaffold_85	1	38821	322	10275	26.4676	1.18642	35.4	43.6
HiC_scaffold_86	1	38551	308	5877	15.2447	1.00231	35.3	47.4
HiC_scaffold_87	1	38336	334	8281	21.6011	1.29275	35.4	39.6
HiC_scaffold_88	1	38081	263	7788	20.4511	0.983771	35.2	56.2
HiC_scaffold_89	1	37423	131	1743	4.65756	0.476204	35.2	44.4
HiC_scaffold_90	1	37049	601	11697	31.5717	2.39189	35.6	43.2
HiC_scaffold_91	1	37000	488	30577	82.6405	1.90757	35.6	59.8
HiC_scaffold_92	1	36719	38	3040	8.27909	0.154961	35.4	53.9
HiC_scaffold_93	1	36624	421	7475	20.4101	1.51229	35.5	39.7
HiC_scaffold_94	1	36550	113	3182	8.70588	0.449384	35.9	45.2
HiC_scaffold_95	1	35915	1066	17442	48.5647	4.14303	34.9	44.1
HiC_scaffold_96	1	35569	473	12042	33.8553	1.97686	35.5	45.4
HiC_scaffold_97	1	35569	212	10964	30.8246	0.850066	35.4	46.1
HiC_scaffold_98	1	35521	272	6012	16.9252	0.866079	35.3	48.2
HiC_scaffold_99	1	35305	1084	27241	77.159	4.08749	35.5	57.9
HiC_scaffold_100	1	35285	392	25767	73.0254	1.62749	35.5	56.9
HiC_scaffold_101	1	35090	161	11589	33.0265	0.643517	35	53
HiC_scaffold_102	1	34736	74	7078	20.3766	0.316761	35.8	49.7
HiC_scaffold_103	1	34662	1021	18466	53.2745	4.07562	35.5	41.4
HiC_scaffold_104	1	34539	142	11603	33.5939	0.610151	35.8	49.8
HiC_scaffold_105	1	34367	70	4320	12.5702	0.294381	35.2	50.3
HiC_scaffold_106	1	34092	6	463	1.35809	0.0228793	34.2	55.2
HiC_scaffold_107	1	34034	1340	29642	87.0953	5.64218	35.5	58.6
HiC_scaffold_108	1	34000	193	5170	15.2059	0.834912	35.2	40.1
HiC_scaffold_109	1	33013	345	11708	35.4648	1.44604	35.1	42
HiC_scaffold_110	1	32894	35	2537	7.71265	0.152703	35.5	47.7
HiC_scaffold_111	1	32703	113	8972	27.4348	0.512675	35.6	47.5
HiC_scaffold_112	1	32055	146	10301	32.1354	0.663204	35.4	51.5
HiC_scaffold_113	1	31996	354	4723	14.7612	1.10567	35.3	44.3
HiC_scaffold_114	1	31869	231	6661	20.9012	0.861903	35.4	48.8
HiC_scaffold_115	1	31497	337	10475	33.2571	1.56348	35.5	42.5
HiC_scaffold_116	1	31452	247	16535	52.5722	1.15128	35.4	55.6
HiC_scaffold_117	1	31435	151	14189	45.1376	0.708287	35.5	49.9
HiC_scaffold_118	1	31168	206	14304	45.8932	0.958066	35.2	57.2
HiC_scaffold_119	1	31094	80	5139	16.5273	0.381585	35.8	44
HiC_scaffold_120	1	31000	123	9035	29.1452	0.58429	35.5	49.3
HiC_scaffold_121	1	30892	88	4310	13.9518	0.410721	35.2	43.7
HiC_scaffold_122	1	30671	337	7548	24.6096	1.63536	35.7	39.8
HiC_scaffold_123	1	30159	450	26219	86.9359	2.19593	35.6	59.8
HiC_scaffold_124	1	30112	20	1899	6.30646	0.0972702	35.1	44.8
HiC_scaffold_125	1	30000	154	3266	10.8867	0.765433	35.3	38.5
HiC_scaffold_126	1	30000	26	2350	7.83333	0.123167	35.6	52.5
HiC_scaffold_127	1	29632	409	5818	19.6342	1.83676	35.2	43.2
HiC_scaffold_128	1	29216	89	7708	26.3828	0.455435	35.5	49.5
HiC_scaffold_129	1	29000	44	2469	8.51379	0.218103	35.5	51.9
HiC_scaffold_130	1	28743	15	1612	5.60832	0.0781408	35.2	46.5
HiC_scaffold_131	1	28267	883	10130	35.8368	4.66342	35.6	39.1
HiC_scaffold_132	1	28006	388	6604	23.5807	2.06399	35.4	41
HiC_scaffold_133	1	27859	141	11872	42.6146	0.750386	35.2	54.9
HiC_scaffold_134	1	27837	437	23109	83.0154	2.21198	35.5	59.5
HiC_scaffold_135	1	27503	168	6452	23.4593	0.896048	35.6	41.5
HiC_scaffold_136	1	27405	363	22976	83.8387	1.93567	35.5	60
HiC_scaffold_137	1	27128	12	1546	5.69891	0.0662784	34.9	40
HiC_scaffold_138	1	27000	108	8728	32.3259	0.576185	35.6	50
HiC_scaffold_139	1	26958	50	3012	11.1729	0.265747	35.7	48.1
HiC_scaffold_140	1	26822	57	2997	11.1737	0.309037	35.8	46.2
HiC_scaffold_141	1	26714	708	10332	38.6763	3.63727	35.3	43.7
HiC_scaffold_142	1	26597	247	9367	35.2183	1.32026	35.3	46.9
HiC_scaffold_143	1	26526	49	2619	9.87333	0.230566	35.3	53.1
HiC_scaffold_144	1	26403	225	3524	13.347	1.26599	35.3	42.1
HiC_scaffold_145	1	26321	377	12934	49.1395	2.12659	35.4	43.9
HiC_scaffold_146	1	26302	315	3877	14.7403	1.57562	35	39.4
HiC_scaffold_147	1	26228	103	5692	21.702	0.581783	35.4	52.1
HiC_scaffold_148	1	26220	347	5566	21.2281	1.96125	35.7	39.3
HiC_scaffold_149	1	26169	51	5331	20.3714	0.290229	35.9	51.2
HiC_scaffold_150	1	26140	354	22107	84.5715	1.98141	35.5	59.9
HiC_scaffold_151	1	25970	68	4552	17.5279	0.38402	35.2	38.6
HiC_scaffold_152	1	25914	57	3097	11.9511	0.299182	35.2	45
HiC_scaffold_153	1	25756	15	1313	5.09784	0.0872418	36.1	47.1
HiC_scaffold_154	1	25701	128	9113	35.4578	0.713319	35.7	54
HiC_scaffold_155	1	25484	315	10293	40.39	1.81431	35.3	42
HiC_scaffold_156	1	25347	1297	14675	57.8964	7.05547	35	43.9
HiC_scaffold_157	1	25300	203	6057	23.9407	1.19107	35.4	44.9
HiC_scaffold_158	1	25137	697	11882	47.269	3.96929	35.3	40.6
HiC_scaffold_159	1	25068	45	3350	13.3637	0.260651	35.7	43.1
HiC_scaffold_160	1	25021	212	15286	61.0927	1.23896	35.5	55.2
HiC_scaffold_161	1	25021	24	2223	8.88454	0.1424	35.4	52.8
HiC_scaffold_162	1	25013	649	1661	6.64055	3.12174	35.3	43.3
HiC_scaffold_163	1	25000	10	828	3.312	0.05992	34.8	36.4
HiC_scaffold_164	1	25000	22	899	3.596	0.13188	35.6	35.3
HiC_scaffold_165	1	25000	44	1422	5.688	0.26244	35.4	38.8
HiC_scaffold_166	1	25000	126	3941	15.764	0.7242	35.2	37.7
HiC_scaffold_167	1	25000	337	19619	78.476	1.94452	35.4	57.9
HiC_scaffold_168	1	25000	326	20612	82.448	1.89832	35.4	60
HiC_scaffold_169	1	25000	369	20591	82.364	2.14892	35.5	59.7
HiC_scaffold_170	1	25000	373	21224	84.896	2.17364	35.5	60
HiC_scaffold_171	1	25000	402	21647	86.588	2.32536	35.6	59.7
HiC_scaffold_172	1	25000	337	20916	83.664	1.96932	35.4	59.6
HiC_scaffold_173	1	25000	332	19953	79.812	1.94664	35.6	60
HiC_scaffold_174	1	25000	336	20631	82.524	1.9252	35.5	59.8
HiC_scaffold_175	1	25000	362	21786	87.144	2.12568	35.6	60
HiC_scaffold_176	1	25000	359	19768	79.072	2.10752	35.4	59.7
HiC_scaffold_177	1	25000	326	20509	82.036	1.86944	35.6	59.5
HiC_scaffold_178	1	25000	344	20143	80.572	1.99804	35.4	59.3
HiC_scaffold_179	1	25000	332	21181	84.724	1.93792	35.4	59.8
HiC_scaffold_180	1	25000	294	15577	62.308	1.6554	35.8	56.5
HiC_scaffold_181	1	25000	326	21340	85.36	1.928	35.5	59.8
HiC_scaffold_182	1	25000	324	21124	84.496	1.85964	35.5	60
HiC_scaffold_183	1	25000	173	4314	17.256	1.02616	36	41.6
HiC_scaffold_184	1	25000	385	21881	87.524	2.21984	35.5	59.8
HiC_scaffold_185	1	25000	499	22578	90.312	2.90752	35.6	59.9
HiC_scaffold_186	1	25000	354	21460	85.84	2.06408	35.6	59.8
HiC_scaffold_187	1	25000	12	1241	4.964	0.07112	34.8	50.9
HiC_scaffold_188	1	24887	247	4827	19.3957	1.33375	34.9	44.5
HiC_scaffold_189	1	24881	713	16274	65.4073	3.4632	35.4	42.8
HiC_scaffold_190	1	24860	195	13809	55.5471	1.14473	35.3	56.6
HiC_scaffold_191	1	24785	162	11150	44.9869	0.963002	35.8	49.5
HiC_scaffold_192	1	24606	9	892	3.62513	0.0483622	34.7	41.8
HiC_scaffold_193	1	24582	180	2686	10.9267	1.06493	35.5	44.4
HiC_scaffold_194	1	24552	695	13644	55.5718	3.86392	35.3	47
HiC_scaffold_195	1	24515	74	5914	24.124	0.43969	35.8	54.6
HiC_scaffold_196	1	24429	117	5826	23.8487	0.639322	35.6	51.2
HiC_scaffold_197	1	24404	96	6418	26.299	0.580356	35.8	55.4
HiC_scaffold_198	1	24065	228	15013	62.3852	1.40071	35.4	57.3
HiC_scaffold_199	1	24034	59	5390	22.4266	0.367812	35.8	49.5
HiC_scaffold_200	1	24000	29	1486	6.19167	0.16575	36.1	48.7
HiC_scaffold_201	1	24000	940	4214	17.5583	5.84221	35.4	45.6
HiC_scaffold_202	1	23940	394	4540	18.9641	2.30017	35.6	40.1
HiC_scaffold_203	1	23878	99	2404	10.0678	0.617556	35.6	35.4
HiC_scaffold_204	1	23813	83	6511	27.3422	0.510561	35.4	50.2
HiC_scaffold_205	1	23764	54	5285	22.2395	0.329406	35.2	53.7
HiC_scaffold_206	1	23660	25	1938	8.19104	0.154015	35.4	50.1
HiC_scaffold_207	1	23581	206	15472	65.6121	1.28481	35.3	54.3
HiC_scaffold_208	1	23490	66	3245	13.8144	0.412175	35.7	38.9
HiC_scaffold_209	1	23453	113	7900	33.6844	0.704046	35.6	56.5
HiC_scaffold_210	1	23041	54	3315	14.3874	0.336965	35.7	59.3
HiC_scaffold_211	1	23000	481	3523	15.3174	3.11704	35.8	39.3
HiC_scaffold_212	1	23000	96	7681	33.3957	0.590261	35.6	49.6
HiC_scaffold_213	1	23000	42	2941	12.787	0.266783	34.3	43.9
HiC_scaffold_214	1	23000	150	4875	21.1957	0.967348	35.5	37.2
HiC_scaffold_215	1	23000	89	4518	19.6435	0.567304	35.7	54
HiC_scaffold_216	1	22979	16	1691	7.35889	0.10279	35.4	43.6
HiC_scaffold_217	1	22964	104	3490	15.1977	0.675753	35.4	40.8
HiC_scaffold_218	1	22956	91	8460	36.8531	0.590477	35.6	50.6
HiC_scaffold_219	1	22812	2	298	1.30633	0.0130633	35.5	37
HiC_scaffold_220	1	22604	123	10365	45.8547	0.813971	36	51
HiC_scaffold_221	1	22426	38	1858	8.28503	0.243021	36.1	58.1
HiC_scaffold_222	1	22303	263	11034	49.4732	1.75609	35.4	47.1
HiC_scaffold_223	1	22199	120	4370	19.6856	0.801162	35.6	42.9
HiC_scaffold_224	1	22128	15	854	3.85936	0.101546	35	52.7
HiC_scaffold_225	1	22127	2	300	1.35581	0.0135581	36.2	41.5
HiC_scaffold_226	1	21688	155	7109	32.7785	1.05266	35.5	50.9
HiC_scaffold_227	1	21648	198	9298	42.9508	1.27213	35.8	54.1
HiC_scaffold_228	1	21608	264	11575	53.5681	1.60186	35.7	50.5
HiC_scaffold_229	1	21598	24	753	3.48643	0.166682	35.5	40
HiC_scaffold_230	1	21510	18	1442	6.70386	0.120456	34.6	52.4
HiC_scaffold_231	1	21437	39	3386	15.7951	0.268368	35.5	44.1
HiC_scaffold_232	1	21282	105	9602	45.1179	0.738136	35.6	48.6
HiC_scaffold_233	1	20959	176	4590	21.8999	1.0333	35.1	40.4
HiC_scaffold_234	1	20824	12	1023	4.9126	0.0820688	35.6	50.6
HiC_scaffold_235	1	20622	61	4660	22.5972	0.439385	35.6	54.3
HiC_scaffold_236	1	20377	85	5115	25.1018	0.595083	35.9	51
HiC_scaffold_237	1	20369	87	7437	36.5114	0.638274	35.3	50.7
HiC_scaffold_238	1	20340	40	2760	13.5693	0.293658	36.1	52.4
HiC_scaffold_239	1	20281	11	788	3.88541	0.0683891	35.6	50.6
HiC_scaffold_240	1	20166	34	2543	12.6103	0.243479	35.2	53.3
HiC_scaffold_241	1	20140	210	9054	44.9553	1.50904	35.3	49.4
HiC_scaffold_242	1	20135	253	15883	78.8825	1.80834	35.7	59.5
HiC_scaffold_243	1	20122	18	1617	8.03598	0.12464	35.1	50.5
HiC_scaffold_244	1	20044	46	2136	10.6566	0.316603	35.5	43.7
HiC_scaffold_245	1	20021	37	2351	11.7427	0.273613	35.6	57.5
HiC_scaffold_246	1	20000	60	2032	10.16	0.41165	35.4	54.6
HiC_scaffold_247	1	20000	48	3470	17.35	0.3411	35.8	53.4
HiC_scaffold_248	1	19739	608	10703	54.2226	4.50605	35.5	43.7
HiC_scaffold_249	1	19737	130	11852	60.0497	0.966611	35.5	55.3
HiC_scaffold_250	1	19724	30	1554	7.87873	0.208274	36	52.4
HiC_scaffold_251	1	19667	4	435	2.21183	0.0292876	33.9	36.5
HiC_scaffold_252	1	19649	44	4164	21.1919	0.332841	35.3	49.5
HiC_scaffold_253	1	19394	41	3853	19.867	0.313087	35.4	50
HiC_scaffold_254	1	19304	74	4580	23.7257	0.562111	35.8	50.8
HiC_scaffold_255	1	19231	27	2120	11.0239	0.208881	36	46.6
HiC_scaffold_256	1	19176	66	5732	29.8915	0.513559	35.5	50.1
HiC_scaffold_257	1	19156	1258	8065	42.1017	9.07246	35.3	43.5
HiC_scaffold_258	1	19143	88	1329	6.94249	0.61307	35.3	45.6
HiC_scaffold_259	1	19058	66	5753	30.1868	0.507451	35.8	48.5
HiC_scaffold_260	1	19000	110	4748	24.9895	0.856105	35.5	42.5
HiC_scaffold_261	1	18934	22	2042	10.7848	0.173392	35.5	47.8
HiC_scaffold_262	1	18930	435	7712	40.7396	3.33048	35.4	44
HiC_scaffold_263	1	18729	232	15653	83.5763	1.81382	35.6	58.1
HiC_scaffold_264	1	18528	52	2739	14.783	0.367714	35.6	60
HiC_scaffold_265	1	18283	30	1922	10.5125	0.245912	35.8	43.1
HiC_scaffold_266	1	18272	37	794	4.34545	0.224825	35.6	45.4
HiC_scaffold_267	1	18066	40	3704	20.5026	0.328075	35.8	46.5
HiC_scaffold_268	1	18044	44	2324	12.8796	0.351807	35.7	41.8
HiC_scaffold_269	1	18026	72	4405	24.4369	0.561522	35.2	56.4
HiC_scaffold_270	1	18000	193	7556	41.9778	1.58144	35.4	46.9
HiC_scaffold_271	1	18000	100	7738	42.9889	0.822611	35.7	50.4
HiC_scaffold_272	1	18000	83	3130	17.3889	0.658333	35.5	44.9
HiC_scaffold_273	1	17971	118	6246	34.756	0.957654	36	46.6
HiC_scaffold_274	1	17888	58	3172	17.7326	0.480713	35.2	46.6
HiC_scaffold_275	1	17782	39	3419	19.2273	0.314813	35	53.3
HiC_scaffold_276	1	17690	49	4832	27.3149	0.412154	35.2	48.6
HiC_scaffold_277	1	17675	42	2402	13.5898	0.35355	35.7	39.1
HiC_scaffold_278	1	17531	10	273	1.55724	0.0606925	35.6	60
HiC_scaffold_279	1	17508	316	3201	18.2831	1.55335	35.2	46.5
HiC_scaffold_280	1	17420	67	4625	26.5499	0.574742	35.8	52.8
HiC_scaffold_281	1	17399	36	2630	15.1158	0.31019	36.3	56.2
HiC_scaffold_282	1	17398	83	6688	38.4412	0.711059	35.5	51.2
HiC_scaffold_283	1	17257	1110	8312	48.166	7.94257	35	51.4
HiC_scaffold_284	1	17224	221	14141	82.1006	1.90316	35.4	54.9
HiC_scaffold_285	1	17131	71	5216	30.4477	0.606444	35.4	50.5
HiC_scaffold_286	1	17073	38	3975	23.2824	0.321678	35.6	50.5
HiC_scaffold_287	1	17000	57	3432	20.1882	0.465412	35.7	45.6
HiC_scaffold_288	1	16908	21	1228	7.26283	0.164715	34	54.7
HiC_scaffold_289	1	16758	266	4043	24.1258	2.10359	35.1	43.3
HiC_scaffold_290	1	16602	193	4557	27.4485	1.56602	35.1	43.2
HiC_scaffold_291	1	16449	169	1008	6.12803	1.16104	35.1	43.7
HiC_scaffold_292	1	16346	54	2591	15.851	0.466108	35.3	54.3
HiC_scaffold_293	1	16263	276	1555	9.56158	2.29392	35	43.1
HiC_scaffold_294	1	16061	154	8315	51.7714	1.37189	35.7	50.6
HiC_scaffold_295	1	16000	10	748	4.675	0.08125	35.2	54.1
HiC_scaffold_296	1	16000	67	4934	30.8375	0.62575	35.3	50.2
HiC_scaffold_297	1	16000	30	2070	12.9375	0.260813	35	52.1
HiC_scaffold_298	1	16000	51	3019	18.8687	0.460188	35.3	45.6
HiC_scaffold_299	1	16000	60	3058	19.1125	0.54925	34.8	41.4
HiC_scaffold_300	1	15603	80	4710	30.1865	0.760174	35.3	46.6
HiC_scaffold_301	1	15565	11	1088	6.99004	0.105814	36.4	56.4
HiC_scaffold_302	1	15554	150	3559	22.8816	1.43957	35.7	40.3
HiC_scaffold_303	1	15467	162	7972	51.542	1.51755	35.4	47.2
HiC_scaffold_304	1	15433	24	1620	10.497	0.230221	36	40
HiC_scaffold_305	1	15221	42	2156	14.1646	0.386046	34.8	47.5
HiC_scaffold_306	1	15208	8	805	5.29327	0.0787743	36	60
HiC_scaffold_307	1	15128	38	1168	7.72078	0.369381	35.7	50.2
HiC_scaffold_308	1	15037	84	7568	50.3292	0.825098	35.6	55.1
HiC_scaffold_309	1	15027	93	4691	31.2171	0.898849	35.2	49.2
HiC_scaffold_310	1	15014	63	5806	38.6706	0.602704	34.9	59.1
HiC_scaffold_311	1	15000	47	4536	30.24	0.4688	35.4	49.9
HiC_scaffold_312	1	14886	140	10364	69.6225	1.38197	35.1	49.9
HiC_scaffold_313	1	14872	74	2743	18.4441	0.740654	35.5	40.8
HiC_scaffold_314	1	14743	29	2004	13.5929	0.267585	35.7	59
HiC_scaffold_315	1	14719	20	1361	9.24655	0.189551	34.7	56.8
HiC_scaffold_316	1	14619	78	6337	43.3477	0.767768	35.9	53.9
HiC_scaffold_317	1	14567	19	1888	12.9608	0.195099	35.5	49.5
HiC_scaffold_318	1	14553	28	2974	20.4356	0.288119	35.6	47.6
HiC_scaffold_319	1	14548	220	8835	60.73	2.20181	35.7	48.6
HiC_scaffold_320	1	14465	38	2835	19.599	0.381196	35.1	56.3
HiC_scaffold_321	1	14408	184	7086	49.181	1.88159	35.2	44.1
HiC_scaffold_322	1	14386	20	2294	15.9461	0.208119	35	42.9
HiC_scaffold_323	1	14298	271	7458	52.1611	2.34033	34.1	47.4
HiC_scaffold_324	1	14091	82	5358	38.0243	0.80853	35.8	58.5
HiC_scaffold_325	1	14000	44	3409	24.35	0.465714	35.3	48.1
HiC_scaffold_326	1	14000	68	3629	25.9214	0.7115	34.9	48.4
HiC_scaffold_327	1	13966	71	5123	36.6819	0.754475	35.6	43.3
HiC_scaffold_328	1	13312	159	10767	80.8819	1.73723	35.4	60
HiC_scaffold_329	1	13309	80	6387	47.9901	0.879255	35.1	48.7
HiC_scaffold_330	1	13245	100	6767	51.091	1.1165	35.9	54
HiC_scaffold_331	1	13138	154	10121	77.0361	1.74227	35.8	59.8
HiC_scaffold_332	1	13083	2	177	1.3529	0.0229305	35.8	40
HiC_scaffold_333	1	13000	52	3175	24.4231	0.597	35.4	45.7
HiC_scaffold_334	1	13000	47	3278	25.2154	0.536846	35.3	53.6
HiC_scaffold_335	1	13000	45	3427	26.3615	0.490308	34.8	51.9
HiC_scaffold_336	1	12527	280	5801	46.308	3.25409	35.3	39.8
HiC_scaffold_337	1	12325	39	3518	28.5436	0.468966	36.2	43.4
HiC_scaffold_338	1	12210	7	651	5.3317	0.0825553	35.5	46.6
HiC_scaffold_339	1	12140	130	8378	69.0115	1.5472	35.7	56.6
HiC_scaffold_340	1	12103	81	3560	29.4142	0.986863	34.9	49.4
HiC_scaffold_341	1	11792	5	479	4.06208	0.0622456	35.6	52
HiC_scaffold_342	1	11769	72	1540	13.0852	0.90441	36.1	41.3
HiC_scaffold_343	1	11768	92	6801	57.7923	1.08821	36	53.4
HiC_scaffold_344	1	11552	99	6861	59.3923	1.24013	35.8	57.5
HiC_scaffold_345	1	11294	45	2811	24.8893	0.577298	35.4	54.2
HiC_scaffold_346	1	11220	110	6361	56.6934	1.36266	35.5	59.1
HiC_scaffold_347	1	11009	1336	6530	59.3151	16.9776	35.1	41.8
HiC_scaffold_348	1	11007	61	4676	42.4821	0.806033	35.6	52.2
HiC_scaffold_349	1	11000	99	7503	68.2091	1.31473	35.7	55.8
HiC_scaffold_350	1	10932	76	3304	30.2232	1.0011	35.6	46.6
HiC_scaffold_351	1	10903	91	5507	50.509	1.22187	35	57.8
HiC_scaffold_352	1	10862	148	8837	81.357	1.98628	35.7	58.8
HiC_scaffold_353	1	10825	40	3078	28.4342	0.534411	35	54.6
HiC_scaffold_354	1	10780	105	7507	69.6382	1.43599	35.7	55.5
HiC_scaffold_355	1	10606	16	1372	12.9361	0.21139	35.9	55.1
HiC_scaffold_356	1	10316	5	344	3.33463	0.0581621	36	60
HiC_scaffold_357	1	10313	152	8696	84.3208	2.12237	35.8	56.1
HiC_scaffold_358	1	10116	54	2129	21.0459	0.77244	35.6	50.2
HiC_scaffold_359	1	9728	982	4152	42.6809	13.5711	35.3	41.1
HiC_scaffold_360	1	9582	162	4041	42.1728	2.4808	35.1	51.4
HiC_scaffold_361	1	9577	51	3917	40.9001	0.797953	35.4	47.2
HiC_scaffold_362	1	9324	24	2612	28.0137	0.385671	36.1	46.8
HiC_scaffold_363	1	9309	131	7615	81.8026	2.00301	35.4	59.7
HiC_scaffold_364	1	9000	16	1457	16.1889	0.238222	36	52.9
HiC_scaffold_365	1	8972	26	1982	22.0909	0.427107	35.7	53.8
HiC_scaffold_366	1	8717	7	498	5.71297	0.114259	33.4	57.1
HiC_scaffold_367	1	8598	171	5528	64.294	2.69819	34.7	49.2
HiC_scaffold_368	1	8517	28	1864	21.8856	0.434895	36.1	50.2
HiC_scaffold_369	1	8159	51	3883	47.5916	0.914328	35.6	52.7
HiC_scaffold_370	1	8000	15	660	8.25	0.267125	35.1	43.3
HiC_scaffold_371	1	7755	11	1169	15.0741	0.212766	34.3	53.1
HiC_scaffold_372	1	7349	22	1801	24.5067	0.43625	35.6	59.1
HiC_scaffold_373	1	7312	40	3284	44.9125	0.762856	35.5	52.4
HiC_scaffold_374	1	7226	49	2669	36.9361	0.984777	34.9	57.4
HiC_scaffold_375	1	7101	16	1511	21.2787	0.321082	34.2	52.2
HiC_scaffold_376	1	7000	75	2746	39.2286	1.54671	35.2	40.5
HiC_scaffold_377	1	7000	47	3981	56.8714	0.955571	35.5	54.7
HiC_scaffold_378	1	7000	122	2047	29.2429	2.60843	35.8	40.5
HiC_scaffold_379	1	6605	49	2315	35.0492	1.04542	35.1	46.8
HiC_scaffold_380	1	6537	79	5570	85.2073	1.74621	35.7	57.7
HiC_scaffold_381	1	6484	60	3525	54.3646	1.36197	35.3	59.3
HiC_scaffold_382	1	6459	41	2938	45.4869	0.943335	35.8	51.2
HiC_scaffold_383	1	6245	14	877	14.0432	0.317214	36.2	55.6
HiC_scaffold_384	1	6125	95	5057	82.5633	2.28833	35.6	51.9
HiC_scaffold_385	1	6000	57	3777	62.95	1.346	35.2	54.7
HiC_scaffold_386	1	6000	21	1599	26.65	0.5245	35.5	57.7
HiC_scaffold_387	1	6000	95	5265	87.75	2.33067	35.5	50.9
HiC_scaffold_388	1	5993	24	2039	34.023	0.533289	35.6	49.7
HiC_scaffold_389	1	5821	40	3391	58.2546	1.02491	35.3	49.1
HiC_scaffold_390	1	5673	58	4140	72.9773	1.49639	35.7	52.2
HiC_scaffold_391	1	5000	34	1559	31.18	0.9774	35.7	59.4
HiC_scaffold_392	1	5000	36	2344	46.88	1.0762	35.3	53
HiC_scaffold_393	1	4994	3040	3917	78.4341	83.037	35.2	47.2
HiC_scaffold_394	1	4893	46	3679	75.189	1.39689	36	50.8
HiC_scaffold_395	1	4891	54	2976	60.8465	1.56001	36.1	58.6
HiC_scaffold_396	1	4877	14	1431	29.3418	0.430388	36.5	46.6
HiC_scaffold_397	1	4000	21	1105	27.625	0.76825	34.4	42.7
HiC_scaffold_398	1	4000	55	3161	79.025	1.92975	35.6	56.6
HiC_scaffold_399	1	4000	16	1894	47.35	0.5755	36	56.1
HiC_scaffold_400	1	4000	171	1276	31.9	5.287	35	44.8
HiC_scaffold_401	1	3971	46	3318	83.5558	1.63233	35.6	59.9
HiC_scaffold_402	1	3919	38	1614	41.184	1.43225	35.8	52
HiC_scaffold_403	1	3281	34	2832	86.3151	1.50137	36	57.7
HiC_scaffold_404	1	3264	4	472	14.4608	0.180453	34.1	52.8
HiC_scaffold_405	1	3259	67	2916	89.4753	2.93004	35.8	60
HiC_scaffold_406	1	3042	19	1256	41.2886	0.935569	36	50.4
HiC_scaffold_407	1	3035	63	2957	97.43	2.91367	35.7	60
HiC_scaffold_408	1	3003	2	82	2.7306	0.0546121	36.7	30
HiC_scaffold_409	1	3003	15	1520	50.6161	0.746587	35.9	46.3
HiC_scaffold_410	1	3000	36	2296	76.5333	1.77367	35.4	56.6
HiC_scaffold_411	1	3000	50	1397	46.5667	2.40033	35.3	46.2
HiC_scaffold_412	1	3000	48	2454	81.8	2.134	35.7	56.4
HiC_scaffold_413	1	3000	36	2133	71.1	1.71933	36.3	58.8
HiC_scaffold_414	1	3000	45	2437	81.2333	2.23833	35.4	53.4
HiC_scaffold_415	1	2897	25	2261	78.0463	1.28512	34.7	51.4
HiC_scaffold_416	1	2563	90	1016	39.641	3.84861	34.8	48.3
HiC_scaffold_417	1	2259	43	2023	89.5529	2.59318	35.8	60
HiC_scaffold_419	1	2021	25	1679	83.0777	1.75359	35.1	59.7
HiC_scaffold_420	1	2000	36	1870	93.5	2.596	35.1	59.9
HiC_scaffold_421	1	2000	16	1353	67.65	1.1635	34.1	54.1
HiC_scaffold_422	1	2000	25	1609	80.45	1.7285	35.5	60
HiC_scaffold_423	1	1676	6	763	45.5251	0.483294	35.9	50.7
HiC_scaffold_424	1	1484	4	522	35.1752	0.384097	36.1	40.5
HiC_scaffold_425	1	1447	13	978	67.5881	1.24395	35.1	56.9
HiC_scaffold_426	1	1382	6	744	53.835	0.646165	32.7	60
HiC_scaffold_427	1	1353	24	1253	92.609	2.28012	35.7	60
HiC_scaffold_429	1	1175	20	1148	97.7021	2.22894	36.4	60
HiC_scaffold_430	1	1138	19	665	58.4359	1.72759	34.3	58.5
HiC_scaffold_431	1	1108	26	971	87.6354	2.79874	34.6	60
HiC_scaffold_432	1	1097	29	1094	99.7265	3.6454	35.8	57.6
HiC_scaffold_433	1	1005	100	915	91.0448	13.3055	35.3	45.4
HiC_scaffold_434	1	1000	7	607	60.7	1.05	36.2	60
HiC_scaffold_435	1	1000	10	585	58.5	1.469	35.5	60
HiC_scaffold_436	1	1000	12	715	71.5	1.362	36.1	59.6
HiC_scaffold_437	1	1000	13	889	88.9	1.834	36	60
HiC_scaffold_438	1	1000	13	867	86.7	1.814	35.8	60
HiC_scaffold_439	1	1000	12	862	86.2	1.673	35.1	60
HiC_scaffold_440	1	1000	13	675	67.5	1.626	34.9	60
HiC_scaffold_441	1	1000	13	857	85.7	1.933	35.4	60
HiC_scaffold_442	1	1000	6	565	56.5	0.7	35.8	58.7
HiC_scaffold_443	1	1000	6	748	74.8	0.848	36.1	60
HiC_scaffold_444	1	1000	17	932	93.2	2.433	34.2	60
HiC_scaffold_445	1	1000	14	780	78	1.881	34.7	60
HiC_scaffold_446	1	1000	17	922	92.2	2.418	35.7	43.9
HiC_scaffold_447	1	1000	20	985	98.5	2.845	35.9	57.5
HiC_scaffold_448	1	1000	14	903	90.3	2.072	34.2	55.4
HiC_scaffold_449	1	1000	17	573	57.3	2.412	36.1	60
HiC_scaffold_450	1	1000	13	913	91.3	1.837	35.6	53.5
HiC_scaffold_451	1	1000	5	387	38.7	0.75	36.6	60
HiC_scaffold_452	1	1000	11	528	52.8	1.648	34.9	60
HiC_scaffold_453	1	1000	19	404	40.4	2.226	34.9	50.7
HiC_scaffold_454	1	2000	1	150	7.5	0.075	36.7	51
mitochondria	1	17813	53372	17563	98.5965	431.295	35.5	59.4
HiC_scaffold_418	1	2125	0	0	0	0	0	0
HiC_scaffold_428	1	1184	0	0	0	0	0	0
