#rname	startpos	endpos	numreads	covbases	coverage	meandepth	meanbaseq	meanmapq
HiC_scaffold_1	1	75050035	444576	40452561	53.9008	0.86402	35.3	59.2
HiC_scaffold_2	1	56816963	337248	30644102	53.9348	0.864894	35.3	59.2
HiC_scaffold_3	1	109611085	629651	57580370	52.5315	0.838169	35.3	58.7
HiC_scaffold_4	1	81599725	481179	43623538	53.4604	0.859934	35.3	59.1
HiC_scaffold_5	1	72353455	432569	39393108	54.4454	0.872143	35.3	59.3
HiC_scaffold_6	1	67692486	404335	36622705	54.1016	0.871077	35.3	59.2
HiC_scaffold_7	1	59159807	351796	31771135	53.7039	0.866198	35.3	59
HiC_scaffold_8	1	13479537	40780	4486475	33.2836	0.442974	35.3	59.4
HiC_scaffold_9	1	58964884	351499	31796823	53.925	0.868922	35.3	59.2
HiC_scaffold_10	1	36732878	218373	19698423	53.6261	0.865105	35.2	59
HiC_scaffold_11	1	27384	156	5895	21.5272	0.847685	35.4	42.6
HiC_scaffold_12	1	33592	1086	6118	18.2127	4.30692	34.8	46.5
HiC_scaffold_13	1	184337	4978	135030	73.2517	3.72343	35.3	51.2
HiC_scaffold_14	1	85992	2244	40707	47.3381	3.61852	34.8	45.4
HiC_scaffold_15	1	87022	372	17958	20.6362	0.584404	35.1	46.6
HiC_scaffold_16	1	89609	1468	8769	9.78585	1.79741	35.5	50.7
HiC_scaffold_17	1	164154	1895	44610	27.1757	1.66677	35.2	50.9
HiC_scaffold_18	1	104921	246	25322	24.1343	0.344421	35.3	53.9
HiC_scaffold_19	1	103720	269	23538	22.6938	0.370902	35.1	47.4
HiC_scaffold_20	1	90353	436	23017	25.4745	0.685401	35.1	48.6
HiC_scaffold_21	1	85252	171	14418	16.9122	0.286984	35.4	47.1
HiC_scaffold_22	1	80500	225	14381	17.8646	0.412957	35.2	48.7
HiC_scaffold_23	1	75743	199	16698	22.0456	0.387798	34.9	54
HiC_scaffold_24	1	75592	850	12054	15.9461	1.5864	35.2	43.1
HiC_scaffold_25	1	72691	796	32586	44.8281	1.56433	35.2	53.4
HiC_scaffold_26	1	71458	393	26036	36.4354	0.794998	35.3	47.3
HiC_scaffold_27	1	70045	1310	45607	65.111	2.68689	35.2	53.6
HiC_scaffold_28	1	68558	80	4658	6.79425	0.152965	34.9	53.4
HiC_scaffold_29	1	68222	532	15045	22.053	1.14941	35.2	44.7
HiC_scaffold_30	1	67017	356	25863	38.5917	0.779265	35.3	47.7
HiC_scaffold_31	1	65972	28	3687	5.58873	0.0630571	35.1	44.8
HiC_scaffold_32	1	64000	347	23003	35.9422	0.742906	35	49
HiC_scaffold_33	1	62684	355	13009	20.7533	0.728192	35.3	41
HiC_scaffold_34	1	60035	246	22123	36.8502	0.571966	34.7	57.5
HiC_scaffold_35	1	59483	74	9072	15.2514	0.183515	35.2	48.7
HiC_scaffold_36	1	58601	700	5593	9.54421	1.74222	34.9	50.8
HiC_scaffold_37	1	57907	89	7260	12.5373	0.2088	35.4	45.2
HiC_scaffold_38	1	57623	150	2374	4.11988	0.35347	34.9	36.6
HiC_scaffold_39	1	56881	369	15875	27.9091	0.781175	35.2	50.2
HiC_scaffold_40	1	56115	292	4456	7.94084	0.634893	35.4	38.4
HiC_scaffold_41	1	55753	391	16887	30.289	1.01126	35	40.8
HiC_scaffold_42	1	55361	52	2942	5.31421	0.130182	35.6	43.1
HiC_scaffold_43	1	55333	352	8991	16.2489	0.899644	34.9	39.5
HiC_scaffold_44	1	54697	1176	43379	79.3078	3.17341	35.3	55.3
HiC_scaffold_45	1	54079	43	3063	5.66394	0.103423	35.1	48.3
HiC_scaffold_46	1	53000	131	4902	9.24906	0.358113	34.7	40.5
HiC_scaffold_47	1	52728	882	21716	41.1849	2.36104	34.7	47.3
HiC_scaffold_48	1	52696	246	18199	34.5358	0.681038	35.3	53.4
HiC_scaffold_49	1	52574	44	3404	6.47468	0.1251	34.2	39.5
HiC_scaffold_50	1	52452	11	784	1.4947	0.0214672	34.9	51.6
HiC_scaffold_51	1	52291	93	3866	7.39324	0.236312	35.1	46.2
HiC_scaffold_52	1	50660	240	21194	41.8358	0.692499	35.2	55.8
HiC_scaffold_53	1	50444	755	26396	52.3273	2.20252	35.3	55.9
HiC_scaffold_54	1	50000	326	29938	59.876	0.95262	35.3	59.8
HiC_scaffold_55	1	49402	23	2488	5.03623	0.0629124	34.6	44.5
HiC_scaffold_56	1	48994	98	4275	8.72556	0.277687	35.4	43.4
HiC_scaffold_57	1	48961	34	3616	7.38547	0.103266	36.1	43.8
HiC_scaffold_58	1	48913	233	20523	41.9582	0.703964	35.4	51.8
HiC_scaffold_59	1	48516	165	8953	18.4537	0.494971	35.3	47.9
HiC_scaffold_60	1	48449	182	16547	34.1534	0.552086	35.1	54.4
HiC_scaffold_61	1	48102	87	5676	11.7999	0.244189	34.9	48
HiC_scaffold_62	1	47095	231	19111	40.5797	0.715447	35.6	55.5
HiC_scaffold_63	1	45946	301	18451	40.158	0.964915	35.1	52.4
HiC_scaffold_64	1	45702	131	3750	8.20533	0.409632	34.9	43.6
HiC_scaffold_65	1	45164	216	8507	18.8358	0.673346	34.7	43.1
HiC_scaffold_66	1	45000	932	8095	17.9889	2.89109	35	47.4
HiC_scaffold_67	1	44932	362	7098	15.7972	0.998731	35.1	40.7
HiC_scaffold_68	1	44535	27	3128	7.02369	0.090064	35.7	47
HiC_scaffold_69	1	43359	200	10995	25.3581	0.680758	35.2	44.9
HiC_scaffold_70	1	43000	182	7685	17.8721	0.564116	35	43
HiC_scaffold_71	1	42000	166	9379	22.331	0.514595	34.9	48.7
HiC_scaffold_72	1	41780	15	1572	3.76257	0.0504548	34.7	38.5
HiC_scaffold_73	1	41131	31	3076	7.47854	0.111741	35.3	47.9
HiC_scaffold_74	1	41000	101	9164	22.3512	0.364902	35.7	54
HiC_scaffold_75	1	40673	112	4317	10.6139	0.404199	35.4	40.5
HiC_scaffold_76	1	40021	158	4894	12.2286	0.543715	35.2	39.7
HiC_scaffold_77	1	40000	34	3604	9.01	0.120825	35.3	43.8
HiC_scaffold_78	1	39995	83	9857	24.6456	0.303163	35.6	53.9
HiC_scaffold_79	1	39987	14	1910	4.77655	0.0524671	35.4	44.3
HiC_scaffold_80	1	39907	28	2701	6.76824	0.10324	35.2	55.7
HiC_scaffold_81	1	39785	203	4866	12.2307	0.622471	35.5	44
HiC_scaffold_82	1	39714	837	8422	21.2066	2.91781	35	45
HiC_scaffold_83	1	39603	71	7131	18.0062	0.25796	35.5	53.2
HiC_scaffold_84	1	39032	822	17303	44.3303	2.98939	35.2	49.5
HiC_scaffold_85	1	38821	228	6979	17.9774	0.836532	35.3	43.3
HiC_scaffold_86	1	38551	112	3040	7.88566	0.373194	35.5	45.9
HiC_scaffold_87	1	38336	93	4293	11.1984	0.360862	35.2	42.9
HiC_scaffold_88	1	38081	133	5812	15.2622	0.488984	35.1	55.2
HiC_scaffold_89	1	37423	56	821	2.19384	0.204767	35	43.6
HiC_scaffold_90	1	37049	214	6772	18.2785	0.85754	35.3	42.6
HiC_scaffold_91	1	37000	266	23130	62.5135	1.04878	35.1	59.6
HiC_scaffold_92	1	36719	26	2359	6.42447	0.105858	35.6	54.6
HiC_scaffold_93	1	36624	201	4764	13.0079	0.726518	35.2	39.9
HiC_scaffold_94	1	36550	65	3136	8.58003	0.263475	35.3	39.8
HiC_scaffold_95	1	35915	498	14236	39.638	1.91769	34.8	42.6
HiC_scaffold_96	1	35569	209	9386	26.3881	0.871967	35.2	47.2
HiC_scaffold_97	1	35569	125	5627	15.82	0.482752	35.3	46.3
HiC_scaffold_98	1	35521	108	3914	11.0188	0.318488	35.2	49.8
HiC_scaffold_99	1	35305	578	19750	55.9411	2.16125	35.2	58.1
HiC_scaffold_100	1	35285	128	13742	38.9457	0.532606	35.1	57.1
HiC_scaffold_101	1	35090	121	8918	25.4146	0.470077	35	54.7
HiC_scaffold_102	1	34736	21	2509	7.22305	0.0882946	35.6	48.8
HiC_scaffold_103	1	34662	407	10882	31.3946	1.61361	35.3	40.6
HiC_scaffold_104	1	34539	53	6409	18.5558	0.228524	35.1	49.1
HiC_scaffold_105	1	34367	40	3975	11.5663	0.163209	35.4	47.5
HiC_scaffold_106	1	34092	2	155	0.454652	0.00879972	36.8	41
HiC_scaffold_107	1	34034	623	26172	76.8996	2.65188	35.3	58.4
HiC_scaffold_108	1	34000	102	3794	11.1588	0.420882	35.3	40.5
HiC_scaffold_109	1	33013	176	8341	25.2658	0.72429	34.8	42.7
HiC_scaffold_110	1	32894	18	1683	5.11643	0.0819906	35.5	55.7
HiC_scaffold_111	1	32703	53	6205	18.9738	0.241629	35.1	47.3
HiC_scaffold_112	1	32055	74	6393	19.9438	0.34132	34.6	52.9
HiC_scaffold_113	1	31996	117	2639	8.24791	0.384517	35.5	42.5
HiC_scaffold_114	1	31869	102	4852	15.2248	0.400326	35.4	48
HiC_scaffold_115	1	31497	128	6626	21.0369	0.599962	35.6	41
HiC_scaffold_116	1	31452	94	9857	31.3398	0.441943	35.2	55.3
HiC_scaffold_117	1	31435	54	5933	18.8739	0.254843	35.6	48.4
HiC_scaffold_118	1	31168	101	10516	33.7397	0.468525	34.8	56.8
HiC_scaffold_119	1	31094	16	1816	5.84036	0.0771853	35.2	44.9
HiC_scaffold_120	1	31000	41	4314	13.9161	0.193806	34.6	46.1
HiC_scaffold_121	1	30892	22	2290	7.41292	0.106759	35	46
HiC_scaffold_122	1	30671	188	5491	17.9029	0.914806	35.4	38.6
HiC_scaffold_123	1	30159	188	16653	55.2173	0.899466	35.3	59.9
HiC_scaffold_124	1	30112	14	1668	5.53932	0.0673486	35.5	40.8
HiC_scaffold_125	1	30000	63	2465	8.21667	0.311867	34.8	37.9
HiC_scaffold_126	1	30000	23	1800	6	0.1122	35.4	49
HiC_scaffold_127	1	29632	227	4839	16.3303	1.02632	35.1	44.5
HiC_scaffold_128	1	29216	60	6873	23.5248	0.306818	35.3	48.7
HiC_scaffold_129	1	29000	17	1802	6.21379	0.0831379	35.4	49
HiC_scaffold_130	1	28743	14	1532	5.32999	0.0730265	35.7	49.4
HiC_scaffold_131	1	28267	238	7212	25.5139	1.24874	35	41.6
HiC_scaffold_132	1	28006	187	5285	18.871	0.99368	35.4	38.7
HiC_scaffold_133	1	27859	88	8116	29.1324	0.467641	35	55.1
HiC_scaffold_134	1	27837	208	16268	58.4402	1.05392	35.3	59.2
HiC_scaffold_135	1	27503	69	4612	16.7691	0.373305	35.5	41.8
HiC_scaffold_136	1	27405	147	14929	54.4755	0.78971	35.2	60
HiC_scaffold_138	1	27000	74	7384	27.3481	0.395815	35.1	52.1
HiC_scaffold_139	1	26958	20	1703	6.31723	0.102344	34.7	48.1
HiC_scaffold_140	1	26822	29	1293	4.82067	0.146447	34.1	37
HiC_scaffold_141	1	26714	251	6689	25.0393	1.34091	35	44.2
HiC_scaffold_142	1	26597	88	5774	21.7092	0.469527	34.8	48
HiC_scaffold_143	1	26526	42	2183	8.22966	0.198145	34.5	51.3
HiC_scaffold_144	1	26403	83	3349	12.6842	0.462258	35.8	44.7
HiC_scaffold_145	1	26321	218	10663	40.5114	1.21485	35.1	43.3
HiC_scaffold_146	1	26302	93	2539	9.65326	0.466999	34.7	36.3
HiC_scaffold_147	1	26228	55	4259	16.2384	0.307115	35.4	51.7
HiC_scaffold_148	1	26220	228	5588	21.312	1.29256	35.4	39.2
HiC_scaffold_149	1	26169	34	3274	12.511	0.191563	35.4	53.2
HiC_scaffold_150	1	26140	146	13341	51.0367	0.804476	34.7	59.8
HiC_scaffold_151	1	25970	35	2882	11.0974	0.196688	35.3	36.5
HiC_scaffold_152	1	25914	55	3161	12.198	0.286718	35.5	42.2
HiC_scaffold_153	1	25756	12	1324	5.14055	0.069576	35.5	44.5
HiC_scaffold_154	1	25701	53	4808	18.7074	0.300767	35.2	53.4
HiC_scaffold_155	1	25484	192	7934	31.1333	1.08464	35.1	43.3
HiC_scaffold_156	1	25347	1056	10777	42.5179	5.6701	34.9	44.5
HiC_scaffold_157	1	25300	91	4929	19.4822	0.532885	35.4	44
HiC_scaffold_158	1	25137	233	8003	31.8375	1.32128	35.2	41.8
HiC_scaffold_159	1	25068	24	2053	8.18972	0.140857	35.1	40.8
HiC_scaffold_160	1	25021	71	7185	28.7159	0.40442	35.2	57.4
HiC_scaffold_161	1	25021	14	1701	6.79829	0.0776947	35.2	49.6
HiC_scaffold_162	1	25013	211	1581	6.32071	0.978731	35.2	42.3
HiC_scaffold_163	1	25000	4	407	1.628	0.024	35.9	34
HiC_scaffold_165	1	25000	4	324	1.296	0.024	36.3	40.5
HiC_scaffold_166	1	25000	78	2098	8.392	0.45704	34.7	39.4
HiC_scaffold_167	1	25000	141	13046	52.184	0.78744	34.7	59.1
HiC_scaffold_168	1	25000	152	13855	55.42	0.88284	35.3	59.9
HiC_scaffold_169	1	25000	158	14049	56.196	0.92068	35.4	59.8
HiC_scaffold_170	1	25000	125	12222	48.888	0.72944	35.2	59.6
HiC_scaffold_171	1	25000	167	14579	58.316	0.95988	35.4	59.6
HiC_scaffold_172	1	25000	182	14640	58.56	1.07288	35.4	59.7
HiC_scaffold_173	1	25000	161	14398	57.592	0.92276	35.2	60
HiC_scaffold_174	1	25000	185	16643	66.572	1.08512	34.7	59.8
HiC_scaffold_175	1	25000	197	16161	64.644	1.17148	35.4	60
HiC_scaffold_176	1	25000	170	14829	59.316	0.97672	35.2	59.5
HiC_scaffold_177	1	25000	174	15489	61.956	1.00852	35.5	59.9
HiC_scaffold_178	1	25000	167	14130	56.52	0.95856	34.8	59.8
HiC_scaffold_179	1	25000	182	15880	63.52	1.07196	35.2	59.8
HiC_scaffold_180	1	25000	134	10902	43.608	0.75988	35.5	56.7
HiC_scaffold_181	1	25000	169	15255	61.02	0.98268	35.4	59.8
HiC_scaffold_182	1	25000	178	15571	62.284	1.03036	35.3	59.8
HiC_scaffold_183	1	25000	75	3565	14.26	0.439	35.5	43.7
HiC_scaffold_184	1	25000	178	14647	58.588	1.03992	35.4	59.9
HiC_scaffold_185	1	25000	300	20065	80.26	1.76368	35.4	59.6
HiC_scaffold_186	1	25000	123	12389	49.556	0.72516	35.4	60
HiC_scaffold_187	1	25000	12	1248	4.992	0.06924	34.4	48.7
HiC_scaffold_188	1	24887	22	1687	6.77864	0.12842	34.8	45.7
HiC_scaffold_189	1	24881	277	9637	38.7324	1.36996	35.1	43.1
HiC_scaffold_190	1	24860	115	10376	41.7377	0.689984	35.3	56.1
HiC_scaffold_191	1	24785	85	7631	30.7888	0.502239	35.1	49
HiC_scaffold_192	1	24606	8	992	4.03154	0.0483622	33.8	41.9
HiC_scaffold_193	1	24582	73	1931	7.85534	0.436661	34.9	46.4
HiC_scaffold_194	1	24552	356	8583	34.9585	1.99666	35	44
HiC_scaffold_195	1	24515	67	5694	23.2266	0.404773	35.6	51.4
HiC_scaffold_196	1	24429	55	3710	15.1869	0.299357	35.4	53.1
HiC_scaffold_197	1	24404	34	3169	12.9856	0.208081	35.1	51.2
HiC_scaffold_198	1	24065	107	9396	39.0443	0.656347	35	54.9
HiC_scaffold_199	1	24034	22	2608	10.8513	0.137305	35.5	46.4
HiC_scaffold_200	1	24000	17	1546	6.44167	0.0940417	34.7	47.4
HiC_scaffold_201	1	24000	427	3906	16.275	2.64842	35.2	45.5
HiC_scaffold_202	1	23940	182	3103	12.9616	1.06207	35.2	38.8
HiC_scaffold_203	1	23878	47	1838	7.69746	0.29345	35.1	35.5
HiC_scaffold_204	1	23813	18	2406	10.1037	0.108974	36	52.7
HiC_scaffold_205	1	23764	18	2233	9.39657	0.113323	35.5	51.3
HiC_scaffold_206	1	23660	2	300	1.26796	0.0126796	36.7	46
HiC_scaffold_207	1	23581	130	13480	57.1647	0.817268	35	53
HiC_scaffold_208	1	23490	43	2425	10.3235	0.267561	35.5	43
HiC_scaffold_209	1	23453	69	6647	28.3418	0.424978	34.8	54.6
HiC_scaffold_210	1	23041	22	1883	8.17239	0.139838	35.9	60
HiC_scaffold_211	1	23000	217	2017	8.76957	1.40865	35.5	38.6
HiC_scaffold_212	1	23000	51	5404	23.4957	0.324783	35.3	51.3
HiC_scaffold_213	1	23000	24	2217	9.63913	0.149217	35.9	45.2
HiC_scaffold_214	1	23000	58	3407	14.813	0.373391	35.2	37.9
HiC_scaffold_215	1	23000	31	2734	11.887	0.19513	35.6	57.9
HiC_scaffold_216	1	22979	1	98	0.426476	0.00426476	37	37
HiC_scaffold_217	1	22964	34	1855	8.07786	0.22004	35.5	40
HiC_scaffold_218	1	22956	48	5241	22.8306	0.306979	35.8	52.7
HiC_scaffold_220	1	22604	55	5589	24.7257	0.356132	35.1	49
HiC_scaffold_221	1	22426	14	1156	5.15473	0.0916793	36.1	54.7
HiC_scaffold_222	1	22303	109	7545	33.8295	0.720486	35.5	47.2
HiC_scaffold_223	1	22199	36	3011	13.5637	0.236182	35.2	53.9
HiC_scaffold_224	1	22128	4	335	1.51392	0.027115	36.4	55.5
HiC_scaffold_225	1	22127	2	299	1.35129	0.0135129	36.9	47.5
HiC_scaffold_226	1	21688	51	3914	18.0468	0.350516	35.3	50.4
HiC_scaffold_227	1	21648	93	8659	39.9991	0.622598	35.4	53.4
HiC_scaffold_228	1	21608	131	8481	39.2494	0.824602	35.4	52.5
HiC_scaffold_229	1	21598	12	913	4.22724	0.0832947	35.4	36.3
HiC_scaffold_230	1	21510	16	1464	6.80614	0.108973	35.2	51.1
HiC_scaffold_231	1	21437	15	1593	7.43108	0.104679	33.8	48
HiC_scaffold_232	1	21282	50	5311	24.9554	0.34602	35.4	48.2
HiC_scaffold_233	1	20959	75	3469	16.5514	0.480557	34.9	37.6
HiC_scaffold_234	1	20824	15	1521	7.30407	0.104591	36.4	53.5
HiC_scaffold_235	1	20622	26	2267	10.9931	0.186839	35.3	58
HiC_scaffold_236	1	20377	27	2611	12.8135	0.197281	34.7	49.9
HiC_scaffold_237	1	20369	50	5223	25.6419	0.365015	35.4	51.6
HiC_scaffold_238	1	20340	27	2334	11.4749	0.19351	35.4	45.9
HiC_scaffold_239	1	20281	8	780	3.84596	0.0510823	34.5	38.6
HiC_scaffold_240	1	20166	16	1279	6.34236	0.107111	33.2	52.2
HiC_scaffold_241	1	20140	78	5514	27.3784	0.553426	35.1	51.5
HiC_scaffold_242	1	20135	112	9748	48.4132	0.80437	35.6	59.5
HiC_scaffold_243	1	20122	8	766	3.80678	0.0595368	35.3	55.5
HiC_scaffold_244	1	20044	9	867	4.32548	0.0629116	34.8	46.4
HiC_scaffold_245	1	20021	6	652	3.25658	0.0444533	35.7	54.2
HiC_scaffold_246	1	20000	18	1325	6.625	0.13495	34.8	50.3
HiC_scaffold_247	1	20000	8	954	4.77	0.0535	35.4	55.9
HiC_scaffold_248	1	19739	187	7082	35.8782	1.39222	35.2	44.2
HiC_scaffold_249	1	19737	55	6000	30.3998	0.408167	35.9	58.1
HiC_scaffold_250	1	19724	10	1043	5.28797	0.0675319	35	54
HiC_scaffold_251	1	19667	32	1360	6.91514	0.231403	35	39.5
HiC_scaffold_252	1	19649	29	3647	18.5607	0.220927	35.9	47.6
HiC_scaffold_253	1	19394	25	2550	13.1484	0.192431	34.8	53.3
HiC_scaffold_254	1	19304	55	3076	15.9345	0.40691	35.5	49.2
HiC_scaffold_255	1	19231	6	900	4.67994	0.0467994	34.9	42.3
HiC_scaffold_256	1	19176	47	3939	20.5413	0.338287	35.9	55.5
HiC_scaffold_257	1	19156	779	6893	35.9835	5.68428	35.1	43.9
HiC_scaffold_258	1	19143	57	1529	7.98725	0.404012	35.2	45.4
HiC_scaffold_259	1	19058	20	2275	11.9372	0.155788	35.7	46.7
HiC_scaffold_260	1	19000	70	3409	17.9421	0.544421	35.4	41.7
HiC_scaffold_261	1	18934	12	1267	6.69167	0.0950671	36.2	49.4
HiC_scaffold_262	1	18930	581	8907	47.0523	4.44823	35.2	44.7
HiC_scaffold_263	1	18729	71	7568	40.4079	0.547707	35.8	58.3
HiC_scaffold_264	1	18528	31	2541	13.7144	0.222096	34.8	58.3
HiC_scaffold_265	1	18283	12	997	5.45315	0.0983974	35.9	39
HiC_scaffold_266	1	18272	16	874	4.78327	0.0882224	35.1	39.6
HiC_scaffold_267	1	18066	22	1504	8.32503	0.172645	35.2	50
HiC_scaffold_268	1	18044	17	1577	8.73975	0.141266	36.3	42.2
HiC_scaffold_269	1	18026	34	3252	18.0406	0.274825	34.6	58.3
HiC_scaffold_270	1	18000	59	4569	25.3833	0.467778	35.1	47.4
HiC_scaffold_271	1	18000	24	2944	16.3556	0.196556	36.1	53.8
HiC_scaffold_272	1	18000	33	1609	8.93889	0.272833	35.3	45.8
HiC_scaffold_273	1	17971	118	5548	30.872	0.976406	35.6	44.1
HiC_scaffold_274	1	17888	22	2382	13.3162	0.184202	35.9	41.1
HiC_scaffold_275	1	17782	25	2773	15.5944	0.210044	35.6	53.6
HiC_scaffold_276	1	17690	18	1951	11.0288	0.148785	35.8	46.6
HiC_scaffold_277	1	17675	24	1584	8.96181	0.203621	35.2	38.8
HiC_scaffold_278	1	17531	6	730	4.16405	0.0513376	35.8	47.5
HiC_scaffold_279	1	17508	149	2520	14.3934	0.757082	35.3	48.3
HiC_scaffold_280	1	17420	53	5151	29.5695	0.446843	35.3	50.4
HiC_scaffold_281	1	17399	8	821	4.71866	0.0641991	35.2	60
HiC_scaffold_282	1	17398	41	4214	24.2212	0.346994	35.7	49.4
HiC_scaffold_283	1	17257	495	7043	40.8124	3.568	35	51.8
HiC_scaffold_284	1	17224	110	9296	53.9712	0.942058	35.1	54.2
HiC_scaffold_285	1	17131	29	2803	16.3622	0.249723	35.2	48.8
HiC_scaffold_286	1	17073	32	2700	15.8144	0.261114	35.4	52.2
HiC_scaffold_287	1	17000	42	3121	18.3588	0.365059	35	41.6
HiC_scaffold_288	1	16908	19	1036	6.12728	0.129524	34.6	55.4
HiC_scaffold_289	1	16758	150	2268	13.5338	1.16762	35.3	42.7
HiC_scaffold_290	1	16602	108	2923	17.6063	0.876581	35.6	42.8
HiC_scaffold_291	1	16449	72	464	2.82084	0.490303	34.6	44.9
HiC_scaffold_292	1	16346	23	2314	14.1564	0.200905	34.6	50.3
HiC_scaffold_293	1	16263	216	1103	6.78227	1.82439	35	42.7
HiC_scaffold_294	1	16061	55	4335	26.9908	0.49835	35.4	51
HiC_scaffold_295	1	16000	6	729	4.55625	0.0531875	35.7	53.3
HiC_scaffold_296	1	16000	40	3245	20.2812	0.36675	35.5	48.4
HiC_scaffold_297	1	16000	12	1058	6.6125	0.101312	35.3	52.3
HiC_scaffold_298	1	16000	39	2737	17.1062	0.352063	35.7	46.7
HiC_scaffold_299	1	16000	23	2137	13.3562	0.214562	35	39.7
HiC_scaffold_300	1	15603	58	3648	23.3801	0.546113	35.4	43.1
HiC_scaffold_301	1	15565	2	209	1.34276	0.019274	34.8	60
HiC_scaffold_302	1	15554	74	2863	18.4068	0.7094	35.5	38.2
HiC_scaffold_303	1	15467	85	6065	39.2125	0.793948	34.2	47.3
HiC_scaffold_304	1	15433	27	2300	14.9031	0.256204	35.5	38.8
HiC_scaffold_305	1	15221	18	1368	8.98758	0.176664	36	42
HiC_scaffold_306	1	15208	5	376	2.47238	0.0462914	35	60
HiC_scaffold_307	1	15128	16	252	1.66579	0.136304	34.6	45.9
HiC_scaffold_308	1	15037	31	3392	22.5577	0.308439	35.3	51.6
HiC_scaffold_309	1	15027	26	2755	18.3337	0.246756	34.8	49.7
HiC_scaffold_310	1	15014	36	3645	24.2773	0.34681	35.3	59
HiC_scaffold_311	1	15000	75	7185	47.9	0.743733	35.4	49.5
HiC_scaffold_312	1	14886	71	7651	51.3973	0.71275	35.6	47.1
HiC_scaffold_313	1	14872	41	2156	14.497	0.398467	35.6	45.1
HiC_scaffold_314	1	14743	17	1385	9.39429	0.171946	35	57.3
HiC_scaffold_315	1	14719	12	824	5.59821	0.121815	35.1	48.5
HiC_scaffold_316	1	14619	27	2842	19.4405	0.239004	35.2	50.7
HiC_scaffold_317	1	14567	24	2443	16.7708	0.246516	35.3	48.2
HiC_scaffold_318	1	14553	6	725	4.98179	0.0618429	35.8	37
HiC_scaffold_319	1	14548	132	7370	50.6599	1.33317	35.2	47.4
HiC_scaffold_320	1	14465	26	2028	14.02	0.248185	35.8	53.3
HiC_scaffold_321	1	14408	86	4956	34.3976	0.8902	35.7	45
HiC_scaffold_322	1	14386	4	593	4.12206	0.0416377	35.7	42.5
HiC_scaffold_323	1	14298	87	5125	35.8442	0.740104	34.3	48.4
HiC_scaffold_324	1	14091	90	5725	40.6288	0.941026	34.9	48.4
HiC_scaffold_325	1	14000	17	1908	13.6286	0.179143	34.9	46.9
HiC_scaffold_326	1	14000	25	2073	14.8071	0.2635	35.7	47
HiC_scaffold_327	1	13966	27	2599	18.6095	0.284477	34.9	45.9
HiC_scaffold_328	1	13312	76	7899	59.3374	0.823242	35.5	60
HiC_scaffold_329	1	13309	37	3424	25.727	0.408821	35.3	49.9
HiC_scaffold_330	1	13245	51	4752	35.8777	0.571083	35.3	52.5
HiC_scaffold_331	1	13138	80	7148	54.4071	0.894657	35.3	59.6
HiC_scaffold_333	1	13000	18	1606	12.3538	0.200769	35.7	50.8
HiC_scaffold_334	1	13000	21	2033	15.6385	0.233615	35.1	47.1
HiC_scaffold_335	1	13000	22	1780	13.6923	0.247769	35.3	50.7
HiC_scaffold_336	1	12527	181	4994	39.8659	2.07799	35.3	39.4
HiC_scaffold_337	1	12325	9	1280	10.3854	0.109452	36.6	37.8
HiC_scaffold_338	1	12210	10	756	6.19165	0.107043	36.3	48.2
HiC_scaffold_339	1	12140	62	4958	40.8402	0.734267	35.5	57.9
HiC_scaffold_340	1	12103	29	1925	15.9051	0.355862	34.9	47
HiC_scaffold_341	1	11792	5	405	3.43453	0.0531716	35.8	60
HiC_scaffold_342	1	11769	27	1054	8.95573	0.344124	35.7	39.9
HiC_scaffold_343	1	11768	32	3077	26.1472	0.376105	36	53.6
HiC_scaffold_344	1	11552	60	6469	55.999	0.771035	35.4	55.5
HiC_scaffold_345	1	11294	11	1275	11.2892	0.13733	36	53.8
HiC_scaffold_346	1	11220	51	5207	46.4082	0.652139	34.5	55.6
HiC_scaffold_347	1	11009	567	5336	48.4694	7.13362	35	42.3
HiC_scaffold_348	1	11007	46	3857	35.0413	0.610157	35.8	55.7
HiC_scaffold_349	1	11000	19	1901	17.2818	0.256727	35	53.6
HiC_scaffold_350	1	10932	24	2011	18.3955	0.324918	35.1	45.2
HiC_scaffold_351	1	10903	38	3010	27.6071	0.502981	35.7	58
HiC_scaffold_352	1	10862	71	6323	58.2121	0.938409	35.1	58.4
HiC_scaffold_353	1	10825	16	1840	16.9977	0.221709	35	51.8
HiC_scaffold_354	1	10780	82	6678	61.9481	1.13497	35.6	54.3
HiC_scaffold_356	1	10316	8	499	4.83715	0.100427	36.1	60
HiC_scaffold_357	1	10313	67	5623	54.5234	0.960244	35.5	56.4
HiC_scaffold_358	1	10116	16	1440	14.2349	0.234777	35.7	55.8
HiC_scaffold_359	1	9728	411	3624	37.2533	5.58111	35	40.1
HiC_scaffold_360	1	9582	9	1154	12.0434	0.140576	35.7	49.7
HiC_scaffold_361	1	9577	28	2900	30.2809	0.436567	35.1	47.1
HiC_scaffold_362	1	9324	22	1938	20.7851	0.352853	35.5	48.2
HiC_scaffold_363	1	9309	55	5780	62.0905	0.868729	35.4	59.6
HiC_scaffold_364	1	9000	6	516	5.73333	0.0686667	32.9	51
HiC_scaffold_365	1	8972	13	1386	15.4481	0.217343	34.9	52
HiC_scaffold_366	1	8717	1	150	1.72078	0.0172078	36.8	60
HiC_scaffold_367	1	8598	16	1412	16.4224	0.226332	33.1	48.2
HiC_scaffold_368	1	8517	11	1090	12.7979	0.191147	34.6	55.3
HiC_scaffold_369	1	8159	20	2028	24.856	0.355068	35.2	51.2
HiC_scaffold_370	1	8000	7	477	5.9625	0.121	35.1	42
HiC_scaffold_371	1	7755	20	2132	27.4919	0.378594	35.7	49.3
HiC_scaffold_372	1	7349	17	1961	26.6839	0.316642	35.6	52.6
HiC_scaffold_373	1	7312	36	3284	44.9125	0.718408	35.2	48.2
HiC_scaffold_374	1	7226	22	2128	29.4492	0.455577	34.6	56.3
HiC_scaffold_375	1	7101	6	638	8.98465	0.126461	34	56.7
HiC_scaffold_376	1	7000	50	2450	35	1.00386	35.3	41.7
HiC_scaffold_377	1	7000	29	2699	38.5571	0.613	35.6	57.6
HiC_scaffold_378	1	7000	48	1457	20.8143	1.02829	35.2	38.4
HiC_scaffold_379	1	6605	37	2806	42.483	0.79031	34.9	48.8
HiC_scaffold_380	1	6537	35	3138	48.0037	0.751874	36	58.5
HiC_scaffold_381	1	6484	25	2191	33.7909	0.51203	34.8	56.2
HiC_scaffold_382	1	6459	14	1870	28.9519	0.324508	35.3	53.6
HiC_scaffold_383	1	6245	12	1327	21.249	0.280544	36.5	55
HiC_scaffold_384	1	6125	34	4023	65.6816	0.831347	34.8	49.9
HiC_scaffold_385	1	6000	33	3059	50.9833	0.808	35.3	55
HiC_scaffold_386	1	6000	19	2013	33.55	0.460667	35.5	58.8
HiC_scaffold_387	1	6000	34	2771	46.1833	0.839333	34.9	47.6
HiC_scaffold_388	1	5993	14	1353	22.5763	0.350409	34.8	46.4
HiC_scaffold_389	1	5821	18	1863	32.0048	0.455248	35.7	49.2
HiC_scaffold_390	1	5673	8	1181	20.8179	0.208179	34.9	42.6
HiC_scaffold_391	1	5000	8	682	13.64	0.2	36	60
HiC_scaffold_392	1	5000	26	2334	46.68	0.7742	35.2	54.7
HiC_scaffold_393	1	4994	1218	3669	73.4682	33.2165	35	47.7
HiC_scaffold_394	1	4893	19	2189	44.7374	0.581647	36.2	50.6
HiC_scaffold_395	1	4891	31	2801	57.2685	0.86833	35.2	57.7
HiC_scaffold_396	1	4877	4	378	7.75067	0.123026	36.6	51
HiC_scaffold_397	1	4000	13	1287	32.175	0.481	34.9	41.7
HiC_scaffold_398	1	4000	19	1886	47.15	0.65675	35.7	54.5
HiC_scaffold_399	1	4000	22	2126	53.15	0.80475	34.8	50.5
HiC_scaffold_400	1	4000	80	984	24.6	2.71525	35	45.1
HiC_scaffold_401	1	3971	27	2037	51.2969	0.986905	35.3	59
HiC_scaffold_402	1	3919	5	625	15.9479	0.183976	36.1	57.6
HiC_scaffold_403	1	3281	15	1557	47.455	0.685767	34.7	60
HiC_scaffold_405	1	3259	23	2276	69.8374	0.992636	34.9	58.5
HiC_scaffold_406	1	3042	4	587	19.2965	0.196581	36.3	49.2
HiC_scaffold_407	1	3035	10	1122	36.9687	0.440198	34.9	58.8
HiC_scaffold_408	1	3003	2	172	5.72761	0.0572761	26.7	30
HiC_scaffold_409	1	3003	5	499	16.6167	0.249417	35.7	46.2
HiC_scaffold_410	1	3000	8	1045	34.8333	0.399667	33.6	55
HiC_scaffold_411	1	3000	30	1288	42.9333	1.43933	35.2	46.3
HiC_scaffold_412	1	3000	23	1945	64.8333	1.12567	35.8	57.4
HiC_scaffold_413	1	3000	21	1916	63.8667	0.991	34.7	58.1
HiC_scaffold_414	1	3000	29	2278	75.9333	1.415	35.3	55
HiC_scaffold_415	1	2897	17	1608	55.5057	0.869175	33.7	52
HiC_scaffold_416	1	2563	47	1264	49.3172	2.2817	34.1	45.9
HiC_scaffold_417	1	2259	19	1573	69.6326	1.15139	35.8	60
HiC_scaffold_418	1	2125	6	829	39.0118	0.409882	35.8	51.7
HiC_scaffold_419	1	2021	13	880	43.5428	0.819891	35.4	60
HiC_scaffold_420	1	2000	18	1423	71.15	1.2855	33.9	60
HiC_scaffold_421	1	2000	4	375	18.75	0.2955	32.3	54.2
HiC_scaffold_422	1	2000	17	1361	68.05	1.092	36.2	59.5
HiC_scaffold_424	1	1484	5	436	29.3801	0.477763	35.1	56
HiC_scaffold_425	1	1447	5	462	31.9281	0.452661	36	55.8
HiC_scaffold_427	1	1353	12	946	69.9187	1.29933	35.3	60
HiC_scaffold_428	1	1184	2	181	15.2872	0.253378	36.9	33
HiC_scaffold_429	1	1175	9	749	63.7447	0.974468	35.7	60
HiC_scaffold_430	1	1138	16	819	71.9684	1.47188	35.3	58.1
HiC_scaffold_431	1	1108	3	345	31.1372	0.311372	34.7	60
HiC_scaffold_432	1	1097	22	964	87.876	2.8742	36.4	58.6
HiC_scaffold_433	1	1005	49	585	58.209	6.74826	35.5	44.9
HiC_scaffold_434	1	1000	7	617	61.7	0.842	36	60
HiC_scaffold_435	1	1000	3	390	39	0.39	34.5	60
HiC_scaffold_436	1	1000	5	199	19.9	0.419	34.6	57
HiC_scaffold_437	1	1000	10	877	87.7	1.412	34.9	60
HiC_scaffold_438	1	1000	5	649	64.9	0.692	35.2	60
HiC_scaffold_439	1	1000	5	737	73.7	0.745	36.3	60
HiC_scaffold_440	1	1000	6	384	38.4	0.652	34.9	60
HiC_scaffold_441	1	1000	11	817	81.7	1.423	35.5	59.9
HiC_scaffold_442	1	1000	12	819	81.9	1.8	36.2	60
HiC_scaffold_443	1	1000	9	862	86.2	1.296	34.9	60
HiC_scaffold_444	1	1000	5	532	53.2	0.641	34.7	60
HiC_scaffold_445	1	1000	5	312	31.2	0.495	34.9	60
HiC_scaffold_446	1	1000	12	608	60.8	1.734	35.2	46.2
HiC_scaffold_447	1	1000	20	945	94.5	2.798	36	58.2
HiC_scaffold_448	1	1000	15	890	89	2.174	34.9	55.7
HiC_scaffold_449	1	1000	6	326	32.6	0.772	36.2	60
HiC_scaffold_450	1	1000	2	299	29.9	0.299	35.4	59.5
HiC_scaffold_451	1	1000	3	227	22.7	0.336	33.9	60
HiC_scaffold_452	1	1000	3	394	39.4	0.448	36.4	60
HiC_scaffold_453	1	1000	38	652	65.2	4.67	35.4	47.3
mitochondria	1	17813	37171	17571	98.6414	302.004	35.2	59.3
HiC_scaffold_137	1	27128	0	0	0	0	0	0
HiC_scaffold_164	1	25000	0	0	0	0	0	0
HiC_scaffold_219	1	22812	0	0	0	0	0	0
HiC_scaffold_332	1	13083	0	0	0	0	0	0
HiC_scaffold_355	1	10606	0	0	0	0	0	0
HiC_scaffold_404	1	3264	0	0	0	0	0	0
HiC_scaffold_423	1	1676	0	0	0	0	0	0
HiC_scaffold_426	1	1382	0	0	0	0	0	0
HiC_scaffold_454	1	2000	0	0	0	0	0	0
