#rname	startpos	endpos	numreads	covbases	coverage	meandepth	meanbaseq	meanmapq
HiC_scaffold_1	1	75050035	892481	58259688	77.6278	1.73438	35.5	59.1
HiC_scaffold_2	1	56816963	678815	44227502	77.8421	1.74114	35.5	59.2
HiC_scaffold_3	1	109611085	1257028	82978583	75.7027	1.67376	35.5	58.7
HiC_scaffold_4	1	81599725	963690	62937835	77.13	1.72282	35.5	59.1
HiC_scaffold_5	1	72353455	868829	56629677	78.2681	1.75177	35.5	59.3
HiC_scaffold_6	1	67692486	813789	52794793	77.9921	1.75277	35.5	59.2
HiC_scaffold_7	1	59159807	704217	45619332	77.112	1.73377	35.5	59
HiC_scaffold_8	1	13479537	82260	7509619	55.7113	0.893684	35.5	59.4
HiC_scaffold_9	1	58964884	708138	45821480	77.7098	1.75027	35.5	59.1
HiC_scaffold_10	1	36732878	439858	28300506	77.0441	1.74254	35.5	59
HiC_scaffold_11	1	27384	216	6264	22.8747	1.1369	35.3	44.6
HiC_scaffold_12	1	33592	3088	7637	22.7346	12.2705	35	45.8
HiC_scaffold_13	1	184337	7710	145951	79.1762	5.82877	35.5	52.2
HiC_scaffold_14	1	85992	3218	50875	59.1625	5.18437	34.9	44.9
HiC_scaffold_15	1	87022	755	25118	28.864	1.16998	35.3	45.5
HiC_scaffold_16	1	89609	3069	11312	12.6237	3.67953	35.7	51
HiC_scaffold_17	1	164154	2014	52055	31.7111	1.7653	35.3	52.2
HiC_scaffold_18	1	104921	589	48041	45.7878	0.817053	35.4	53.6
HiC_scaffold_19	1	103720	560	34661	33.4179	0.782433	35.4	48.7
HiC_scaffold_20	1	90353	849	35074	38.8189	1.33501	35	49
HiC_scaffold_21	1	85252	335	21653	25.3988	0.554744	35.4	48.6
HiC_scaffold_22	1	80500	474	26437	32.841	0.874845	35.6	50
HiC_scaffold_23	1	75743	295	19413	25.6301	0.568884	35.2	54.9
HiC_scaffold_24	1	75592	1384	19392	25.6535	2.60549	35.1	43
HiC_scaffold_25	1	72691	1700	34636	47.6483	3.34457	35.4	54
HiC_scaffold_26	1	71458	829	40669	56.9132	1.67423	35.4	47.6
HiC_scaffold_27	1	70045	3283	55440	79.1491	6.65668	35.3	52.9
HiC_scaffold_28	1	68558	157	7252	10.5779	0.2954	34.9	54.6
HiC_scaffold_29	1	68222	1323	21360	31.3095	2.87677	35.5	44.8
HiC_scaffold_30	1	67017	730	37441	55.8679	1.58694	35.2	46.5
HiC_scaffold_31	1	65972	62	6784	10.2832	0.138165	35.9	45.4
HiC_scaffold_32	1	64000	803	35606	55.6344	1.73269	35.5	49.5
HiC_scaffold_33	1	62684	802	17432	27.8093	1.63689	35.4	42.3
HiC_scaffold_34	1	60035	432	28220	47.0059	0.980311	35.4	55.1
HiC_scaffold_35	1	59483	127	11987	20.152	0.313266	35.6	50.4
HiC_scaffold_36	1	58601	378	4251	7.25414	0.935462	34.9	43
HiC_scaffold_37	1	57907	179	11821	20.4138	0.438842	35.5	48
HiC_scaffold_38	1	57623	207	3405	5.9091	0.497284	35.6	38.1
HiC_scaffold_39	1	56881	687	18903	33.2325	1.31246	35.4	48.5
HiC_scaffold_40	1	56115	521	7699	13.72	1.2002	35.6	38
HiC_scaffold_41	1	55753	720	21933	39.3396	1.83509	35.2	41.4
HiC_scaffold_42	1	55361	111	4773	8.62159	0.282672	35	46.2
HiC_scaffold_43	1	55333	757	12405	22.4188	1.94679	35.2	39.2
HiC_scaffold_44	1	54697	2382	48555	88.7709	6.42447	35.6	55.5
HiC_scaffold_45	1	54079	71	3446	6.37216	0.158435	35	45
HiC_scaffold_46	1	53000	269	7890	14.8868	0.744868	35.3	39.1
HiC_scaffold_47	1	52728	1950	26633	50.5102	5.19229	34.9	46.8
HiC_scaffold_48	1	52696	357	21770	41.3124	1.00125	35.6	51.5
HiC_scaffold_49	1	52574	93	4253	8.08955	0.261023	35.3	41
HiC_scaffold_50	1	52452	39	1508	2.87501	0.0787387	35.3	51.4
HiC_scaffold_51	1	52291	167	6265	11.981	0.3924	35	46.8
HiC_scaffold_52	1	50660	334	24758	48.8709	0.957383	35.7	56.7
HiC_scaffold_53	1	50444	1622	31229	61.9083	4.75694	35.6	56.3
HiC_scaffold_54	1	50000	719	43485	86.97	2.08774	35.5	59.7
HiC_scaffold_55	1	49402	98	5697	11.5319	0.294482	35.7	42.3
HiC_scaffold_56	1	48994	279	8324	16.9898	0.797792	35.5	41.5
HiC_scaffold_57	1	48961	116	7632	15.5879	0.350218	34.9	46
HiC_scaffold_58	1	48913	355	27702	56.6353	1.0763	35.9	50.9
HiC_scaffold_59	1	48516	497	12971	26.7355	1.51616	35.5	47.6
HiC_scaffold_60	1	48449	420	28513	58.8516	1.27961	35.6	52.7
HiC_scaffold_61	1	48102	114	6717	13.9641	0.339716	35.3	49.7
HiC_scaffold_62	1	47095	470	33518	71.171	1.48062	35.4	56.7
HiC_scaffold_63	1	45946	626	25557	55.624	2.00451	35.2	50.9
HiC_scaffold_64	1	45702	244	6014	13.1592	0.729312	35	45.9
HiC_scaffold_65	1	45164	437	10889	24.1099	1.31937	34.9	45.7
HiC_scaffold_66	1	45000	837	9864	21.92	2.60158	35.2	46
HiC_scaffold_67	1	44932	573	8902	19.8122	1.52292	35.2	39.7
HiC_scaffold_68	1	44535	54	5695	12.7877	0.179926	35.8	45.1
HiC_scaffold_69	1	43359	384	12558	28.9628	1.29943	35.4	43.5
HiC_scaffold_70	1	43000	359	8782	20.4233	1.06926	35.4	40.2
HiC_scaffold_71	1	42000	352	15183	36.15	1.11529	35.5	47.7
HiC_scaffold_72	1	41780	56	3585	8.58066	0.199067	35.3	42.2
HiC_scaffold_73	1	41131	104	6110	14.855	0.373635	35.7	46.1
HiC_scaffold_74	1	41000	150	12388	30.2146	0.536537	35.7	56.2
HiC_scaffold_75	1	40673	168	5183	12.7431	0.608782	35.1	39.8
HiC_scaffold_76	1	40021	295	4994	12.4784	0.994428	35.2	39.1
HiC_scaffold_77	1	40000	41	3758	9.395	0.148425	35.5	49.6
HiC_scaffold_78	1	39995	183	18278	45.7007	0.67996	35.4	51
HiC_scaffold_79	1	39987	34	3726	9.31803	0.127291	35.4	45.6
HiC_scaffold_80	1	39907	89	5121	12.8323	0.325356	35.2	52.8
HiC_scaffold_81	1	39785	293	6197	15.5762	0.890109	35.1	44
HiC_scaffold_82	1	39714	1430	11515	28.9948	4.99748	35.1	44
HiC_scaffold_83	1	39603	156	12668	31.9875	0.582936	35.1	53.9
HiC_scaffold_84	1	39032	1165	24443	62.623	4.17483	35.3	49.3
HiC_scaffold_85	1	38821	344	10489	27.0189	1.26733	35.5	44.7
HiC_scaffold_86	1	38551	294	4681	12.1424	0.950792	35.2	47.6
HiC_scaffold_87	1	38336	243	7907	20.6255	0.938804	35.2	42.2
HiC_scaffold_88	1	38081	227	6392	16.7853	0.853444	35.8	57.8
HiC_scaffold_89	1	37423	106	1096	2.92868	0.382198	35.6	44.7
HiC_scaffold_90	1	37049	367	11065	29.8659	1.4402	35.7	43.6
HiC_scaffold_91	1	37000	468	29614	80.0378	1.86043	35.6	60
HiC_scaffold_92	1	36719	136	5418	14.7553	0.54081	35.3	50.6
HiC_scaffold_93	1	36624	394	7265	19.8367	1.44583	35.2	39.5
HiC_scaffold_94	1	36550	124	3655	10	0.499289	35.7	42.9
HiC_scaffold_95	1	35915	1545	20102	55.971	5.99875	35	43.8
HiC_scaffold_96	1	35569	384	11803	33.1834	1.5886	35.7	46.4
HiC_scaffold_97	1	35569	113	6199	17.4281	0.428238	34.8	47.6
HiC_scaffold_98	1	35521	158	3987	11.2243	0.416092	35.2	48.8
HiC_scaffold_99	1	35305	1172	25672	72.7149	4.3604	35.4	57.8
HiC_scaffold_100	1	35285	366	25835	73.2181	1.50469	35.4	57.3
HiC_scaffold_101	1	35090	172	11337	32.3083	0.653634	34.9	53.8
HiC_scaffold_102	1	34736	38	3742	10.7727	0.164037	36.1	47.5
HiC_scaffold_103	1	34662	847	17077	49.2672	3.31625	35.5	40.9
HiC_scaffold_104	1	34539	90	9088	26.3123	0.390254	35.3	49
HiC_scaffold_105	1	34367	61	4244	12.3491	0.25571	35.8	51.3
HiC_scaffold_106	1	34092	21	1345	3.94521	0.0813387	35.6	53.2
HiC_scaffold_107	1	34034	1351	30400	89.3224	5.70259	35.5	58.5
HiC_scaffold_108	1	34000	210	4936	14.5176	0.908676	35.3	39.4
HiC_scaffold_109	1	33013	317	11402	34.5379	1.34238	34.4	42.1
HiC_scaffold_110	1	32894	30	2325	7.06816	0.133155	35.3	55
HiC_scaffold_111	1	32703	73	6833	20.8941	0.328471	35.8	46.6
HiC_scaffold_112	1	32055	139	9119	28.448	0.631477	35.2	51.6
HiC_scaffold_113	1	31996	288	4595	14.3612	0.919209	35.3	43.8
HiC_scaffold_114	1	31869	184	6698	21.0173	0.683266	35.5	49
HiC_scaffold_115	1	31497	301	8079	25.6501	1.41499	35.2	42.8
HiC_scaffold_116	1	31452	188	14860	47.2466	0.874889	35.5	55
HiC_scaffold_117	1	31435	121	10746	34.1848	0.56154	35.5	51.3
HiC_scaffold_118	1	31168	226	15352	49.2556	1.05576	35.4	57.3
HiC_scaffold_119	1	31094	67	3340	10.7416	0.319547	35.5	48.6
HiC_scaffold_120	1	31000	110	8727	28.1516	0.524548	35.4	47
HiC_scaffold_121	1	30892	49	3330	10.7795	0.22747	35.2	42
HiC_scaffold_122	1	30671	173	5672	18.493	0.83874	35.5	40.3
HiC_scaffold_123	1	30159	382	24055	79.7606	1.87241	35.6	60
HiC_scaffold_124	1	30112	20	2464	8.18278	0.0993624	35.4	39.8
HiC_scaffold_125	1	30000	91	3141	10.47	0.452233	35.3	39.8
HiC_scaffold_126	1	30000	35	2899	9.66333	0.1702	35.7	48.8
HiC_scaffold_127	1	29632	426	5842	19.7152	1.92454	35.2	42.6
HiC_scaffold_128	1	29216	125	9434	32.2905	0.634242	35.8	49.6
HiC_scaffold_129	1	29000	51	2229	7.68621	0.222552	36	52.1
HiC_scaffold_130	1	28743	20	1431	4.9786	0.103469	35.5	56
HiC_scaffold_131	1	28267	552	9369	33.1447	2.91757	35.5	40.2
HiC_scaffold_132	1	28006	350	6605	23.5842	1.84482	35.3	40.3
HiC_scaffold_133	1	27859	134	10660	38.2641	0.700923	35.4	55.1
HiC_scaffold_134	1	27837	388	23300	83.7015	1.99256	35.5	59.5
HiC_scaffold_135	1	27503	123	4630	16.8345	0.652802	35.4	38
HiC_scaffold_136	1	27405	392	23634	86.2397	2.0728	35.4	60
HiC_scaffold_137	1	27128	4	506	1.86523	0.0218962	35.1	46.2
HiC_scaffold_138	1	27000	178	13664	50.6074	0.976556	35.5	51.3
HiC_scaffold_139	1	26958	54	2914	10.8094	0.289079	35.1	48.5
HiC_scaffold_140	1	26822	56	3412	12.7209	0.300761	35.4	41.1
HiC_scaffold_141	1	26714	545	11695	43.7785	2.77413	35.3	43.8
HiC_scaffold_142	1	26597	272	11946	44.9148	1.39745	35.1	46.7
HiC_scaffold_143	1	26526	61	2908	10.9628	0.285079	34.5	52.3
HiC_scaffold_144	1	26403	206	3083	11.6767	1.1582	35.6	40.3
HiC_scaffold_145	1	26321	501	13150	49.9601	2.79249	35.1	42.7
HiC_scaffold_146	1	26302	189	3090	11.7482	0.96122	34.9	38.6
HiC_scaffold_147	1	26228	79	5014	19.117	0.439187	35.9	52
HiC_scaffold_148	1	26220	552	6632	25.2937	3.14241	35.4	39.2
HiC_scaffold_149	1	26169	64	5854	22.37	0.366311	35.6	51.4
HiC_scaffold_150	1	26140	339	21148	80.9028	1.83366	35.5	59.7
HiC_scaffold_151	1	25970	28	2344	9.0258	0.147131	35.9	38.4
HiC_scaffold_152	1	25914	96	4628	17.8591	0.493208	35.6	43
HiC_scaffold_153	1	25756	19	1734	6.73241	0.0875912	35.2	45.4
HiC_scaffold_154	1	25701	98	7987	31.0766	0.558188	35.6	53.9
HiC_scaffold_155	1	25484	547	12471	48.9366	3.06781	35.2	42
HiC_scaffold_156	1	25347	2349	15248	60.157	12.437	34.9	45.3
HiC_scaffold_157	1	25300	144	5876	23.2253	0.843794	35.6	44.1
HiC_scaffold_158	1	25137	580	11575	46.0477	3.32283	35.2	40
HiC_scaffold_159	1	25068	41	2693	10.7428	0.239788	36.1	45
HiC_scaffold_160	1	25021	193	14153	56.5645	1.10295	35.5	54.9
HiC_scaffold_161	1	25021	23	2352	9.4001	0.136925	35.5	47.6
HiC_scaffold_162	1	25013	432	1384	5.53312	1.98633	35.3	45
HiC_scaffold_163	1	25000	18	438	1.752	0.10772	35.6	33.7
HiC_scaffold_164	1	25000	24	844	3.376	0.1436	34.6	35.9
HiC_scaffold_165	1	25000	30	1657	6.628	0.1796	34.8	38.2
HiC_scaffold_166	1	25000	106	3945	15.78	0.61628	35.2	37.7
HiC_scaffold_167	1	25000	326	19544	78.176	1.87232	35.6	58.9
HiC_scaffold_168	1	25000	339	20073	80.292	1.96304	35.3	59.9
HiC_scaffold_169	1	25000	332	20999	83.996	1.94976	35.5	59.6
HiC_scaffold_170	1	25000	278	19248	76.992	1.58764	35.4	59.9
HiC_scaffold_171	1	25000	321	20637	82.548	1.84708	35.3	59.8
HiC_scaffold_172	1	25000	318	20440	81.76	1.84268	35.5	59.9
HiC_scaffold_173	1	25000	363	20907	83.628	2.11072	35.6	59.9
HiC_scaffold_174	1	25000	324	21391	85.564	1.85696	35.6	59.9
HiC_scaffold_175	1	25000	320	20127	80.508	1.8826	35.6	60
HiC_scaffold_176	1	25000	299	19161	76.644	1.73632	35.5	59.6
HiC_scaffold_177	1	25000	371	20625	82.5	2.13644	35.4	59.3
HiC_scaffold_178	1	25000	316	20743	82.972	1.83636	35.3	59.4
HiC_scaffold_179	1	25000	268	18075	72.3	1.53996	35.4	59.7
HiC_scaffold_180	1	25000	280	16493	65.972	1.641	35.7	56.9
HiC_scaffold_181	1	25000	295	19576	78.304	1.73348	35.6	60
HiC_scaffold_182	1	25000	353	21613	86.452	2.04364	35.5	60
HiC_scaffold_183	1	25000	126	4582	18.328	0.74976	35.8	43.2
HiC_scaffold_184	1	25000	322	21076	84.304	1.8838	35.3	60
HiC_scaffold_185	1	25000	637	24171	96.684	3.724	35.5	59.7
HiC_scaffold_186	1	25000	323	20767	83.068	1.8846	35.7	60
HiC_scaffold_187	1	25000	5	747	2.988	0.02988	36.6	59.8
HiC_scaffold_188	1	24887	109	4530	18.2023	0.601238	35.2	43.6
HiC_scaffold_189	1	24881	665	16714	67.1758	3.17242	35.2	45
HiC_scaffold_190	1	24860	238	14318	57.5945	1.42401	35.5	56.7
HiC_scaffold_191	1	24785	172	12208	49.2556	1.02808	35.7	48.5
HiC_scaffold_192	1	24606	31	2567	10.4324	0.180444	34.8	41.7
HiC_scaffold_193	1	24582	147	2644	10.7558	0.860996	35.1	45.4
HiC_scaffold_194	1	24552	759	12488	50.8635	4.24194	35.1	43.7
HiC_scaffold_195	1	24515	95	6885	28.0848	0.558515	35.3	53.7
HiC_scaffold_196	1	24429	108	5637	23.075	0.594212	35.8	53.5
HiC_scaffold_197	1	24404	95	6786	27.8069	0.576668	35.4	54.9
HiC_scaffold_198	1	24065	227	15893	66.042	1.39967	35.2	55.6
HiC_scaffold_199	1	24034	46	4171	17.3546	0.280769	35.2	51.1
HiC_scaffold_200	1	24000	19	1101	4.5875	0.11025	36	50.1
HiC_scaffold_201	1	24000	789	5044	21.0167	4.86025	35.4	45.7
HiC_scaffold_202	1	23940	320	4452	18.5965	1.84064	35.2	39.3
HiC_scaffold_203	1	23878	87	2669	11.1777	0.535849	35.8	35.7
HiC_scaffold_204	1	23813	85	6399	26.8719	0.510309	35.7	54.8
HiC_scaffold_205	1	23764	52	4329	18.2166	0.319769	35.3	50.2
HiC_scaffold_206	1	23660	18	1457	6.15807	0.113483	33.7	50.1
HiC_scaffold_207	1	23581	232	16821	71.3329	1.45901	35.5	54.3
HiC_scaffold_208	1	23490	75	3026	12.8821	0.464283	35.2	38.2
HiC_scaffold_209	1	23453	130	10330	44.0455	0.813755	35.4	56
HiC_scaffold_210	1	23041	99	3895	16.9046	0.608437	35.8	50.2
HiC_scaffold_211	1	23000	434	3956	17.2	2.82265	35.7	39.3
HiC_scaffold_212	1	23000	117	8601	37.3957	0.740217	35.5	50.3
HiC_scaffold_213	1	23000	39	2553	11.1	0.251087	34.4	42.5
HiC_scaffold_214	1	23000	114	5998	26.0783	0.712087	35.5	40.6
HiC_scaffold_215	1	23000	77	4412	19.1826	0.477304	35.5	55.5
HiC_scaffold_216	1	22979	17	1493	6.49724	0.107751	35.5	46.8
HiC_scaffold_217	1	22964	82	3161	13.765	0.533966	35.3	39.4
HiC_scaffold_218	1	22956	103	8796	38.3168	0.669542	35.6	51.1
HiC_scaffold_219	1	22812	2	149	0.653165	0.0130633	36.3	40
HiC_scaffold_220	1	22604	118	10712	47.3898	0.771456	35.8	50.9
HiC_scaffold_221	1	22426	35	1916	8.54365	0.218541	35.4	53.7
HiC_scaffold_222	1	22303	257	11412	51.168	1.70448	35.5	47.5
HiC_scaffold_223	1	22199	86	4618	20.8027	0.56908	34.9	47.2
HiC_scaffold_224	1	22128	9	793	3.58369	0.057077	35.5	57.1
HiC_scaffold_225	1	22127	2	300	1.35581	0.0135581	34.4	33
HiC_scaffold_226	1	21688	108	7023	32.382	0.732248	35.6	52.1
HiC_scaffold_227	1	21648	205	10272	47.4501	1.34109	35.5	53.2
HiC_scaffold_228	1	21608	199	10427	48.2553	1.22043	35.6	52.3
HiC_scaffold_229	1	21598	34	1500	6.94509	0.233911	34.8	36.4
HiC_scaffold_230	1	21510	16	1193	5.54626	0.106509	35.1	49.9
HiC_scaffold_231	1	21437	38	2556	11.9233	0.254607	35.6	45.4
HiC_scaffold_232	1	21282	123	10008	47.0257	0.856076	35.5	51.1
HiC_scaffold_233	1	20959	154	5297	25.2732	0.96183	35.3	40.6
HiC_scaffold_234	1	20824	15	1382	6.63657	0.107568	35.3	48.7
HiC_scaffold_235	1	20622	54	4681	22.6991	0.388857	35.8	54.8
HiC_scaffold_236	1	20377	44	4059	19.9195	0.311086	35.7	46.8
HiC_scaffold_237	1	20369	82	6749	33.1337	0.59296	35.7	51.1
HiC_scaffold_238	1	20340	41	3126	15.3687	0.294838	36	50.2
HiC_scaffold_239	1	20281	50	1730	8.53015	0.32385	35.1	44.7
HiC_scaffold_240	1	20166	33	2560	12.6946	0.244025	34.8	49.6
HiC_scaffold_241	1	20140	166	8490	42.1549	1.18461	34.9	51.3
HiC_scaffold_242	1	20135	212	15139	75.1875	1.53797	35.7	59.7
HiC_scaffold_243	1	20122	25	1536	7.63344	0.169168	35.3	56.8
HiC_scaffold_244	1	20044	46	2620	13.0712	0.334315	35.9	44.1
HiC_scaffold_245	1	20021	31	2513	12.5518	0.230358	35.4	52.5
HiC_scaffold_246	1	20000	39	2163	10.815	0.25855	35.5	55.4
HiC_scaffold_247	1	20000	34	2123	10.615	0.22855	35.1	57.5
HiC_scaffold_248	1	19739	444	8430	42.7073	3.2762	35.4	42.5
HiC_scaffold_249	1	19737	3	396	2.00638	0.0200638	35.9	52.7
HiC_scaffold_250	1	19724	21	1278	6.47942	0.15945	34.3	49.6
HiC_scaffold_251	1	19667	36	1093	5.55753	0.266029	35.3	40.8
HiC_scaffold_252	1	19649	44	4659	23.7111	0.315538	35.9	48.5
HiC_scaffold_253	1	19394	36	3786	19.5215	0.273899	34.2	51.1
HiC_scaffold_254	1	19304	107	5234	27.1136	0.821954	35.6	49.3
HiC_scaffold_255	1	19231	26	2223	11.5595	0.202122	36	43
HiC_scaffold_256	1	19176	99	7754	40.436	0.765384	35.6	49.9
HiC_scaffold_257	1	19156	1229	7370	38.4736	8.89878	35.3	43.8
HiC_scaffold_258	1	19143	89	1299	6.78577	0.588048	35.8	45.9
HiC_scaffold_259	1	19058	31	3311	17.3733	0.242208	35.6	49.1
HiC_scaffold_260	1	19000	125	4796	25.2421	0.981526	35.4	41.2
HiC_scaffold_261	1	18934	21	2627	13.8745	0.166367	36.6	45.8
HiC_scaffold_262	1	18930	503	9337	49.3238	3.85885	35.2	43.3
HiC_scaffold_263	1	18729	233	15154	80.912	1.77938	35.7	57.4
HiC_scaffold_264	1	18528	45	2496	13.4715	0.341537	34.9	60
HiC_scaffold_265	1	18283	43	2619	14.3248	0.343051	35.3	43.2
HiC_scaffold_266	1	18272	51	1540	8.4282	0.330725	35.8	40.8
HiC_scaffold_267	1	18066	43	3684	20.3919	0.346341	35.7	45.7
HiC_scaffold_268	1	18044	70	4279	23.7143	0.514243	35.5	42.6
HiC_scaffold_269	1	18026	68	3902	21.6465	0.551814	35.4	56.4
HiC_scaffold_270	1	18000	184	7886	43.8111	1.49528	35.6	46.1
HiC_scaffold_271	1	18000	91	6797	37.7611	0.745167	35.6	48.7
HiC_scaffold_272	1	18000	75	3644	20.2444	0.602	35.1	41.5
HiC_scaffold_273	1	17971	136	7400	41.1775	1.12899	35.3	42.3
HiC_scaffold_274	1	17888	57	4479	25.0391	0.46316	35.2	43.6
HiC_scaffold_275	1	17782	19	2281	12.8276	0.15915	35.1	57.7
HiC_scaffold_276	1	17690	58	5699	32.2159	0.491464	35.8	49.8
HiC_scaffold_277	1	17675	43	2788	15.7737	0.362603	35.2	39.5
HiC_scaffold_278	1	17531	9	274	1.56295	0.047744	35.8	60
HiC_scaffold_279	1	17508	306	3111	17.769	1.5028	35.2	48.8
HiC_scaffold_280	1	17420	68	5483	31.4753	0.579104	35.5	50.3
HiC_scaffold_281	1	17399	23	1880	10.8052	0.195931	35.8	58
HiC_scaffold_282	1	17398	65	5692	32.7164	0.552132	35.5	48.7
HiC_scaffold_283	1	17257	982	7252	42.0235	6.94866	34.9	50.8
HiC_scaffold_284	1	17224	230	14975	86.9426	1.96818	35.7	54.4
HiC_scaffold_285	1	17131	56	5776	33.7167	0.487771	35.5	48.9
HiC_scaffold_286	1	17073	55	3608	21.1328	0.47127	35.2	52
HiC_scaffold_287	1	17000	39	3457	20.3353	0.329176	35.9	44.7
HiC_scaffold_288	1	16908	8	829	4.903	0.0651171	36.5	56.2
HiC_scaffold_289	1	16758	82	2300	13.7248	0.644946	35.6	45.4
HiC_scaffold_290	1	16602	99	3272	19.7085	0.808457	35.2	44.5
HiC_scaffold_291	1	16449	175	924	5.61736	1.2053	35.1	44.3
HiC_scaffold_292	1	16346	40	2793	17.0867	0.354399	34.7	52.2
HiC_scaffold_293	1	16263	317	1427	8.77452	2.61766	35	43.3
HiC_scaffold_294	1	16061	116	7209	44.8851	1.03393	35.4	51.6
HiC_scaffold_295	1	16000	16	1281	8.00625	0.144437	36.3	52.1
HiC_scaffold_296	1	16000	65	4931	30.8188	0.584562	35.9	48.6
HiC_scaffold_297	1	16000	17	1853	11.5813	0.143313	34.9	54.1
HiC_scaffold_298	1	16000	50	2860	17.875	0.460688	35.1	39.9
HiC_scaffold_299	1	16000	44	2628	16.425	0.404938	35.2	39.8
HiC_scaffold_300	1	15603	113	6084	38.9925	1.05512	35.5	43.6
HiC_scaffold_301	1	15565	8	805	5.17186	0.0645037	35.9	55.2
HiC_scaffold_302	1	15554	138	3985	25.6204	1.30616	35.4	39.5
HiC_scaffold_303	1	15467	151	8651	55.932	1.43273	35.6	48
HiC_scaffold_304	1	15433	30	2358	15.2789	0.278105	35.7	40.4
HiC_scaffold_305	1	15221	37	2699	17.7321	0.35727	35.2	49.9
HiC_scaffold_306	1	15208	13	899	5.91136	0.121055	36	58.4
HiC_scaffold_307	1	15128	29	1404	9.2808	0.278821	35.3	53.1
HiC_scaffold_308	1	15037	46	4229	28.124	0.458203	35.3	53.7
HiC_scaffold_309	1	15027	62	3956	26.3259	0.600852	35	47.7
HiC_scaffold_310	1	15014	99	7819	52.0781	0.965033	35.7	58.9
HiC_scaffold_311	1	15000	105	8951	59.6733	1.02193	35.3	48.4
HiC_scaffold_312	1	14886	108	9077	60.9768	1.08041	36	49.7
HiC_scaffold_313	1	14872	80	2637	17.7313	0.798279	35.2	41.3
HiC_scaffold_314	1	14743	37	2151	14.59	0.369192	35.6	59.5
HiC_scaffold_315	1	14719	37	1652	11.2236	0.335757	35.7	53.2
HiC_scaffold_316	1	14619	57	4836	33.0802	0.582256	35.9	54.6
HiC_scaffold_317	1	14567	32	2816	19.3314	0.327041	35.2	45.6
HiC_scaffold_318	1	14553	18	1491	10.2453	0.185529	35.9	45.3
HiC_scaffold_319	1	14548	85	6443	44.2879	0.857231	35.2	47.5
HiC_scaffold_320	1	14465	41	3256	22.5095	0.420118	34.9	53.3
HiC_scaffold_321	1	14408	68	5108	35.4525	0.700861	35.3	48.5
HiC_scaffold_322	1	14386	18	1954	13.5826	0.186779	35.9	48.2
HiC_scaffold_323	1	14298	281	6374	44.5797	2.3576	34.2	49.8
HiC_scaffold_324	1	14091	179	6658	47.25	1.84919	35.6	46.9
HiC_scaffold_325	1	14000	59	3867	27.6214	0.606786	35.7	47.2
HiC_scaffold_326	1	14000	51	2483	17.7357	0.525714	35.4	47.4
HiC_scaffold_327	1	13966	60	4483	32.0994	0.642417	35.9	47.2
HiC_scaffold_328	1	13312	183	11374	85.4417	2.00383	35.5	59.9
HiC_scaffold_329	1	13309	102	7266	54.5946	1.13915	35.8	47.3
HiC_scaffold_330	1	13245	93	6914	52.2008	1.01125	35.6	54.3
HiC_scaffold_331	1	13138	201	11571	88.0728	2.21716	35.4	59.3
HiC_scaffold_332	1	13083	14	943	7.20783	0.148666	35.6	42.9
HiC_scaffold_333	1	13000	41	2857	21.9769	0.472462	35.7	50.7
HiC_scaffold_334	1	13000	63	4283	32.9462	0.718	35.7	51.4
HiC_scaffold_335	1	13000	43	2895	22.2692	0.454846	35.1	53.7
HiC_scaffold_336	1	12527	278	5029	40.1453	3.19654	35.1	40.7
HiC_scaffold_337	1	12325	15	1886	15.3022	0.182312	35.2	45.7
HiC_scaffold_338	1	12210	10	1013	8.29648	0.115397	36.3	52.3
HiC_scaffold_339	1	12140	143	8768	72.2241	1.74613	35.8	57.6
HiC_scaffold_340	1	12103	174	3638	30.0587	2.11873	35	47
HiC_scaffold_341	1	11792	5	513	4.35041	0.0634328	35.7	49.2
HiC_scaffold_342	1	11769	62	1661	14.1133	0.789872	35	39.2
HiC_scaffold_343	1	11768	65	5737	48.7508	0.809313	35.4	56
HiC_scaffold_344	1	11552	137	9181	79.4754	1.71884	35.6	56.6
HiC_scaffold_345	1	11294	34	2194	19.4262	0.446078	35.4	53.1
HiC_scaffold_346	1	11220	109	7811	69.6168	1.41578	35.7	56.9
HiC_scaffold_347	1	11009	1124	6703	60.8865	14.4061	35	41.5
HiC_scaffold_348	1	11007	62	4672	42.4457	0.794858	35.4	52.5
HiC_scaffold_349	1	11000	35	3366	30.6	0.466182	35.1	53.1
HiC_scaffold_350	1	10932	43	2393	21.8899	0.58251	35.6	42.4
HiC_scaffold_351	1	10903	92	5822	53.3981	1.25039	35.7	58.1
HiC_scaffold_352	1	10862	123	7657	70.4935	1.6183	35.5	57.4
HiC_scaffold_353	1	10825	46	3224	29.7829	0.612841	35.9	53.9
HiC_scaffold_354	1	10780	90	6787	62.9592	1.20918	35.3	54.7
HiC_scaffold_355	1	10606	5	610	5.75146	0.0664718	35.4	52.4
HiC_scaffold_356	1	10316	14	971	9.41256	0.181756	36.2	57.1
HiC_scaffold_357	1	10313	77	6357	61.6406	1.09037	35.9	56.3
HiC_scaffold_358	1	10116	41	2187	21.6192	0.577007	35.3	49.1
HiC_scaffold_359	1	9728	785	3615	37.1608	10.9972	35.3	39.7
HiC_scaffold_360	1	9582	28	2152	22.4588	0.410875	34.9	49.6
HiC_scaffold_361	1	9577	24	2678	27.9628	0.374334	35.4	45.5
HiC_scaffold_362	1	9324	36	3007	32.2501	0.575182	34.8	48.1
HiC_scaffold_363	1	9309	107	7854	84.37	1.66463	35.1	59.4
HiC_scaffold_364	1	9000	7	743	8.25556	0.0935556	36	54.4
HiC_scaffold_365	1	8972	16	1870	20.8426	0.257356	35.6	48.9
HiC_scaffold_366	1	8717	13	588	6.74544	0.195251	35.5	55.3
HiC_scaffold_367	1	8598	39	3140	36.5201	0.56897	35.1	45.7
HiC_scaffold_368	1	8517	38	2416	28.3668	0.646472	35.2	51.1
HiC_scaffold_369	1	8159	35	2559	31.3641	0.615762	35.8	54.7
HiC_scaffold_370	1	8000	5	369	4.6125	0.08875	34.3	39.6
HiC_scaffold_371	1	7755	18	2034	26.2282	0.345712	35	52.6
HiC_scaffold_372	1	7349	18	1978	26.9152	0.355967	34.4	53.8
HiC_scaffold_373	1	7312	62	4162	56.9201	1.17095	35.6	53
HiC_scaffold_374	1	7226	22	2289	31.6773	0.436479	34.7	54.9
HiC_scaffold_375	1	7101	18	1425	20.0676	0.374736	35.9	53.6
HiC_scaffold_376	1	7000	82	3706	52.9429	1.683	34.4	40.5
HiC_scaffold_377	1	7000	74	4989	71.2714	1.56957	35.1	55.3
HiC_scaffold_378	1	7000	122	2265	32.3571	2.60929	35.5	39.9
HiC_scaffold_379	1	6605	133	3690	55.8668	2.83058	35.1	48.8
HiC_scaffold_380	1	6537	81	5362	82.0254	1.797	35.8	59.2
HiC_scaffold_381	1	6484	40	3127	48.2264	0.878162	36	58.3
HiC_scaffold_382	1	6459	40	2882	44.6199	0.922589	35.7	53.4
HiC_scaffold_383	1	6245	22	1883	30.1521	0.510809	36	49.4
HiC_scaffold_384	1	6125	71	5179	84.5551	1.7342	36	52.1
HiC_scaffold_385	1	6000	56	4414	73.5667	1.3325	35.8	53.9
HiC_scaffold_386	1	6000	31	1859	30.9833	0.768167	36.2	56.9
HiC_scaffold_387	1	6000	60	4235	70.5833	1.47933	35.4	50
HiC_scaffold_388	1	5993	29	2262	37.744	0.709828	35.9	45.8
HiC_scaffold_389	1	5821	6	405	6.95757	0.154613	35.5	49.2
HiC_scaffold_391	1	5000	15	1320	26.4	0.4336	36.3	57.3
HiC_scaffold_392	1	5000	35	2078	41.56	1.0214	35.5	55.9
HiC_scaffold_393	1	4994	2701	4195	84.0008	73.1057	35.1	47
HiC_scaffold_394	1	4893	51	3507	71.6738	1.51441	36	56
HiC_scaffold_395	1	4891	43	2953	60.3762	1.25148	34.5	59.7
HiC_scaffold_396	1	4877	6	703	14.4146	0.184335	35.8	42.5
HiC_scaffold_397	1	4000	27	1114	27.85	0.9905	35.8	39.1
HiC_scaffold_398	1	4000	51	2771	69.275	1.69825	35.5	59.4
HiC_scaffold_399	1	4000	12	1549	38.725	0.44925	36.2	52.2
HiC_scaffold_400	1	4000	260	1128	28.2	8.407	35.1	46.6
HiC_scaffold_401	1	3971	59	3536	89.0456	2.12868	35.5	59.8
HiC_scaffold_402	1	3919	17	920	23.4754	0.637152	35.7	55.5
HiC_scaffold_403	1	3281	42	2847	86.7723	1.83938	35.4	57.1
HiC_scaffold_404	1	3264	1	149	4.56495	0.0456495	36.7	43
HiC_scaffold_405	1	3259	47	2919	89.5674	2.07794	35.9	59.4
HiC_scaffold_406	1	3042	8	741	24.359	0.38593	36.1	54.5
HiC_scaffold_407	1	3035	46	2838	93.5091	2.11005	35.2	60
HiC_scaffold_408	1	3003	9	850	28.305	0.40959	33	45.2
HiC_scaffold_409	1	3003	14	1462	48.6846	0.671662	36.1	42.8
HiC_scaffold_410	1	3000	23	1659	55.3	1.10433	36.4	56.5
HiC_scaffold_411	1	3000	26	935	31.1667	1.21367	35.8	42.1
HiC_scaffold_412	1	3000	52	2639	87.9667	2.41833	35.5	59.2
HiC_scaffold_413	1	3000	38	2436	81.2	1.87333	35.3	56.9
HiC_scaffold_414	1	3000	26	1956	65.2	1.202	35.3	55.7
HiC_scaffold_415	1	2897	21	2110	72.834	1.08664	36.2	54
HiC_scaffold_416	1	2563	122	1377	53.7261	5.33984	35.2	50.9
HiC_scaffold_417	1	2259	32	2131	94.3338	2.02789	36	60
HiC_scaffold_418	1	2125	3	268	12.6118	0.152	34.8	60
HiC_scaffold_419	1	2021	43	1897	93.8644	3.07719	35.8	59.1
HiC_scaffold_420	1	2000	21	1429	71.45	1.4025	35.4	60
HiC_scaffold_421	1	2000	23	1390	69.5	1.707	34.6	49.8
HiC_scaffold_422	1	2000	17	1411	70.55	1.1435	35.9	60
HiC_scaffold_423	1	1676	14	986	58.8305	1.24881	34.3	50.4
HiC_scaffold_424	1	1484	10	600	40.4313	0.811995	35.3	56
HiC_scaffold_425	1	1447	13	878	60.6773	1.29578	35.6	56.9
HiC_scaffold_426	1	1382	22	1159	83.864	2.22504	36.4	59.5
HiC_scaffold_427	1	1353	17	1033	76.3489	1.85588	35.3	60
HiC_scaffold_429	1	1175	17	1117	95.0638	1.97447	36.2	60
HiC_scaffold_430	1	1138	27	977	85.8524	2.74165	36.1	56.5
HiC_scaffold_431	1	1108	14	790	71.2996	1.7157	35	59.9
HiC_scaffold_432	1	1097	19	910	82.9535	2.5907	36.2	60
HiC_scaffold_433	1	1005	66	702	69.8507	9.27662	35.5	45.7
HiC_scaffold_434	1	1000	6	656	65.6	0.898	35.7	60
HiC_scaffold_435	1	1000	13	906	90.6	1.648	33.7	60
HiC_scaffold_436	1	1000	9	730	73	1.104	36.7	60
HiC_scaffold_437	1	1000	20	1000	100	2.756	35.6	58.8
HiC_scaffold_438	1	1000	7	640	64	1.05	36.3	60
HiC_scaffold_439	1	1000	20	828	82.8	2.885	35.6	60
HiC_scaffold_440	1	1000	9	782	78.2	1.227	36.1	60
HiC_scaffold_441	1	1000	22	911	91.1	3.007	34.9	60
HiC_scaffold_442	1	1000	17	998	99.8	2.342	36	59.9
HiC_scaffold_443	1	1000	19	789	78.9	2.679	35.7	60
HiC_scaffold_444	1	1000	4	413	41.3	0.56	34.6	60
HiC_scaffold_445	1	1000	10	714	71.4	1.33	34.4	60
HiC_scaffold_446	1	1000	12	639	63.9	1.573	35.5	46.2
HiC_scaffold_447	1	1000	17	856	85.6	2.322	36.1	58.2
HiC_scaffold_448	1	1000	14	687	68.7	1.381	34.7	50.3
HiC_scaffold_449	1	1000	20	1000	100	2.723	35.4	60
HiC_scaffold_450	1	1000	9	787	78.7	1.332	34.9	54.8
HiC_scaffold_451	1	1000	8	777	77.7	1.199	35.8	57.5
HiC_scaffold_452	1	1000	24	987	98.7	3.294	35.8	57.8
HiC_scaffold_453	1	1000	27	709	70.9	3.785	35.2	41.7
mitochondria	1	17813	70069	17733	99.5509	570.569	35.4	59.3
HiC_scaffold_390	1	5673	0	0	0	0	0	0
HiC_scaffold_428	1	1184	0	0	0	0	0	0
HiC_scaffold_454	1	2000	0	0	0	0	0	0
