#rname	startpos	endpos	numreads	covbases	coverage	meandepth	meanbaseq	meanmapq
HiC_scaffold_1	1	75050035	977454	59732916	79.5908	1.89389	35.6	59.2
HiC_scaffold_2	1	56816963	744381	45314888	79.7559	1.90454	35.5	59.2
HiC_scaffold_3	1	109611085	1369449	84863953	77.4228	1.81818	35.6	58.8
HiC_scaffold_4	1	81599725	1049555	64248514	78.7362	1.87006	35.6	59.1
HiC_scaffold_5	1	72353455	950571	57901890	80.0264	1.91047	35.6	59.3
HiC_scaffold_6	1	67692486	891806	54010284	79.7877	1.91573	35.6	59.2
HiC_scaffold_7	1	59159807	766367	46663125	78.8764	1.88201	35.6	59.1
HiC_scaffold_8	1	13479537	90255	7797900	57.8499	0.977845	35.5	59.5
HiC_scaffold_9	1	58964884	769717	46757912	79.2979	1.89694	35.6	59.1
HiC_scaffold_10	1	36732878	476994	28885677	78.6371	1.88432	35.5	59
HiC_scaffold_11	1	27384	209	6394	23.3494	1.10499	35.4	46
HiC_scaffold_12	1	33592	1076	7512	22.3625	4.23256	35.1	45.1
HiC_scaffold_13	1	184337	10648	148433	80.5226	8.10661	35.5	52.5
HiC_scaffold_14	1	85992	2956	50885	59.1741	4.80781	34.9	44.4
HiC_scaffold_15	1	87022	542	18709	21.4992	0.84258	35.4	44.3
HiC_scaffold_16	1	89609	3028	11067	12.3503	3.73369	35.7	50.7
HiC_scaffold_17	1	164154	4541	59006	35.9455	4.01026	35.4	50.3
HiC_scaffold_18	1	104921	179	11627	11.0817	0.235196	35.2	44.9
HiC_scaffold_19	1	103720	678	39037	37.6369	0.942692	35.4	48.5
HiC_scaffold_20	1	90353	1144	34368	38.0375	1.77675	35	47.7
HiC_scaffold_21	1	85252	400	25101	29.4433	0.661873	35.5	47
HiC_scaffold_22	1	80500	490	23031	28.6099	0.895764	35.4	49.7
HiC_scaffold_23	1	75743	381	22712	29.9856	0.736939	35.5	54.3
HiC_scaffold_24	1	75592	1787	17960	23.7591	3.33193	35.5	42.9
HiC_scaffold_25	1	72691	1888	35787	49.2317	3.72035	35.5	53.8
HiC_scaffold_26	1	71458	744	39834	55.7446	1.50262	35.6	48.4
HiC_scaffold_27	1	70045	3671	55548	79.3033	7.37337	35.3	51
HiC_scaffold_28	1	68558	107	5631	8.21348	0.219405	35.5	55.2
HiC_scaffold_29	1	68222	1279	21217	31.0999	2.77352	35.6	45.4
HiC_scaffold_30	1	67017	854	38931	58.0912	1.84972	35.4	47.3
HiC_scaffold_31	1	65972	143	12470	18.902	0.320818	35.6	48.5
HiC_scaffold_32	1	64000	868	38001	59.3766	1.89669	35.5	48.5
HiC_scaffold_33	1	62684	731	19760	31.5232	1.5014	35.3	43.3
HiC_scaffold_34	1	60035	560	32596	54.295	1.30239	35.6	56.2
HiC_scaffold_35	1	59483	164	14395	24.2002	0.397038	35.5	51.1
HiC_scaffold_36	1	58601	685	3985	6.80023	1.68193	35.1	43.8
HiC_scaffold_37	1	57907	160	10909	18.8388	0.395842	35.6	49.1
HiC_scaffold_38	1	57623	271	3732	6.47658	0.641879	35.2	39
HiC_scaffold_39	1	56881	765	22198	39.0253	1.57691	35.5	50.7
HiC_scaffold_40	1	56115	622	10245	18.2572	1.41713	35.8	39.6
HiC_scaffold_41	1	55753	599	23037	41.3197	1.51963	35.2	40.9
HiC_scaffold_42	1	55361	100	3987	7.20182	0.256101	34.9	45.7
HiC_scaffold_43	1	55333	684	10962	19.811	1.75503	35.1	40
HiC_scaffold_44	1	54697	2332	45503	83.191	6.25137	35.6	55.8
HiC_scaffold_45	1	54079	106	4047	7.4835	0.218902	35.9	45.8
HiC_scaffold_46	1	53000	184	6802	12.834	0.495208	35.3	41
HiC_scaffold_47	1	52728	2110	24731	46.903	5.65737	35	47.7
HiC_scaffold_48	1	52696	436	25924	49.1954	1.20368	35.7	53.3
HiC_scaffold_49	1	52574	118	5950	11.3174	0.327386	35.3	40.8
HiC_scaffold_50	1	52452	34	908	1.73111	0.0326775	35.4	51.8
HiC_scaffold_51	1	52291	309	5947	11.3729	0.784877	35.2	44.3
HiC_scaffold_52	1	50660	465	29807	58.8373	1.3466	35.7	56.8
HiC_scaffold_53	1	50444	1679	34394	68.1825	4.88169	35.5	55.5
HiC_scaffold_54	1	50000	737	43754	87.508	2.14708	35.6	59.8
HiC_scaffold_55	1	49402	75	4965	10.0502	0.224201	35.7	43.6
HiC_scaffold_56	1	48994	371	8609	17.5715	1.0525	35.6	42.4
HiC_scaffold_57	1	48961	76	5374	10.9761	0.227528	35.1	44.8
HiC_scaffold_58	1	48913	426	28708	58.692	1.27645	35.8	51.6
HiC_scaffold_59	1	48516	403	14998	30.9135	1.22193	35.3	49.1
HiC_scaffold_60	1	48449	325	24174	49.8958	0.986914	35.5	52.7
HiC_scaffold_61	1	48102	207	10216	21.2382	0.622469	35	48.1
HiC_scaffold_62	1	47095	451	29700	63.064	1.40478	35.7	56.6
HiC_scaffold_63	1	45946	616	26521	57.7221	1.95802	35.4	54
HiC_scaffold_64	1	45702	214	5340	11.6844	0.634808	35.4	45.5
HiC_scaffold_65	1	45164	288	10656	23.594	0.861748	35.2	43.2
HiC_scaffold_66	1	45000	2125	9454	21.0089	6.52867	35.2	47.2
HiC_scaffold_67	1	44932	808	9662	21.5036	2.23567	35.4	40.5
HiC_scaffold_68	1	44535	98	7349	16.5016	0.319344	35.4	44.8
HiC_scaffold_69	1	43359	327	11433	26.3682	1.10434	35.7	43.7
HiC_scaffold_70	1	43000	338	9335	21.7093	1.01902	35.6	40.6
HiC_scaffold_71	1	42000	454	13376	31.8476	1.38874	35.7	48.6
HiC_scaffold_72	1	41780	26	1447	3.46338	0.0916467	35.6	40.3
HiC_scaffold_73	1	41131	70	4506	10.9552	0.247867	34.8	47.8
HiC_scaffold_74	1	41000	210	13075	31.8902	0.743317	35.3	55.1
HiC_scaffold_75	1	40673	210	5901	14.5084	0.75335	35.8	40.5
HiC_scaffold_76	1	40021	236	5558	13.8877	0.801329	35.2	38.9
HiC_scaffold_77	1	40000	76	4179	10.4475	0.276775	35.3	53
HiC_scaffold_78	1	39995	183	17214	43.0404	0.662808	35.5	53.1
HiC_scaffold_79	1	39987	36	3541	8.85538	0.134144	36.2	44.2
HiC_scaffold_80	1	39907	86	5137	12.8724	0.312802	35.5	55
HiC_scaffold_81	1	39785	414	6977	17.5368	1.28566	35.2	43.5
HiC_scaffold_82	1	39714	1871	11753	29.5941	6.5559	35.2	45.1
HiC_scaffold_83	1	39603	160	12610	31.841	0.598844	35.4	53.1
HiC_scaffold_84	1	39032	1413	26141	66.9733	5.11114	35.5	48.9
HiC_scaffold_85	1	38821	339	9329	24.0308	1.24361	35.7	44.5
HiC_scaffold_86	1	38551	245	5341	13.8544	0.780473	34.9	47.1
HiC_scaffold_87	1	38336	280	7877	20.5473	1.07995	35.2	41.8
HiC_scaffold_88	1	38081	231	7555	19.8393	0.850083	35.6	56.1
HiC_scaffold_89	1	37423	162	1993	5.3256	0.588969	35.4	44.4
HiC_scaffold_90	1	37049	409	11275	30.4327	1.62102	35.3	42.2
HiC_scaffold_91	1	37000	535	31193	84.3054	2.09562	35.7	59.8
HiC_scaffold_92	1	36719	53	3326	9.05798	0.215937	36.2	56.6
HiC_scaffold_93	1	36624	401	6958	18.9985	1.45811	35.5	39.4
HiC_scaffold_94	1	36550	155	3674	10.052	0.628892	35.6	41.3
HiC_scaffold_95	1	35915	993	19390	53.9886	3.85318	35	42.8
HiC_scaffold_96	1	35569	440	12146	34.1477	1.80967	35.6	47.3
HiC_scaffold_97	1	35569	312	8885	24.9796	1.19596	35	47
HiC_scaffold_98	1	35521	229	5720	16.1032	0.693083	35.5	48.8
HiC_scaffold_99	1	35305	1305	26095	73.913	4.85047	35.4	58.5
HiC_scaffold_100	1	35285	448	25637	72.6569	1.79926	35.6	57.9
HiC_scaffold_101	1	35090	164	6844	19.5041	0.539954	34.9	52.2
HiC_scaffold_102	1	34736	46	4377	12.6008	0.189861	35.6	49.6
HiC_scaffold_103	1	34662	813	15834	45.6811	3.19506	35.5	42
HiC_scaffold_104	1	34539	129	10511	30.4323	0.545847	35.3	49.9
HiC_scaffold_105	1	34367	72	4104	11.9417	0.283557	35.1	49.7
HiC_scaffold_106	1	34092	16	983	2.88337	0.0578728	35.8	46.9
HiC_scaffold_107	1	34034	1331	29902	87.8592	5.59784	35.7	58.5
HiC_scaffold_108	1	34000	114	3539	10.4088	0.495294	35.4	39.1
HiC_scaffold_109	1	33013	327	12009	36.3766	1.35949	35	44
HiC_scaffold_110	1	32894	32	2293	6.97088	0.12896	35.4	54.3
HiC_scaffold_111	1	32703	99	7613	23.2792	0.450417	35.7	48.6
HiC_scaffold_112	1	32055	131	9300	29.0126	0.594572	35.1	52.8
HiC_scaffold_113	1	31996	240	4432	13.8517	0.738342	35.2	43.4
HiC_scaffold_114	1	31869	145	4697	14.7385	0.55907	35.7	51.5
HiC_scaffold_115	1	31497	255	8493	26.9645	1.18941	35.4	43.9
HiC_scaffold_116	1	31452	233	15574	49.5167	1.06899	35.6	55.1
HiC_scaffold_117	1	31435	127	11930	37.9513	0.589057	35.5	51.8
HiC_scaffold_118	1	31168	263	17059	54.7324	1.21641	35.6	56.4
HiC_scaffold_119	1	31094	66	4073	13.099	0.316717	35.6	49.9
HiC_scaffold_120	1	31000	95	7659	24.7065	0.450613	35.6	46.6
HiC_scaffold_121	1	30892	58	3131	10.1353	0.281205	35.3	47.2
HiC_scaffold_122	1	30671	275	8275	26.9799	1.33057	35.5	40.7
HiC_scaffold_123	1	30159	453	26418	87.5957	2.19281	35.5	59.9
HiC_scaffold_124	1	30112	10	1361	4.51979	0.049814	35.4	39.9
HiC_scaffold_125	1	30000	120	2571	8.57	0.592233	35.3	37.9
HiC_scaffold_126	1	30000	44	4268	14.2267	0.2101	35.5	49.5
HiC_scaffold_127	1	29632	480	5775	19.4891	2.20613	35.5	43.6
HiC_scaffold_128	1	29216	135	9162	31.3595	0.678395	35.7	50.3
HiC_scaffold_129	1	29000	41	2237	7.71379	0.192172	35.5	47.9
HiC_scaffold_130	1	28743	19	1237	4.30366	0.0969627	34.9	54.3
HiC_scaffold_131	1	28267	593	9679	34.2413	3.1143	35.6	40.3
HiC_scaffold_132	1	28006	355	7065	25.2267	1.86696	35.2	41.5
HiC_scaffold_133	1	27859	98	7783	27.9371	0.497649	35.6	55.5
HiC_scaffold_134	1	27837	387	23852	85.6845	1.98757	35.6	59.7
HiC_scaffold_135	1	27503	79	4409	16.031	0.429408	35.2	37.7
HiC_scaffold_136	1	27405	440	24301	88.6736	2.34399	35.5	60
HiC_scaffold_137	1	27128	8	979	3.60882	0.0442347	35.6	39.2
HiC_scaffold_138	1	27000	79	6527	24.1741	0.410852	35.2	51.1
HiC_scaffold_139	1	26958	61	3785	14.0404	0.323095	35.1	45.2
HiC_scaffold_140	1	26822	77	3573	13.3212	0.399448	35.8	44.5
HiC_scaffold_141	1	26714	524	9702	36.318	2.71565	35.4	45
HiC_scaffold_142	1	26597	365	11878	44.6592	1.8913	35.3	49.3
HiC_scaffold_143	1	26526	74	3169	11.9468	0.373897	35	50.6
HiC_scaffold_144	1	26403	176	3594	13.6121	0.99572	35.1	42.8
HiC_scaffold_145	1	26321	531	13622	51.7534	2.95114	35.4	43.3
HiC_scaffold_146	1	26302	189	3296	12.5314	0.935632	35.1	40.6
HiC_scaffold_147	1	26228	65	4779	18.221	0.352257	35.8	52.6
HiC_scaffold_148	1	26220	389	5818	22.1892	2.19996	35.5	38.7
HiC_scaffold_149	1	26169	83	6072	23.203	0.4615	35.3	50.1
HiC_scaffold_150	1	26140	411	22890	87.5669	2.28183	35.5	59.9
HiC_scaffold_151	1	25970	86	4605	17.732	0.492068	35.7	39.6
HiC_scaffold_152	1	25914	77	3696	14.2626	0.404029	35.5	42.9
HiC_scaffold_153	1	25756	26	2873	11.1547	0.149208	35.9	43.6
HiC_scaffold_154	1	25701	117	7585	29.5125	0.658185	35.1	54.7
HiC_scaffold_155	1	25484	399	11265	44.2042	2.26923	35.3	41.8
HiC_scaffold_156	1	25347	1058	12098	47.7295	5.8848	34.9	44.3
HiC_scaffold_157	1	25300	184	7583	29.9723	1.06909	35.1	47.4
HiC_scaffold_158	1	25137	485	11360	45.1923	2.75482	35.2	41.1
HiC_scaffold_159	1	25068	65	2902	11.5765	0.372347	35.5	46.3
HiC_scaffold_160	1	25021	188	13495	53.9347	1.09864	35.3	55
HiC_scaffold_161	1	25021	45	3617	14.4559	0.26146	35.2	48
HiC_scaffold_162	1	25013	498	1825	7.29621	2.33623	35.2	42.9
HiC_scaffold_163	1	25000	12	843	3.372	0.07144	33.9	36.2
HiC_scaffold_164	1	25000	22	1065	4.26	0.12584	34.7	37
HiC_scaffold_165	1	25000	2	299	1.196	0.01196	36.7	39
HiC_scaffold_166	1	25000	95	2746	10.984	0.53764	35.2	37.6
HiC_scaffold_167	1	25000	367	20779	83.116	2.09764	35.3	58.9
HiC_scaffold_168	1	25000	388	22572	90.288	2.261	35.5	60
HiC_scaffold_169	1	25000	356	21017	84.068	2.08104	35.6	59.5
HiC_scaffold_170	1	25000	350	20386	81.544	1.9898	35.4	59.7
HiC_scaffold_171	1	25000	364	22000	88	2.09752	35.6	60
HiC_scaffold_172	1	25000	380	21872	87.488	2.20316	35.7	59.8
HiC_scaffold_173	1	25000	357	20557	82.228	2.07576	35.3	59.9
HiC_scaffold_174	1	25000	360	20909	83.636	2.06052	35.4	59.9
HiC_scaffold_175	1	25000	331	21288	85.152	1.95332	35.4	59.9
HiC_scaffold_176	1	25000	313	18873	75.492	1.8156	35.6	59.3
HiC_scaffold_177	1	25000	359	20976	83.904	2.0546	35.7	59.8
HiC_scaffold_178	1	25000	332	20283	81.132	1.90364	35.5	59.1
HiC_scaffold_179	1	25000	356	21875	87.5	2.0374	35.3	59.8
HiC_scaffold_180	1	25000	364	18130	72.52	2.0596	35.7	56.9
HiC_scaffold_181	1	25000	312	19834	79.336	1.827	35.6	59.9
HiC_scaffold_182	1	25000	348	20866	83.464	1.98312	35.6	60
HiC_scaffold_183	1	25000	130	4174	16.696	0.77328	35.5	42.6
HiC_scaffold_184	1	25000	355	21562	86.248	2.07572	35.6	60
HiC_scaffold_185	1	25000	644	24369	97.476	3.79124	35.5	59.7
HiC_scaffold_186	1	25000	345	21168	84.672	1.9888	35.6	59.9
HiC_scaffold_187	1	25000	17	1466	5.864	0.09748	35.7	48
HiC_scaffold_188	1	24887	155	4372	17.5674	0.837666	35.4	42.6
HiC_scaffold_189	1	24881	896	16060	64.5472	4.40272	35.3	43.2
HiC_scaffold_190	1	24860	253	15790	63.5157	1.48455	35.5	56.6
HiC_scaffold_191	1	24785	162	11812	47.6579	0.96982	35.8	49.5
HiC_scaffold_192	1	24606	32	2361	9.59522	0.183411	35.2	44.8
HiC_scaffold_193	1	24582	171	3032	12.3342	1.02982	35.2	44.9
HiC_scaffold_194	1	24552	697	16284	66.3245	3.92856	35.2	46.7
HiC_scaffold_195	1	24515	115	6987	28.5009	0.674118	35	54.1
HiC_scaffold_196	1	24429	144	5648	23.1201	0.805641	35.7	51.3
HiC_scaffold_197	1	24404	117	6347	26.008	0.701606	35.3	56
HiC_scaffold_198	1	24065	216	15475	64.305	1.2903	35.5	56.2
HiC_scaffold_199	1	24034	45	4019	16.7221	0.27665	35.3	52.2
HiC_scaffold_200	1	24000	86	1429	5.95417	0.526417	35.5	43.8
HiC_scaffold_201	1	24000	844	4130	17.2083	5.23846	35.5	45.8
HiC_scaffold_202	1	23940	304	4554	19.0226	1.74937	35.4	38.3
HiC_scaffold_203	1	23878	48	1531	6.41176	0.294623	35.6	35.6
HiC_scaffold_204	1	23813	101	8004	33.6119	0.615462	35.8	53.7
HiC_scaffold_205	1	23764	53	4962	20.8803	0.323262	35.4	55.1
HiC_scaffold_206	1	23660	20	1605	6.7836	0.126627	34.3	47.2
HiC_scaffold_207	1	23581	264	17555	74.4455	1.65476	35.4	54.2
HiC_scaffold_208	1	23490	91	3635	15.4747	0.55215	35.5	39.6
HiC_scaffold_209	1	23453	153	10410	44.3866	0.946958	35.5	54.7
HiC_scaffold_210	1	23041	42	3271	14.1964	0.254546	35.6	57.9
HiC_scaffold_211	1	23000	474	3665	15.9348	3.07161	35.7	39.2
HiC_scaffold_212	1	23000	125	9543	41.4913	0.792913	35.8	49.4
HiC_scaffold_213	1	23000	23	2179	9.47391	0.142435	34.4	44.7
HiC_scaffold_214	1	23000	140	6304	27.4087	0.902913	35.8	39.6
HiC_scaffold_215	1	23000	71	3707	16.1174	0.443174	36.1	56
HiC_scaffold_216	1	22979	6	685	2.98098	0.0344227	35.8	42.7
HiC_scaffold_217	1	22964	106	3256	14.1787	0.678845	35.2	40.2
HiC_scaffold_218	1	22956	99	7907	34.4442	0.643623	35.9	51
HiC_scaffold_220	1	22604	171	11664	51.6015	1.12024	35.5	52.4
HiC_scaffold_221	1	22426	30	2430	10.8356	0.199188	35	48.1
HiC_scaffold_222	1	22303	262	11342	50.8541	1.73474	35.2	47.3
HiC_scaffold_223	1	22199	65	3523	15.8701	0.420109	35.6	50.6
HiC_scaffold_224	1	22128	12	1149	5.19252	0.0811189	35.4	53.3
HiC_scaffold_225	1	22127	8	991	4.47869	0.0535545	35.7	42
HiC_scaffold_226	1	21688	93	5732	26.4294	0.620712	35.7	52.9
HiC_scaffold_227	1	21648	191	10408	48.0783	1.27591	35.5	54.3
HiC_scaffold_228	1	21608	281	12627	58.4367	1.76245	35.6	52.3
HiC_scaffold_229	1	21598	6	680	3.14844	0.0415779	35.1	34
HiC_scaffold_230	1	21510	21	1600	7.4384	0.135797	35.4	50.1
HiC_scaffold_231	1	21437	49	2973	13.8685	0.315156	35.6	45.5
HiC_scaffold_232	1	21282	143	10468	49.1871	0.975331	35.9	48.3
HiC_scaffold_233	1	20959	159	5333	25.4449	0.964979	35.1	39.1
HiC_scaffold_234	1	20824	35	1771	8.50461	0.237466	35.2	46.4
HiC_scaffold_235	1	20622	77	4594	22.2772	0.543934	35.5	55.4
HiC_scaffold_236	1	20377	59	3831	18.8006	0.417824	35.3	50.7
HiC_scaffold_237	1	20369	122	8758	42.9967	0.891404	35.5	49.3
HiC_scaffold_238	1	20340	31	2256	11.0914	0.221829	35.8	50.5
HiC_scaffold_239	1	20281	46	1952	9.62477	0.317736	35.1	44.1
HiC_scaffold_240	1	20166	39	2814	13.9542	0.279183	35.2	45.2
HiC_scaffold_241	1	20140	163	8729	43.3416	1.19464	35.1	51.2
HiC_scaffold_242	1	20135	236	15617	77.5615	1.70355	35.4	59.2
HiC_scaffold_243	1	20122	23	1603	7.9664	0.166932	35.4	55.7
HiC_scaffold_244	1	20044	27	2089	10.4221	0.187787	35.6	44.1
HiC_scaffold_245	1	20021	29	2059	10.2842	0.204985	35.8	57.8
HiC_scaffold_246	1	20000	52	2243	11.215	0.35355	35.4	52.3
HiC_scaffold_247	1	20000	50	3623	18.115	0.34965	35.8	52.7
HiC_scaffold_248	1	19739	631	9480	48.0267	4.67622	35.5	43.1
HiC_scaffold_249	1	19737	15	1813	9.18579	0.113036	34.5	57.2
HiC_scaffold_250	1	19724	32	1519	7.70128	0.239454	35.3	49
HiC_scaffold_251	1	19667	112	1459	7.41852	0.833884	35.3	39.9
HiC_scaffold_252	1	19649	66	5018	25.5382	0.490916	35.7	53.8
HiC_scaffold_253	1	19394	46	4366	22.5121	0.339641	35.2	49.1
HiC_scaffold_254	1	19304	65	4114	21.3116	0.475446	35.6	49.3
HiC_scaffold_255	1	19231	33	2761	14.357	0.251313	36	45.4
HiC_scaffold_256	1	19176	82	6295	32.8275	0.633709	35.3	50.9
HiC_scaffold_257	1	19156	1450	7673	40.0553	10.5375	35.2	43.7
HiC_scaffold_258	1	19143	76	1365	7.13054	0.558115	35.8	45.6
HiC_scaffold_259	1	19058	44	4393	23.0507	0.339018	36	48.8
HiC_scaffold_260	1	19000	153	4772	25.1158	1.16463	35.4	44.4
HiC_scaffold_261	1	18934	17	1880	9.92923	0.134678	35.3	47.2
HiC_scaffold_262	1	18930	456	7696	40.655	3.48658	35.2	43.4
HiC_scaffold_263	1	18729	254	15938	85.098	1.99872	35.5	57.7
HiC_scaffold_264	1	18528	32	2377	12.8292	0.245035	35.7	59.5
HiC_scaffold_265	1	18283	35	2214	12.1096	0.279823	36	42.7
HiC_scaffold_266	1	18272	40	780	4.26883	0.259359	35.8	45.5
HiC_scaffold_267	1	18066	44	3249	17.9841	0.361452	36.1	47.2
HiC_scaffold_268	1	18044	36	2311	12.8076	0.266848	35.6	42.7
HiC_scaffold_269	1	18026	101	4884	27.0942	0.803229	35.2	55.8
HiC_scaffold_270	1	18000	119	4437	24.65	0.966222	35.3	46
HiC_scaffold_271	1	18000	110	7724	42.9111	0.898556	36	51.2
HiC_scaffold_272	1	18000	83	3409	18.9389	0.669833	35.2	45.5
HiC_scaffold_273	1	17971	226	5907	32.8696	1.87096	35.6	44.5
HiC_scaffold_274	1	17888	22	2185	12.2149	0.177885	35	49.1
HiC_scaffold_275	1	17782	29	3344	18.8055	0.24328	35.5	53.4
HiC_scaffold_276	1	17690	42	3935	22.2442	0.351837	35.8	51.4
HiC_scaffold_277	1	17675	44	2711	15.338	0.357341	35.5	41.3
HiC_scaffold_278	1	17531	12	395	2.25315	0.0902972	35.9	56.7
HiC_scaffold_279	1	17508	336	2900	16.5639	1.66844	35.5	47.8
HiC_scaffold_280	1	17420	64	5806	33.3295	0.549541	35.7	51.8
HiC_scaffold_281	1	17399	52	2770	15.9205	0.443589	35.8	56.3
HiC_scaffold_282	1	17398	71	5323	30.5955	0.600644	35.8	54.5
HiC_scaffold_283	1	17257	1284	7514	43.5418	9.24066	35.1	51.3
HiC_scaffold_284	1	17224	273	15023	87.2213	2.35445	35.6	54.9
HiC_scaffold_285	1	17131	109	7685	44.8602	0.929018	35.6	48.8
HiC_scaffold_286	1	17073	35	2651	15.5274	0.30188	34.9	51.5
HiC_scaffold_287	1	17000	66	3779	22.2294	0.572706	35.4	41.8
HiC_scaffold_288	1	16908	27	1478	8.74142	0.213745	35.5	53.9
HiC_scaffold_289	1	16758	277	3294	19.6563	2.15903	35.4	43.2
HiC_scaffold_290	1	16602	176	4293	25.8583	1.4341	35.1	42
HiC_scaffold_291	1	16449	140	689	4.1887	0.990638	35.3	44.7
HiC_scaffold_292	1	16346	38	3018	18.4632	0.333904	35.3	53.6
HiC_scaffold_293	1	16263	341	1610	9.89977	2.84191	35.1	43.1
HiC_scaffold_294	1	16061	109	6119	38.0985	0.96451	35.6	53.1
HiC_scaffold_295	1	16000	6	623	3.89375	0.0489375	34.4	60
HiC_scaffold_296	1	16000	89	5174	32.3375	0.808688	35.8	51.2
HiC_scaffold_297	1	16000	13	1468	9.175	0.121875	36	57.8
HiC_scaffold_298	1	16000	33	2848	17.8	0.291938	35.6	47.7
HiC_scaffold_299	1	16000	36	2477	15.4812	0.3215	33.9	40.9
HiC_scaffold_300	1	15603	146	5215	33.4231	1.36807	35.5	47.5
HiC_scaffold_301	1	15565	25	841	5.40315	0.230132	35	58.1
HiC_scaffold_302	1	15554	156	3069	19.7313	1.48766	35.5	39.2
HiC_scaffold_303	1	15467	133	7583	49.027	1.25183	35.4	45.5
HiC_scaffold_304	1	15433	52	3044	19.724	0.494136	35.9	40.3
HiC_scaffold_305	1	15221	32	1960	12.8769	0.306879	35.5	45
HiC_scaffold_306	1	15208	9	837	5.50368	0.0887691	35.7	60
HiC_scaffold_307	1	15128	20	895	5.91618	0.179865	35	59.4
HiC_scaffold_308	1	15037	66	5901	39.2432	0.630977	35.4	54.3
HiC_scaffold_309	1	15027	82	4351	28.9545	0.791043	35.1	49.7
HiC_scaffold_310	1	15014	87	7508	50.0067	0.820234	35.3	59
HiC_scaffold_311	1	15000	98	8358	55.72	0.960867	35.4	51
HiC_scaffold_312	1	14886	142	9887	66.4181	1.40931	35.4	50.6
HiC_scaffold_313	1	14872	51	2308	15.5191	0.499664	34.7	40.5
HiC_scaffold_314	1	14743	30	2187	14.8342	0.295937	35.6	59.3
HiC_scaffold_315	1	14719	44	2164	14.7021	0.410626	35	49.2
HiC_scaffold_316	1	14619	58	4617	31.5822	0.544839	35.9	53.9
HiC_scaffold_317	1	14567	29	2522	17.3131	0.28743	35.8	45.4
HiC_scaffold_318	1	14553	49	3995	27.4514	0.502783	35.8	47.9
HiC_scaffold_319	1	14548	149	8049	55.3272	1.51107	35.8	48.4
HiC_scaffold_320	1	14465	45	3005	20.7743	0.427515	35.3	50.4
HiC_scaffold_321	1	14408	188	7966	55.2887	1.93441	35.5	44.6
HiC_scaffold_322	1	14386	18	2156	14.9868	0.184832	34.7	43.4
HiC_scaffold_323	1	14298	118	4859	33.9838	0.97643	34.4	46.1
HiC_scaffold_324	1	14091	169	7334	52.0474	1.7487	35.7	50
HiC_scaffold_325	1	14000	68	3635	25.9643	0.718714	35.7	46.3
HiC_scaffold_326	1	14000	42	1821	13.0071	0.444571	35.7	45.9
HiC_scaffold_327	1	13966	86	5082	36.3884	0.899255	35.6	47.2
HiC_scaffold_328	1	13312	195	11026	82.8275	2.03944	35.5	59.9
HiC_scaffold_329	1	13309	116	8136	61.1316	1.28184	35.7	48.9
HiC_scaffold_330	1	13245	113	7756	58.5579	1.22907	35.8	52.8
HiC_scaffold_331	1	13138	175	10905	83.0035	1.96788	35.8	59.1
HiC_scaffold_332	1	13083	4	600	4.5861	0.045861	34	41.2
HiC_scaffold_333	1	13000	48	3132	24.0923	0.529846	35.6	47
HiC_scaffold_334	1	13000	45	3321	25.5462	0.498692	35.8	55.6
HiC_scaffold_335	1	13000	49	2980	22.9231	0.544462	35.9	51
HiC_scaffold_336	1	12527	381	5724	45.6933	4.42604	35.2	41.1
HiC_scaffold_337	1	12325	31	2831	22.9696	0.374848	36.1	47.2
HiC_scaffold_338	1	12210	14	1073	8.78788	0.153399	36	48.3
HiC_scaffold_339	1	12140	127	8858	72.9654	1.48188	35.7	57.8
HiC_scaffold_340	1	12103	57	3780	31.2319	0.704123	35.1	48.7
HiC_scaffold_341	1	11792	9	560	4.74898	0.089637	34	55.6
HiC_scaffold_342	1	11769	45	1250	10.6211	0.555612	36.1	41.3
HiC_scaffold_343	1	11768	71	5679	48.258	0.881968	35.4	51.2
HiC_scaffold_344	1	11552	107	7887	68.2739	1.34271	35.9	56.2
HiC_scaffold_345	1	11294	51	3051	27.0143	0.635736	36.1	48.8
HiC_scaffold_346	1	11220	123	8450	75.3119	1.57273	35.5	57.9
HiC_scaffold_347	1	11009	1003	5553	50.4405	12.7208	35.1	41.7
HiC_scaffold_348	1	11007	45	3566	32.3976	0.591169	36	51.5
HiC_scaffold_349	1	11000	117	8168	74.2545	1.58055	35.6	56
HiC_scaffold_350	1	10932	62	3141	28.7322	0.826839	35.7	45
HiC_scaffold_351	1	10903	94	5627	51.6096	1.23837	35.6	55.8
HiC_scaffold_352	1	10862	107	8235	75.8148	1.41429	35.7	57.3
HiC_scaffold_353	1	10825	67	5105	47.1594	0.90485	35.9	52.1
HiC_scaffold_354	1	10780	111	6914	64.1373	1.52096	35.6	53.3
HiC_scaffold_355	1	10606	3	450	4.24288	0.0424288	36.2	42
HiC_scaffold_356	1	10316	17	1156	11.2059	0.226929	35.5	52.1
HiC_scaffold_357	1	10313	76	6459	62.6297	1.07166	35.6	56.4
HiC_scaffold_358	1	10116	44	2384	23.5666	0.633452	35.6	53.3
HiC_scaffold_359	1	9728	936	3911	40.2035	12.8338	35	40.6
HiC_scaffold_360	1	9582	46	3015	31.4652	0.707994	34.5	51.2
HiC_scaffold_361	1	9577	10	720	7.51801	0.153597	35.9	43.7
HiC_scaffold_362	1	9324	31	2416	25.9116	0.489489	36	45.7
HiC_scaffold_363	1	9309	137	7762	83.3817	2.15404	35.4	59.2
HiC_scaffold_364	1	9000	12	942	10.4667	0.199222	34.1	57.2
HiC_scaffold_365	1	8972	28	2025	22.5702	0.449955	34.6	50.1
HiC_scaffold_366	1	8717	6	323	3.7054	0.07537	36	58
HiC_scaffold_367	1	8598	27	2358	27.425	0.394859	35.2	43.3
HiC_scaffold_368	1	8517	28	1840	21.6039	0.46777	35.6	53.6
HiC_scaffold_369	1	8159	51	3324	40.7403	0.876823	35.6	54.7
HiC_scaffold_370	1	8000	18	1005	12.5625	0.3045	36	42.2
HiC_scaffold_371	1	7755	16	1556	20.0645	0.296454	36.6	49.2
HiC_scaffold_372	1	7349	31	1910	25.9899	0.596952	34.8	57.9
HiC_scaffold_373	1	7312	60	4475	61.2008	1.19858	35.9	51.4
HiC_scaffold_374	1	7226	38	3002	41.5444	0.787849	35.5	55.7
HiC_scaffold_375	1	7101	14	1353	19.0537	0.295029	35.7	44.8
HiC_scaffold_376	1	7000	103	3624	51.7714	2.03214	35.2	41.8
HiC_scaffold_377	1	7000	44	3661	52.3	0.924714	35.5	56.6
HiC_scaffold_378	1	7000	68	2097	29.9571	1.44086	35.6	42.5
HiC_scaffold_379	1	6605	213	4116	62.3164	4.46253	35	45.7
HiC_scaffold_380	1	6537	89	5727	87.609	1.99985	35.8	57.7
HiC_scaffold_381	1	6484	68	3847	59.3307	1.53593	35.2	58
HiC_scaffold_382	1	6459	33	2652	41.059	0.749032	34.7	49.9
HiC_scaffold_383	1	6245	21	1384	22.1617	0.470136	35.8	53.4
HiC_scaffold_384	1	6125	102	5924	96.7184	2.47706	35.5	51.5
HiC_scaffold_385	1	6000	51	3938	65.6333	1.1865	35.9	56.3
HiC_scaffold_386	1	6000	36	1824	30.4	0.8825	34.9	58.6
HiC_scaffold_387	1	6000	59	3915	65.25	1.4725	35.3	48.6
HiC_scaffold_388	1	5993	18	1709	28.5166	0.443684	36.3	47.2
HiC_scaffold_389	1	5821	45	3521	60.4879	1.12043	35.9	48.8
HiC_scaffold_390	1	5673	27	2438	42.9755	0.712674	35.6	48.2
HiC_scaffold_391	1	5000	11	946	18.92	0.3044	35.1	57.6
HiC_scaffold_392	1	5000	34	2051	41.02	0.9976	35.4	57.3
HiC_scaffold_393	1	4994	2170	4115	82.3989	58.9772	35.2	47.4
HiC_scaffold_394	1	4893	66	3984	81.4224	1.96117	35.7	51.3
HiC_scaffold_395	1	4891	74	4131	84.4613	2.23983	35.5	57.8
HiC_scaffold_396	1	4877	20	2176	44.6176	0.615132	36.1	43.1
HiC_scaffold_397	1	4000	21	1280	32	0.77475	34.8	45.8
HiC_scaffold_398	1	4000	72	3309	82.725	2.639	35.7	57.5
HiC_scaffold_399	1	4000	37	2654	66.35	1.35225	35.5	53.9
HiC_scaffold_400	1	4000	251	1218	30.45	8.29575	35.2	44.5
HiC_scaffold_401	1	3971	54	3178	80.0302	1.94712	35.9	59.1
HiC_scaffold_402	1	3919	18	1206	30.7732	0.632304	35.7	51.5
HiC_scaffold_403	1	3281	39	2649	80.7376	1.75221	35.8	54.3
HiC_scaffold_405	1	3259	55	2888	88.6161	2.44216	35.7	60
HiC_scaffold_406	1	3042	18	1265	41.5845	0.882314	34.8	51.4
HiC_scaffold_407	1	3035	29	2131	70.2142	1.26853	34.8	58.2
HiC_scaffold_408	1	3003	10	1018	33.8994	0.497502	33.5	41.8
HiC_scaffold_409	1	3003	23	1960	65.2681	1.07659	36.2	51.3
HiC_scaffold_410	1	3000	39	2320	77.3333	1.90367	35.2	56.8
HiC_scaffold_411	1	3000	135	1937	64.5667	6.59333	35.4	42.7
HiC_scaffold_412	1	3000	66	2701	90.0333	3.081	35.2	58.5
HiC_scaffold_413	1	3000	52	2590	86.3333	2.40967	35.8	57
HiC_scaffold_414	1	3000	40	2316	77.2	1.98933	35.6	53.2
HiC_scaffold_415	1	2897	38	2366	81.6707	1.96617	35.6	51.9
HiC_scaffold_416	1	2563	102	1418	55.3258	4.23098	34.7	47.4
HiC_scaffold_417	1	2259	35	1794	79.4157	2.27933	35.5	60
HiC_scaffold_418	1	2125	34	1805	84.9412	2.30118	35.2	55.1
HiC_scaffold_419	1	2021	18	1247	61.7021	1.21672	35.8	60
HiC_scaffold_420	1	2000	22	1520	76	1.5595	35.4	60
HiC_scaffold_421	1	2000	24	1188	59.4	1.788	35.5	50.1
HiC_scaffold_422	1	2000	25	1459	72.95	1.7705	35.6	60
HiC_scaffold_423	1	1676	4	429	25.5967	0.333532	33.4	35
HiC_scaffold_424	1	1484	4	480	32.345	0.402291	36	40.8
HiC_scaffold_425	1	1447	17	1002	69.2467	1.6047	36	57.6
HiC_scaffold_426	1	1382	7	619	44.7902	0.759768	35.8	60
HiC_scaffold_427	1	1353	14	859	63.4885	1.4065	36.1	60
HiC_scaffold_428	1	1184	2	185	15.625	0.251689	36.7	46
HiC_scaffold_429	1	1175	25	1076	91.5745	3.08851	35.4	60
HiC_scaffold_430	1	1138	20	1022	89.8067	2.26362	34.8	58.5
HiC_scaffold_431	1	1108	19	1030	92.9603	2.24368	35.5	60
HiC_scaffold_432	1	1097	33	1071	97.6299	4.28077	35.1	59.6
HiC_scaffold_433	1	1005	77	526	52.3383	10.4657	35.8	46.5
HiC_scaffold_434	1	1000	27	1000	100	3.81	35.4	59.1
HiC_scaffold_435	1	1000	24	972	97.2	3.361	34.9	60
HiC_scaffold_436	1	1000	11	789	78.9	1.455	35.9	59.6
HiC_scaffold_437	1	1000	17	975	97.5	2.249	36.2	60
HiC_scaffold_438	1	1000	18	986	98.6	2.384	35.9	59.9
HiC_scaffold_439	1	1000	10	714	71.4	1.374	35.9	60
HiC_scaffold_440	1	1000	18	942	94.2	2.257	35.6	60
HiC_scaffold_441	1	1000	27	994	99.4	3.591	35.2	60
HiC_scaffold_442	1	1000	12	812	81.2	1.582	36.1	60
HiC_scaffold_443	1	1000	17	871	87.1	2.115	35.2	60
HiC_scaffold_444	1	1000	24	1000	100	3.226	36	59.8
HiC_scaffold_445	1	1000	8	807	80.7	1.13	35.7	60
HiC_scaffold_446	1	1000	26	838	83.8	3.844	36.3	48.5
HiC_scaffold_447	1	1000	16	895	89.5	2.105	35	54.7
HiC_scaffold_448	1	1000	13	687	68.7	1.538	35.1	55.2
HiC_scaffold_449	1	1000	15	780	78	2.123	36.2	60
HiC_scaffold_450	1	1000	13	861	86.1	1.815	36.5	55.2
HiC_scaffold_451	1	1000	8	681	68.1	1.107	36.1	55.6
HiC_scaffold_452	1	1000	12	787	78.7	1.686	36.1	60
HiC_scaffold_453	1	1000	138	681	68.1	16.533	35.7	48.6
mitochondria	1	17813	82543	17688	99.2983	670.129	35.5	59.4
HiC_scaffold_219	1	22812	0	0	0	0	0	0
HiC_scaffold_404	1	3264	0	0	0	0	0	0
HiC_scaffold_454	1	2000	0	0	0	0	0	0
