#rname	startpos	endpos	numreads	covbases	coverage	meandepth	meanbaseq	meanmapq
HiC_scaffold_1	1	75050035	794286	54633872	72.7966	1.53939	35.6	59.1
HiC_scaffold_2	1	56816963	606742	41550509	73.1305	1.55146	35.6	59.2
HiC_scaffold_3	1	109611085	1112387	77554177	70.754	1.4766	35.6	58.7
HiC_scaffold_4	1	81599725	853370	58820817	72.0846	1.51989	35.6	59.1
HiC_scaffold_5	1	72353455	772298	53039133	73.3056	1.55188	35.6	59.3
HiC_scaffold_6	1	67692486	723407	49379034	72.9461	1.55286	35.6	59.2
HiC_scaffold_7	1	59159807	626852	42817596	72.3762	1.53941	35.6	59
HiC_scaffold_8	1	13479537	147989	10022987	74.3571	1.60346	35.6	59.5
HiC_scaffold_9	1	58964884	625778	42871503	72.7068	1.54171	35.6	59.1
HiC_scaffold_10	1	36732878	391658	26511404	72.1735	1.54752	35.5	59
HiC_scaffold_11	1	27384	182	6173	22.5424	0.989739	35.6	43.7
HiC_scaffold_12	1	33592	1601	7758	23.0948	6.31138	35.2	46.4
HiC_scaffold_13	1	184337	6689	141428	76.7225	5.04938	35.6	52.3
HiC_scaffold_14	1	85992	3403	47198	54.8865	5.48645	35	46.5
HiC_scaffold_15	1	87022	1129	28159	32.3585	1.80172	35.4	45.9
HiC_scaffold_16	1	89609	3054	10779	12.0289	3.77027	35.7	51.2
HiC_scaffold_17	1	164154	5179	71719	43.6901	4.53357	35.4	52.3
HiC_scaffold_18	1	104921	349	25089	23.9123	0.478579	35.5	48.2
HiC_scaffold_19	1	103720	468	31411	30.2844	0.656064	35.3	48.9
HiC_scaffold_20	1	90353	871	33120	36.6562	1.37083	35.2	48.8
HiC_scaffold_21	1	85252	423	25973	30.4661	0.718916	35.4	48.1
HiC_scaffold_22	1	80500	441	20300	25.2174	0.801714	35.5	47.7
HiC_scaffold_23	1	75743	305	19870	26.2334	0.586285	35.4	55.7
HiC_scaffold_24	1	75592	1725	17697	23.4112	3.21289	35.4	43.4
HiC_scaffold_25	1	72691	1810	35866	49.3404	3.58032	35.5	54.2
HiC_scaffold_26	1	71458	704	36669	51.3155	1.4302	35.6	46.8
HiC_scaffold_27	1	70045	2563	52321	74.6963	5.16989	35.4	52.5
HiC_scaffold_28	1	68558	107	4902	7.15015	0.192596	35	55
HiC_scaffold_29	1	68222	881	19256	28.2255	1.90763	35.4	45.6
HiC_scaffold_30	1	67017	584	35131	52.421	1.27086	35.5	49.3
HiC_scaffold_31	1	65972	46	5628	8.53089	0.103044	36	44.2
HiC_scaffold_32	1	64000	684	34321	53.6266	1.46612	35.5	50.6
HiC_scaffold_33	1	62684	521	15270	24.3603	1.00831	35.4	41.3
HiC_scaffold_34	1	60035	433	29650	49.3879	1.00028	35.7	55.6
HiC_scaffold_35	1	59483	145	12891	21.6717	0.356623	35.5	50.5
HiC_scaffold_36	1	58601	896	4326	7.38213	2.19667	35.1	44.8
HiC_scaffold_37	1	57907	186	11059	19.0979	0.456663	35.6	48.3
HiC_scaffold_38	1	57623	253	2604	4.51903	0.605106	35.4	38.4
HiC_scaffold_39	1	56881	559	18013	31.6679	1.099	35.6	48.5
HiC_scaffold_40	1	56115	509	10178	18.1378	1.13879	35.7	39
HiC_scaffold_41	1	55753	629	20580	36.9128	1.62662	35.3	41.6
HiC_scaffold_42	1	55361	99	4828	8.72094	0.255794	35.2	47.6
HiC_scaffold_43	1	55333	628	11713	21.1682	1.60796	35	39.7
HiC_scaffold_44	1	54697	2321	48802	89.2224	6.26502	35.5	55.6
HiC_scaffold_45	1	54079	78	3213	5.94131	0.156031	35.6	48.9
HiC_scaffold_46	1	53000	197	7371	13.9075	0.540113	35.1	40.5
HiC_scaffold_47	1	52728	1696	22345	42.3779	4.53488	35.1	46.6
HiC_scaffold_48	1	52696	263	18578	35.255	0.725273	35.4	52.3
HiC_scaffold_49	1	52574	98	4656	8.85609	0.271902	35.5	40
HiC_scaffold_50	1	52452	30	1131	2.15626	0.0499886	35.6	54.2
HiC_scaffold_51	1	52291	188	5378	10.2848	0.467002	35.6	47.4
HiC_scaffold_52	1	50660	387	28497	56.2515	1.11931	35.5	56.6
HiC_scaffold_53	1	50444	1213	31613	62.6695	3.51727	35.7	56
HiC_scaffold_54	1	50000	585	37983	75.966	1.6969	35.6	59.8
HiC_scaffold_55	1	49402	168	7765	15.718	0.498583	35.7	45
HiC_scaffold_56	1	48994	193	6911	14.1058	0.556762	35.7	42.3
HiC_scaffold_57	1	48961	151	7012	14.3216	0.454545	35.4	42.3
HiC_scaffold_58	1	48913	254	20872	42.6717	0.759757	35.6	50.9
HiC_scaffold_59	1	48516	490	11056	22.7884	1.49039	35.8	48.9
HiC_scaffold_60	1	48449	296	23847	49.2208	0.909492	35.5	52.8
HiC_scaffold_61	1	48102	226	10661	22.1633	0.689077	35.1	48.7
HiC_scaffold_62	1	47095	392	26957	57.2396	1.22121	35.6	56.9
HiC_scaffold_63	1	45946	570	26906	58.56	1.82118	35.6	53.4
HiC_scaffold_64	1	45702	207	5059	11.0695	0.625115	35.2	44.1
HiC_scaffold_65	1	45164	265	11159	24.7077	0.816048	35.1	43.7
HiC_scaffold_66	1	45000	931	8124	18.0533	2.89031	35.2	46
HiC_scaffold_67	1	44932	763	10235	22.7789	2.16721	35.3	40.5
HiC_scaffold_68	1	44535	113	8683	19.497	0.375076	35.5	43.7
HiC_scaffold_69	1	43359	240	11925	27.5029	0.801748	35.4	43.9
HiC_scaffold_70	1	43000	354	9321	21.6767	1.07907	35.3	41.7
HiC_scaffold_71	1	42000	390	15253	36.3167	1.22236	35.5	47.2
HiC_scaffold_72	1	41780	47	2917	6.98181	0.16618	35.2	40.5
HiC_scaffold_73	1	41131	55	3643	8.85707	0.191461	35.1	43.2
HiC_scaffold_74	1	41000	161	12379	30.1927	0.57478	35.7	55.6
HiC_scaffold_75	1	40673	227	4631	11.3859	0.812775	35.7	40.3
HiC_scaffold_76	1	40021	195	5269	13.1656	0.678969	35.3	39.7
HiC_scaffold_77	1	40000	46	3742	9.355	0.163725	35.7	55.3
HiC_scaffold_78	1	39995	296	21092	52.7366	1.08656	35.4	53.1
HiC_scaffold_79	1	39987	46	4147	10.3709	0.172531	36.1	44.8
HiC_scaffold_80	1	39907	76	4598	11.5218	0.273661	35.2	53.3
HiC_scaffold_81	1	39785	284	6296	15.8251	0.868141	35.3	41.6
HiC_scaffold_82	1	39714	1998	12462	31.3794	6.98824	35.1	44.3
HiC_scaffold_83	1	39603	121	9689	24.4653	0.453349	36	53.6
HiC_scaffold_84	1	39032	1250	24803	63.5453	4.51248	35.3	49.1
HiC_scaffold_85	1	38821	447	9187	23.665	1.65717	35.6	43.6
HiC_scaffold_86	1	38551	231	5727	14.8556	0.753443	35.4	48.2
HiC_scaffold_87	1	38336	279	6805	17.7509	1.06023	35.4	41.7
HiC_scaffold_88	1	38081	272	6787	17.8225	1.00748	35.6	56.8
HiC_scaffold_89	1	37423	130	1954	5.22139	0.458087	35.2	46.7
HiC_scaffold_90	1	37049	302	10647	28.7376	1.19158	35.7	43.9
HiC_scaffold_91	1	37000	461	29622	80.0595	1.82746	35.4	59.7
HiC_scaffold_92	1	36719	56	3897	10.613	0.219341	35.8	51.2
HiC_scaffold_93	1	36624	358	7530	20.5603	1.31103	35.4	41.3
HiC_scaffold_94	1	36550	137	3992	10.922	0.557373	35.7	41
HiC_scaffold_95	1	35915	671	14747	41.0608	2.60292	35.1	43.4
HiC_scaffold_96	1	35569	295	10771	30.282	1.22174	35.9	49.2
HiC_scaffold_97	1	35569	195	6769	19.0306	0.752144	35	46.8
HiC_scaffold_98	1	35521	191	4397	12.3786	0.59866	35.3	45.9
HiC_scaffold_99	1	35305	869	25240	71.4913	3.25705	35.4	58
HiC_scaffold_100	1	35285	316	21632	61.3065	1.31223	35.6	58.3
HiC_scaffold_101	1	35090	130	6123	17.4494	0.439071	35.2	53.7
HiC_scaffold_102	1	34736	116	7978	22.9675	0.495538	35.7	48.1
HiC_scaffold_103	1	34662	676	15020	43.3328	2.71764	35.4	42
HiC_scaffold_104	1	34539	133	11475	33.2233	0.567011	35.9	49.9
HiC_scaffold_105	1	34367	43	2607	7.58577	0.179678	35.7	45.2
HiC_scaffold_106	1	34092	9	383	1.12343	0.0296844	35.1	56.4
HiC_scaffold_107	1	34034	927	28587	83.9954	3.90507	35.7	58.6
HiC_scaffold_108	1	34000	181	5207	15.3147	0.778824	35.5	39.7
HiC_scaffold_109	1	33013	328	12018	36.4038	1.34608	34.7	41.9
HiC_scaffold_110	1	32894	36	2495	7.58497	0.159056	35.4	50.9
HiC_scaffold_111	1	32703	74	7527	23.0162	0.337614	35.5	48.1
HiC_scaffold_112	1	32055	123	8201	25.5842	0.541444	35.7	53.7
HiC_scaffold_113	1	31996	252	3535	11.0483	0.79985	35.7	44
HiC_scaffold_114	1	31869	154	7265	22.7964	0.614673	35.9	51.7
HiC_scaffold_115	1	31497	321	8490	26.9549	1.48443	35.5	42.3
HiC_scaffold_116	1	31452	202	15456	49.1415	0.947158	35.6	54.9
HiC_scaffold_117	1	31435	253	18980	60.3786	1.19291	35.6	49.9
HiC_scaffold_118	1	31168	230	15215	48.8161	1.07334	35	57.3
HiC_scaffold_119	1	31094	57	3759	12.0891	0.271178	35.9	47.8
HiC_scaffold_120	1	31000	116	9105	29.371	0.543516	35.9	46.4
HiC_scaffold_121	1	30892	47	3124	10.1127	0.226531	35.8	45.9
HiC_scaffold_122	1	30671	263	6893	22.474	1.27978	35.4	40.4
HiC_scaffold_123	1	30159	331	22353	74.1172	1.61388	35.5	59.9
HiC_scaffold_124	1	30112	10	1229	4.08143	0.0495816	35.9	44.3
HiC_scaffold_125	1	30000	58	2290	7.63333	0.2891	35.3	38.4
HiC_scaffold_126	1	30000	82	4588	15.2933	0.3903	35.2	48.7
HiC_scaffold_127	1	29632	379	5112	17.2516	1.66887	35.3	43
HiC_scaffold_128	1	29216	109	9194	31.4691	0.557708	35.5	50
HiC_scaffold_129	1	29000	29	2086	7.1931	0.134138	35.2	45.2
HiC_scaffold_130	1	28743	17	1552	5.39958	0.0862819	35.5	53.4
HiC_scaffold_131	1	28267	590	9000	31.8392	3.09644	35.4	40.6
HiC_scaffold_132	1	28006	269	6185	22.0846	1.42816	35.4	40.2
HiC_scaffold_133	1	27859	97	7378	26.4834	0.515632	35.6	56.8
HiC_scaffold_134	1	27837	296	20914	75.1302	1.51442	35.7	59.5
HiC_scaffold_135	1	27503	122	5074	18.4489	0.649056	35.3	38.2
HiC_scaffold_136	1	27405	328	22110	80.6787	1.76143	35.7	59.9
HiC_scaffold_137	1	27128	5	629	2.31864	0.0271306	33.9	38.6
HiC_scaffold_138	1	27000	75	5826	21.5778	0.399259	36	52.4
HiC_scaffold_139	1	26958	40	2838	10.5275	0.210995	35.1	47.3
HiC_scaffold_140	1	26822	36	2582	9.62643	0.181195	35.4	46.6
HiC_scaffold_141	1	26714	282	8179	30.6169	1.43535	35.3	47.9
HiC_scaffold_142	1	26597	101	5746	21.6039	0.507839	35.2	50.1
HiC_scaffold_143	1	26526	45	2114	7.96954	0.194413	34.5	52.9
HiC_scaffold_144	1	26403	150	2944	11.1502	0.844298	35.2	41.2
HiC_scaffold_145	1	26321	428	11956	45.4238	2.37829	35.4	43.6
HiC_scaffold_146	1	26302	162	2543	9.66847	0.797696	35	40.8
HiC_scaffold_147	1	26228	90	5093	19.4182	0.506138	35.8	49
HiC_scaffold_148	1	26220	326	5887	22.4523	1.85027	35.6	39.3
HiC_scaffold_149	1	26169	69	6056	23.1419	0.394398	35.8	53.2
HiC_scaffold_150	1	26140	302	19502	74.606	1.68393	35.3	59.9
HiC_scaffold_151	1	25970	73	3834	14.7632	0.415287	36	38.3
HiC_scaffold_152	1	25914	64	3209	12.3833	0.337694	35.2	43.5
HiC_scaffold_153	1	25756	26	2518	9.77636	0.148703	35.1	50.5
HiC_scaffold_154	1	25701	95	8102	31.5241	0.546166	35.5	52.4
HiC_scaffold_155	1	25484	491	11394	44.7104	2.8346	35.3	42.2
HiC_scaffold_156	1	25347	980	13738	54.1997	5.40849	35.1	43.6
HiC_scaffold_157	1	25300	162	7836	30.9723	0.935613	35.4	46.4
HiC_scaffold_158	1	25137	464	9908	39.416	2.64312	35.4	40.5
HiC_scaffold_159	1	25068	36	1916	7.64321	0.210468	35.6	43.7
HiC_scaffold_160	1	25021	181	13483	53.8867	1.05831	35.7	56.2
HiC_scaffold_161	1	25021	62	4848	19.3757	0.36869	36	51.8
HiC_scaffold_162	1	25013	432	1328	5.30924	1.98921	35.2	44.2
HiC_scaffold_163	1	25000	8	696	2.784	0.048	35.7	36
HiC_scaffold_164	1	25000	25	744	2.976	0.14244	35	36.6
HiC_scaffold_165	1	25000	48	1665	6.66	0.28212	35.3	41
HiC_scaffold_166	1	25000	81	3483	13.932	0.47488	35.3	37
HiC_scaffold_167	1	25000	315	18700	74.8	1.80456	35.6	59
HiC_scaffold_168	1	25000	300	20276	81.104	1.73364	35.2	59.8
HiC_scaffold_169	1	25000	304	19617	78.468	1.74592	35.5	59.5
HiC_scaffold_170	1	25000	277	19308	77.232	1.60664	35.5	59.7
HiC_scaffold_171	1	25000	334	21077	84.308	1.9238	35.6	59.9
HiC_scaffold_172	1	25000	310	20444	81.776	1.8224	35.8	59.9
HiC_scaffold_173	1	25000	274	18441	73.764	1.57576	35.5	59.7
HiC_scaffold_174	1	25000	281	18725	74.9	1.61412	35.5	59.6
HiC_scaffold_175	1	25000	323	20349	81.396	1.89008	35.8	59.9
HiC_scaffold_176	1	25000	269	17972	71.888	1.5726	35.3	59.7
HiC_scaffold_177	1	25000	295	18721	74.884	1.66204	35.4	59.3
HiC_scaffold_178	1	25000	279	18144	72.576	1.61068	35.4	59.3
HiC_scaffold_179	1	25000	314	19852	79.408	1.8234	35.5	59.8
HiC_scaffold_180	1	25000	310	16224	64.896	1.75244	35.7	56.4
HiC_scaffold_181	1	25000	259	19021	76.084	1.49844	35.8	59.9
HiC_scaffold_182	1	25000	305	20203	80.812	1.79212	35.6	60
HiC_scaffold_183	1	25000	119	3584	14.336	0.70884	36.1	41.4
HiC_scaffold_184	1	25000	268	17894	71.576	1.544	35.5	59.9
HiC_scaffold_185	1	25000	508	22882	91.528	2.9236	35.6	59.7
HiC_scaffold_186	1	25000	310	19986	79.944	1.81416	35.7	60
HiC_scaffold_187	1	25000	31	1745	6.98	0.16972	35.4	48.3
HiC_scaffold_188	1	24887	177	4681	18.809	0.99112	35.2	42.9
HiC_scaffold_189	1	24881	663	13855	55.6851	3.18412	35.6	41.4
HiC_scaffold_190	1	24860	172	12450	50.0805	0.993081	35.4	56.7
HiC_scaffold_191	1	24785	103	9023	36.4051	0.601372	35.8	48.9
HiC_scaffold_192	1	24606	53	2759	11.2127	0.311672	35.5	41.9
HiC_scaffold_193	1	24582	144	3496	14.2218	0.848507	35.4	45.2
HiC_scaffold_194	1	24552	733	12907	52.5701	4.14451	35.5	47.2
HiC_scaffold_195	1	24515	99	7206	29.3942	0.594044	35.5	55.3
HiC_scaffold_196	1	24429	109	5330	21.8183	0.587294	35.4	51
HiC_scaffold_197	1	24404	105	5815	23.8281	0.627356	35.6	58.1
HiC_scaffold_198	1	24065	213	15405	64.0141	1.3063	35.7	56.4
HiC_scaffold_199	1	24034	43	3754	15.6195	0.264708	35.6	50
HiC_scaffold_200	1	24000	47	1536	6.4	0.289042	35.4	47.1
HiC_scaffold_201	1	24000	756	4897	20.4042	4.66925	35.4	46.2
HiC_scaffold_202	1	23940	270	4673	19.5196	1.59106	35.2	39.8
HiC_scaffold_203	1	23878	56	1450	6.07254	0.35116	35	35
HiC_scaffold_204	1	23813	84	7408	31.1091	0.497711	35.2	54
HiC_scaffold_205	1	23764	45	4507	18.9657	0.271293	35.3	56.2
HiC_scaffold_206	1	23660	14	1312	5.54522	0.0884615	35.7	46.8
HiC_scaffold_207	1	23581	216	15848	67.2066	1.34121	35.6	53.7
HiC_scaffold_208	1	23490	64	2988	12.7203	0.400128	35.1	37.3
HiC_scaffold_209	1	23453	104	7664	32.6781	0.645674	35.8	55.8
HiC_scaffold_210	1	23041	35	3021	13.1114	0.205026	35.2	57.8
HiC_scaffold_211	1	23000	473	3608	15.687	3.06722	35.8	39.8
HiC_scaffold_212	1	23000	135	9479	41.213	0.844	35.9	47
HiC_scaffold_213	1	23000	81	4459	19.387	0.514043	34.9	46.3
HiC_scaffold_214	1	23000	203	5819	25.3	1.30578	35.7	38.6
HiC_scaffold_215	1	23000	54	3838	16.687	0.331304	35.8	54.4
HiC_scaffold_216	1	22979	4	331	1.44045	0.0261108	35.3	60
HiC_scaffold_217	1	22964	86	3626	15.7899	0.549425	35.8	43.3
HiC_scaffold_218	1	22956	67	6737	29.3474	0.432697	35.7	48.2
HiC_scaffold_220	1	22604	120	9982	44.1603	0.762166	35.4	49.7
HiC_scaffold_221	1	22426	33	2087	9.30616	0.217515	34.4	53.9
HiC_scaffold_222	1	22303	218	10763	48.2581	1.45326	35.5	47.9
HiC_scaffold_223	1	22199	59	3434	15.4692	0.386909	35.6	47.2
HiC_scaffold_224	1	22128	11	1079	4.87617	0.0640365	34.6	47.2
HiC_scaffold_225	1	22127	4	495	2.23709	0.0269354	36.4	45.8
HiC_scaffold_226	1	21688	108	5913	27.2639	0.72856	36	52.5
HiC_scaffold_227	1	21648	155	9744	45.0111	1.02735	35.7	53.5
HiC_scaffold_228	1	21608	227	11530	53.3599	1.47769	35.7	50.9
HiC_scaffold_229	1	21598	21	1232	5.70423	0.145662	34.8	40.2
HiC_scaffold_230	1	21510	12	784	3.64482	0.0707578	35.1	53
HiC_scaffold_231	1	21437	35	2251	10.5005	0.22923	35.7	47.1
HiC_scaffold_232	1	21282	134	10441	49.0602	0.935203	35.8	48.9
HiC_scaffold_233	1	20959	136	4196	20.02	0.821366	34.8	38.6
HiC_scaffold_234	1	20824	19	1688	8.10603	0.123655	35.2	45.3
HiC_scaffold_235	1	20622	41	3640	17.6511	0.293715	35.8	55.6
HiC_scaffold_236	1	20377	17	1502	7.37106	0.120528	35.4	53.6
HiC_scaffold_237	1	20369	95	7314	35.9075	0.697629	35.6	50.9
HiC_scaffold_238	1	20340	40	2450	12.0452	0.285005	35.8	51.2
HiC_scaffold_239	1	20281	14	785	3.87062	0.0845126	34.4	51.2
HiC_scaffold_240	1	20166	16	1546	7.66637	0.117822	35.3	46.1
HiC_scaffold_241	1	20140	157	7820	38.8282	1.15343	35.2	48.7
HiC_scaffold_242	1	20135	225	15009	74.5418	1.5999	35.5	59.1
HiC_scaffold_243	1	20122	14	1291	6.41586	0.0990458	35.3	57.1
HiC_scaffold_244	1	20044	52	2240	11.1754	0.356067	35.5	41.9
HiC_scaffold_245	1	20021	25	1638	8.18141	0.17152	36.1	56.6
HiC_scaffold_246	1	20000	26	2065	10.325	0.18455	35.4	56.6
HiC_scaffold_247	1	20000	41	2565	12.825	0.29085	35.9	51.5
HiC_scaffold_248	1	19739	343	8436	42.7377	2.55135	35.5	43.6
HiC_scaffold_249	1	19737	87	8380	42.4583	0.650757	35.7	57
HiC_scaffold_250	1	19724	19	1228	6.22592	0.142872	35.8	49.3
HiC_scaffold_251	1	19667	43	1781	9.05578	0.318351	34.8	38.9
HiC_scaffold_252	1	19649	35	3785	19.2631	0.265917	35.4	49
HiC_scaffold_253	1	19394	77	5690	29.339	0.583789	35.1	50.3
HiC_scaffold_254	1	19304	104	4753	24.6218	0.785122	35.6	48.8
HiC_scaffold_255	1	19231	22	2302	11.9703	0.170142	35.7	49.5
HiC_scaffold_256	1	19176	96	7410	38.6421	0.746975	35.8	49
HiC_scaffold_257	1	19156	2593	7499	39.147	18.8726	35.2	43.4
HiC_scaffold_258	1	19143	54	941	4.91563	0.365669	35.2	44.1
HiC_scaffold_259	1	19058	39	3626	19.0261	0.303967	35.1	47.2
HiC_scaffold_260	1	19000	113	4644	24.4421	0.843737	35.5	45.4
HiC_scaffold_261	1	18934	34	3106	16.4044	0.260167	35.4	48.1
HiC_scaffold_262	1	18930	434	8737	46.1543	3.29171	35.2	42.8
HiC_scaffold_263	1	18729	227	13930	74.3766	1.75535	35.5	57.3
HiC_scaffold_264	1	18528	30	2432	13.1261	0.22323	35.4	59.7
HiC_scaffold_265	1	18283	35	1892	10.3484	0.282886	35.8	43.6
HiC_scaffold_266	1	18272	43	809	4.42754	0.249562	35.4	45.5
HiC_scaffold_267	1	18066	57	4168	23.071	0.472877	35.5	45.8
HiC_scaffold_268	1	18044	10	887	4.91576	0.0630681	36	38.8
HiC_scaffold_269	1	18026	71	4851	26.9111	0.566959	35.7	57
HiC_scaffold_270	1	18000	87	6365	35.3611	0.701	35.6	44.7
HiC_scaffold_271	1	18000	97	7145	39.6944	0.781667	36	51.3
HiC_scaffold_272	1	18000	82	3092	17.1778	0.653667	35.5	43
HiC_scaffold_273	1	17971	160	5746	31.9737	1.3095	36	46.1
HiC_scaffold_274	1	17888	28	1980	11.0689	0.228421	35.3	48.6
HiC_scaffold_275	1	17782	55	4525	25.4471	0.448037	35.8	51.7
HiC_scaffold_276	1	17690	43	5017	28.3607	0.363595	35.7	46.4
HiC_scaffold_277	1	17675	40	3231	18.2801	0.331033	34.7	41.2
HiC_scaffold_278	1	17531	2	178	1.01534	0.0159147	36.6	60
HiC_scaffold_279	1	17508	242	2875	16.4211	1.18643	35.5	48.4
HiC_scaffold_280	1	17420	62	4763	27.3421	0.527382	35.7	52.5
HiC_scaffold_281	1	17399	41	2813	16.1676	0.349043	35.9	56.3
HiC_scaffold_282	1	17398	51	5511	31.6761	0.433383	35.4	47.7
HiC_scaffold_283	1	17257	954	8288	48.0269	6.70713	35.1	50.6
HiC_scaffold_284	1	17224	213	13847	80.3936	1.81799	35.7	53.7
HiC_scaffold_285	1	17131	69	5754	33.5882	0.58724	35.3	49.9
HiC_scaffold_286	1	17073	49	4641	27.1833	0.418146	35.6	51.4
HiC_scaffold_287	1	17000	35	2582	15.1882	0.283118	36	49.1
HiC_scaffold_288	1	16908	19	1080	6.38751	0.131772	34.8	53.8
HiC_scaffold_289	1	16758	138	2475	14.7691	1.12585	35.3	42.8
HiC_scaffold_290	1	16602	122	3834	23.0936	0.959463	35.4	43.1
HiC_scaffold_291	1	16449	118	492	2.99106	0.840233	35.4	44
HiC_scaffold_292	1	16346	45	2174	13.2999	0.409764	36	59.4
HiC_scaffold_293	1	16263	442	1241	7.63082	3.73689	35.2	43.8
HiC_scaffold_294	1	16061	96	6443	40.1158	0.865762	35.6	49.6
HiC_scaffold_295	1	16000	22	1179	7.36875	0.198687	34.9	52.5
HiC_scaffold_296	1	16000	68	4610	28.8125	0.61325	35.8	49.7
HiC_scaffold_297	1	16000	54	3826	23.9125	0.495375	36	53.6
HiC_scaffold_298	1	16000	33	2126	13.2875	0.294	35.3	45.6
HiC_scaffold_299	1	16000	37	2984	18.65	0.336438	34.7	48.1
HiC_scaffold_300	1	15603	106	5122	32.827	1.00596	35.7	45.8
HiC_scaffold_301	1	15565	7	754	4.8442	0.067459	35.7	54.3
HiC_scaffold_302	1	15554	192	3350	21.5379	1.82615	35.6	40.9
HiC_scaffold_303	1	15467	146	7705	49.8157	1.33465	35.3	48.1
HiC_scaffold_304	1	15433	82	3946	25.5686	0.783062	36	36.6
HiC_scaffold_305	1	15221	24	1965	12.9098	0.235398	35.6	45.2
HiC_scaffold_306	1	15208	20	1001	6.58206	0.168004	35.8	58
HiC_scaffold_307	1	15128	23	1218	8.0513	0.225344	34.3	56
HiC_scaffold_308	1	15037	74	6786	45.1287	0.731662	35.2	51.7
HiC_scaffold_309	1	15027	80	4767	31.7229	0.783989	35.4	49
HiC_scaffold_310	1	15014	142	9484	63.1677	1.37085	35.7	59.5
HiC_scaffold_311	1	15000	110	9471	63.14	1.08907	36	50.8
HiC_scaffold_312	1	14886	122	9517	63.9326	1.21268	35.9	49.7
HiC_scaffold_313	1	14872	50	2201	14.7996	0.503093	34.7	42.7
HiC_scaffold_314	1	14743	27	2124	14.4068	0.257614	34.8	57.8
HiC_scaffold_315	1	14719	48	1393	9.46396	0.454515	35	42.7
HiC_scaffold_316	1	14619	64	5034	34.4346	0.624256	35.5	54.6
HiC_scaffold_317	1	14567	36	3122	21.432	0.366719	35.4	51.6
HiC_scaffold_318	1	14553	21	1928	13.2481	0.213427	36.6	43.2
HiC_scaffold_319	1	14548	93	6040	41.5177	0.916208	35.6	47.7
HiC_scaffold_320	1	14465	69	4114	28.4411	0.691116	35.8	48.1
HiC_scaffold_321	1	14408	100	5777	40.0958	1.00694	35.7	45.9
HiC_scaffold_322	1	14386	12	1720	11.9561	0.125052	35.7	44.8
HiC_scaffold_323	1	14298	78	3845	26.8919	0.60512	35.1	44.2
HiC_scaffold_324	1	14091	139	6390	45.3481	1.40288	35.7	51.6
HiC_scaffold_325	1	14000	70	3805	27.1786	0.715071	35.6	47.3
HiC_scaffold_326	1	14000	54	2901	20.7214	0.561929	35.1	45.1
HiC_scaffold_327	1	13966	61	5136	36.775	0.640198	35.6	45.1
HiC_scaffold_328	1	13312	204	11512	86.4784	2.22333	35.2	60
HiC_scaffold_329	1	13309	99	6381	47.945	1.07476	35.6	50.1
HiC_scaffold_330	1	13245	76	6533	49.3243	0.833824	35.9	53.2
HiC_scaffold_331	1	13138	158	10749	81.8161	1.75027	35.6	59.3
HiC_scaffold_333	1	13000	44	2807	21.5923	0.468923	35.6	49.1
HiC_scaffold_334	1	13000	47	3238	24.9077	0.524615	35.7	52.6
HiC_scaffold_335	1	13000	65	2917	22.4385	0.694538	35.2	53.7
HiC_scaffold_336	1	12527	307	4912	39.2113	3.55903	35.4	41.4
HiC_scaffold_337	1	12325	28	2492	20.2191	0.329574	35.9	45.4
HiC_scaffold_338	1	12210	7	891	7.2973	0.0769042	36.3	48.3
HiC_scaffold_339	1	12140	92	7558	62.257	1.10667	35.5	57
HiC_scaffold_340	1	12103	97	3266	26.985	1.16574	35.3	46.5
HiC_scaffold_341	1	11792	8	643	5.45285	0.0898066	35.8	55
HiC_scaffold_342	1	11769	94	1730	14.6996	1.17113	36.1	41.9
HiC_scaffold_343	1	11768	78	4923	41.8338	0.948504	35.7	54.3
HiC_scaffold_344	1	11552	92	6906	59.7819	1.15192	35.6	56.7
HiC_scaffold_345	1	11294	16	1481	13.1132	0.19444	36	51.3
HiC_scaffold_346	1	11220	119	7707	68.6898	1.5557	35.6	58.7
HiC_scaffold_347	1	11009	1034	6028	54.7552	13.3211	35	42.7
HiC_scaffold_348	1	11007	49	4391	39.8928	0.647588	35.3	53.1
HiC_scaffold_349	1	11000	88	6569	59.7182	1.15891	35.2	54.5
HiC_scaffold_350	1	10932	50	2706	24.753	0.652122	36.1	45.1
HiC_scaffold_351	1	10903	91	5389	49.4268	1.21829	35.5	58
HiC_scaffold_352	1	10862	135	8956	82.4526	1.76837	35.6	57.9
HiC_scaffold_353	1	10825	35	3124	28.8591	0.476028	34.9	51.6
HiC_scaffold_354	1	10780	109	7077	65.6494	1.47542	35.5	55.8
HiC_scaffold_355	1	10606	16	964	9.08919	0.226287	35.4	58.9
HiC_scaffold_356	1	10316	9	779	7.55138	0.107988	36.4	53.8
HiC_scaffold_357	1	10313	84	6628	64.2684	1.19946	35.9	55.8
HiC_scaffold_358	1	10116	34	2217	21.9158	0.482206	35.6	47.4
HiC_scaffold_359	1	9728	1006	3547	36.4618	13.9102	35.1	42.6
HiC_scaffold_360	1	9582	35	2751	28.7101	0.53684	35.3	50.8
HiC_scaffold_361	1	9577	52	4592	47.9482	0.807351	36.1	50
HiC_scaffold_362	1	9324	35	2931	31.435	0.561669	35	43.1
HiC_scaffold_363	1	9309	107	7334	78.784	1.66645	35.9	59.8
HiC_scaffold_364	1	9000	20	1108	12.3111	0.298111	35.9	56.5
HiC_scaffold_365	1	8972	23	1653	18.424	0.343067	36.3	54.3
HiC_scaffold_366	1	8717	11	355	4.0725	0.125731	35.9	54.4
HiC_scaffold_367	1	8598	56	2552	29.6813	0.753664	34.8	51
HiC_scaffold_368	1	8517	8	651	7.64354	0.125866	36.1	55
HiC_scaffold_369	1	8159	25	2404	29.4644	0.455693	35.2	53.4
HiC_scaffold_370	1	8000	28	715	8.9375	0.46025	34.9	39.8
HiC_scaffold_371	1	7755	32	2895	37.3308	0.614184	36	47.8
HiC_scaffold_372	1	7349	10	715	9.72921	0.137162	35	60
HiC_scaffold_373	1	7312	41	3441	47.0596	0.815646	35.9	52
HiC_scaffold_374	1	7226	16	1911	26.4462	0.326183	35.9	56.6
HiC_scaffold_375	1	7101	16	1234	17.3778	0.29686	35.5	53.5
HiC_scaffold_376	1	7000	107	3846	54.9429	2.12957	35.1	41.2
HiC_scaffold_377	1	7000	50	3750	53.5714	1.06414	35.3	54.4
HiC_scaffold_378	1	7000	55	1730	24.7143	1.14614	35.9	41.6
HiC_scaffold_379	1	6605	114	2768	41.9076	2.38153	34.7	47.4
HiC_scaffold_380	1	6537	53	4076	62.3528	1.17883	35.5	55.8
HiC_scaffold_381	1	6484	43	3318	51.1721	0.969463	35.8	59.9
HiC_scaffold_382	1	6459	51	3200	49.5433	1.16473	36	53
HiC_scaffold_383	1	6245	17	1428	22.8663	0.406725	35.8	52.2
HiC_scaffold_384	1	6125	37	3393	55.3959	0.885224	36.1	50.5
HiC_scaffold_385	1	6000	47	3645	60.75	1.1635	35.5	54.1
HiC_scaffold_386	1	6000	32	1786	29.7667	0.7535	35.5	57
HiC_scaffold_387	1	6000	57	4474	74.5667	1.40233	34.9	51.9
HiC_scaffold_388	1	5993	16	1766	29.4677	0.395128	35.5	42.4
HiC_scaffold_389	1	5821	20	2125	36.5058	0.50146	35.2	49.8
HiC_scaffold_390	1	5673	23	2628	46.3247	0.605676	36	46.7
HiC_scaffold_391	1	5000	14	927	18.54	0.349	35.1	60
HiC_scaffold_392	1	5000	23	1597	31.94	0.6892	36	56.8
HiC_scaffold_393	1	4994	2782	4173	83.5603	75.029	35.2	47.4
HiC_scaffold_394	1	4893	58	3724	76.1087	1.73043	35.5	49.3
HiC_scaffold_395	1	4891	29	2236	45.7166	0.849928	35.3	59.1
HiC_scaffold_396	1	4877	18	1799	36.8874	0.551979	35.7	47.2
HiC_scaffold_397	1	4000	19	1221	30.525	0.70125	35.5	43.4
HiC_scaffold_398	1	4000	54	3098	77.45	1.95925	35.5	57.4
HiC_scaffold_399	1	4000	14	1534	38.35	0.5025	35.5	48.8
HiC_scaffold_400	1	4000	268	1127	28.175	8.8965	35.3	46.2
HiC_scaffold_401	1	3971	50	3365	84.7394	1.81667	36	59.2
HiC_scaffold_402	1	3919	7	666	16.9941	0.245471	35.6	54.3
HiC_scaffold_403	1	3281	32	2193	66.8394	1.40841	35.5	58.7
HiC_scaffold_405	1	3259	29	2061	63.2403	1.16631	35.5	60
HiC_scaffold_406	1	3042	10	868	28.5339	0.493097	36.4	46
HiC_scaffold_407	1	3035	34	1840	60.626	1.39176	35.5	59.6
HiC_scaffold_408	1	3003	10	862	28.7046	0.427572	35.3	38.7
HiC_scaffold_409	1	3003	26	2112	70.3297	1.28472	35.4	47.2
HiC_scaffold_410	1	3000	40	2189	72.9667	1.97433	35.7	57.5
HiC_scaffold_411	1	3000	75	1921	64.0333	3.59033	35.9	47.4
HiC_scaffold_412	1	3000	39	2553	85.1	1.75633	35.9	58.3
HiC_scaffold_413	1	3000	35	2473	82.4333	1.574	35.7	58.7
HiC_scaffold_414	1	3000	18	1911	63.7	0.894333	35.3	55.1
HiC_scaffold_415	1	2897	25	2087	72.04	1.2834	34.8	51.9
HiC_scaffold_416	1	2563	67	1512	58.9934	2.87905	35.6	49.3
HiC_scaffold_417	1	2259	41	1959	86.7198	2.65516	35.2	60
HiC_scaffold_418	1	2125	14	1288	60.6118	0.929882	35.6	57
HiC_scaffold_419	1	2021	19	1441	71.3013	1.22365	36.5	59.6
HiC_scaffold_420	1	2000	35	1813	90.65	2.287	35.9	60
HiC_scaffold_421	1	2000	13	897	44.85	0.8615	35.8	50.8
HiC_scaffold_422	1	2000	28	1212	60.6	1.7325	34.6	59.6
HiC_scaffold_423	1	1676	5	696	41.5274	0.445107	35.3	53.2
HiC_scaffold_424	1	1484	8	753	50.7412	0.807278	31.1	46.5
HiC_scaffold_425	1	1447	10	918	63.4416	1.03663	35.3	51.2
HiC_scaffold_426	1	1382	8	826	59.7685	0.849493	34.7	60
HiC_scaffold_427	1	1353	25	1054	77.901	2.54841	35.2	60
HiC_scaffold_429	1	1175	8	814	69.2766	1.01872	36.5	60
HiC_scaffold_430	1	1138	16	655	57.5571	1.39192	36.1	56.9
HiC_scaffold_431	1	1108	7	693	62.5451	0.92148	36.2	60
HiC_scaffold_432	1	1097	18	1071	97.6299	2.41112	35.3	59.4
HiC_scaffold_433	1	1005	57	596	59.3035	7.599	35.2	45.7
HiC_scaffold_434	1	1000	13	807	80.7	1.862	36	60
HiC_scaffold_435	1	1000	14	865	86.5	1.917	35.8	60
HiC_scaffold_436	1	1000	3	146	14.6	0.207	36.8	56.7
HiC_scaffold_437	1	1000	9	825	82.5	1.316	35.3	60
HiC_scaffold_438	1	1000	13	880	88	1.526	36.3	60
HiC_scaffold_439	1	1000	15	721	72.1	2.246	34.9	60
HiC_scaffold_440	1	1000	20	880	88	2.235	35.8	60
HiC_scaffold_441	1	1000	10	682	68.2	1.325	35.7	60
HiC_scaffold_442	1	1000	15	836	83.6	2.051	36.1	60
HiC_scaffold_443	1	1000	12	859	85.9	1.51	35.4	58.4
HiC_scaffold_444	1	1000	11	651	65.1	1.537	35.5	58.2
HiC_scaffold_445	1	1000	19	930	93	2.511	36.4	60
HiC_scaffold_446	1	1000	27	662	66.2	3.888	35.5	38.4
HiC_scaffold_447	1	1000	7	610	61	0.941	35.9	59.3
HiC_scaffold_448	1	1000	16	839	83.9	1.831	36	49.1
HiC_scaffold_449	1	1000	6	521	52.1	0.9	36.7	60
HiC_scaffold_450	1	1000	6	541	54.1	0.878	36.4	53.7
HiC_scaffold_451	1	1000	8	834	83.4	1.19	36.6	51.1
HiC_scaffold_452	1	1000	16	969	96.9	2.351	34	58.8
HiC_scaffold_453	1	1000	86	696	69.6	11.095	35.3	44
mitochondria	1	17813	36990	17507	98.2822	295.507	35.5	59.4
HiC_scaffold_219	1	22812	0	0	0	0	0	0
HiC_scaffold_332	1	13083	0	0	0	0	0	0
HiC_scaffold_404	1	3264	0	0	0	0	0	0
HiC_scaffold_428	1	1184	0	0	0	0	0	0
HiC_scaffold_454	1	2000	0	0	0	0	0	0
