#rname	startpos	endpos	numreads	covbases	coverage	meandepth	meanbaseq	meanmapq
HiC_scaffold_1	1	75050035	924522	58589042	78.0666	1.79637	35.5	59.1
HiC_scaffold_2	1	56816963	698167	44259693	77.8987	1.79046	35.5	59.2
HiC_scaffold_3	1	109611085	1299617	83281644	75.9792	1.72965	35.5	58.8
HiC_scaffold_4	1	81599725	991146	63006250	77.2138	1.77066	35.5	59.1
HiC_scaffold_5	1	72353455	897252	56796588	78.4988	1.80838	35.5	59.3
HiC_scaffold_6	1	67692486	841378	52940360	78.2071	1.81157	35.5	59.2
HiC_scaffold_7	1	59159807	725296	45844928	77.4934	1.78598	35.5	59.1
HiC_scaffold_8	1	13479537	86251	7622310	56.5473	0.936513	35.5	59.5
HiC_scaffold_9	1	58964884	732609	46085563	78.1576	1.8102	35.5	59.1
HiC_scaffold_10	1	36732878	448736	28290905	77.0179	1.77839	35.5	59
HiC_scaffold_11	1	27384	231	6069	22.1626	1.23645	35.5	44.1
HiC_scaffold_12	1	33592	2560	7720	22.9817	10.2658	35.2	46.6
HiC_scaffold_13	1	184337	8003	145384	78.8686	6.07279	35.5	51.6
HiC_scaffold_14	1	85992	3283	50678	58.9334	5.29993	35	45.2
HiC_scaffold_15	1	87022	1382	31800	36.5425	2.19425	35.1	46.2
HiC_scaffold_16	1	89609	2973	11959	13.3458	3.58388	35.6	50.4
HiC_scaffold_17	1	164154	2538	54862	33.4211	2.23543	35.4	52.4
HiC_scaffold_18	1	104921	125	9990	9.52145	0.172882	35.5	45.6
HiC_scaffold_19	1	103720	481	32803	31.6265	0.66478	35.4	47.2
HiC_scaffold_20	1	90353	590	31086	34.4051	0.933727	35.2	48.5
HiC_scaffold_21	1	85252	375	25481	29.889	0.633229	34.9	46.8
HiC_scaffold_22	1	80500	473	22206	27.5851	0.870298	35.5	47
HiC_scaffold_23	1	75743	370	22130	29.2172	0.718984	35.4	54.2
HiC_scaffold_24	1	75592	1664	19529	25.8347	3.1161	35.3	43
HiC_scaffold_25	1	72691	1570	36288	49.9209	3.08972	35.4	53.8
HiC_scaffold_26	1	71458	720	37102	51.9214	1.4597	35.6	48.9
HiC_scaffold_27	1	70045	3225	53527	76.418	6.57213	35.3	53.4
HiC_scaffold_28	1	68558	191	7695	11.2241	0.364246	35	53.6
HiC_scaffold_29	1	68222	1013	20701	30.3436	2.20124	35.5	45.6
HiC_scaffold_30	1	67017	845	37345	55.7247	1.84067	35.4	46.3
HiC_scaffold_31	1	65972	91	9457	14.3349	0.204647	35.6	46.2
HiC_scaffold_32	1	64000	697	34817	54.4016	1.50855	35.6	51
HiC_scaffold_33	1	62684	626	20470	32.6559	1.27517	35.4	43.1
HiC_scaffold_34	1	60035	514	32174	53.5921	1.17153	35.7	55
HiC_scaffold_35	1	59483	154	15646	26.3033	0.377738	35.3	49.6
HiC_scaffold_36	1	58601	1619	7128	12.1636	4.04589	35.2	50.2
HiC_scaffold_37	1	57907	184	11053	19.0875	0.441691	35.6	48.7
HiC_scaffold_38	1	57623	271	2760	4.78975	0.644829	35.1	38.3
HiC_scaffold_39	1	56881	652	18222	32.0353	1.3207	35.3	48.9
HiC_scaffold_40	1	56115	579	11420	20.3511	1.32161	35.6	39.8
HiC_scaffold_41	1	55753	806	21607	38.7549	2.0749	35.3	42.5
HiC_scaffold_42	1	55361	106	4697	8.48431	0.27859	35	49.6
HiC_scaffold_43	1	55333	757	11530	20.8375	1.95046	35.1	39.1
HiC_scaffold_44	1	54697	2251	50455	92.2445	6.06362	35.6	55.2
HiC_scaffold_45	1	54079	70	3554	6.57187	0.152018	35.6	48.4
HiC_scaffold_46	1	53000	244	7874	14.8566	0.673566	35.2	41.3
HiC_scaffold_47	1	52728	2011	18494	35.0743	5.38408	35	47.2
HiC_scaffold_48	1	52696	312	23747	45.0641	0.866366	35.7	52.4
HiC_scaffold_49	1	52574	133	5431	10.3302	0.373854	35.2	38.5
HiC_scaffold_50	1	52452	25	928	1.76924	0.0425913	36.3	54.7
HiC_scaffold_51	1	52291	204	5174	9.89463	0.500679	35.1	45.1
HiC_scaffold_52	1	50660	433	28917	57.0805	1.25245	35.5	56.5
HiC_scaffold_53	1	50444	1778	32746	64.9155	5.17663	35.5	56.4
HiC_scaffold_54	1	50000	648	41462	82.924	1.8849	35.6	59.8
HiC_scaffold_55	1	49402	91	5667	11.4712	0.268633	35.3	44.8
HiC_scaffold_56	1	48994	271	7187	14.6691	0.74752	35.5	41.2
HiC_scaffold_57	1	48961	76	5640	11.5194	0.228774	35.4	45.4
HiC_scaffold_58	1	48913	462	31168	63.7213	1.38994	35.7	52.2
HiC_scaffold_59	1	48516	462	14545	29.9798	1.4124	35.6	48.8
HiC_scaffold_60	1	48449	369	27155	56.0486	1.13152	35.5	51.9
HiC_scaffold_61	1	48102	182	10531	21.8931	0.549083	35.6	49.2
HiC_scaffold_62	1	47095	401	28422	60.3504	1.25493	35.7	56.7
HiC_scaffold_63	1	45946	631	27132	59.0519	2.03317	35.3	52
HiC_scaffold_64	1	45702	137	4975	10.8857	0.406153	35.5	47
HiC_scaffold_65	1	45164	424	11744	26.003	1.30786	35.1	43.2
HiC_scaffold_66	1	45000	1444	9187	20.4156	4.52813	35.3	48.2
HiC_scaffold_67	1	44932	695	9468	21.0718	1.94347	35.3	40.2
HiC_scaffold_68	1	44535	49	5132	11.5235	0.16295	36.1	46.6
HiC_scaffold_69	1	43359	208	10740	24.7699	0.687262	35.4	45.2
HiC_scaffold_70	1	43000	304	8101	18.8395	0.939209	35.3	42.2
HiC_scaffold_71	1	42000	419	15731	37.4548	1.29893	35.3	47.3
HiC_scaffold_72	1	41780	38	2251	5.38775	0.131163	34.9	42
HiC_scaffold_73	1	41131	64	4314	10.4884	0.224186	34.7	47
HiC_scaffold_74	1	41000	152	11316	27.6	0.546024	35.5	56.8
HiC_scaffold_75	1	40673	165	4975	12.2317	0.594055	35.7	38.1
HiC_scaffold_76	1	40021	242	5710	14.2675	0.809975	35.2	40.6
HiC_scaffold_77	1	40000	62	4629	11.5725	0.2236	36.1	50.2
HiC_scaffold_78	1	39995	193	18009	45.0281	0.709364	35.8	52.9
HiC_scaffold_79	1	39987	34	3307	8.27019	0.126666	35.4	45.1
HiC_scaffold_80	1	39907	65	4636	11.617	0.237452	35.5	52.8
HiC_scaffold_81	1	39785	537	7635	19.1906	1.67568	35.5	44.3
HiC_scaffold_82	1	39714	1598	11498	28.952	5.59103	35.2	43.8
HiC_scaffold_83	1	39603	164	12127	30.6214	0.614297	35.8	53.8
HiC_scaffold_84	1	39032	1301	26791	68.6386	4.7149	35.3	50.2
HiC_scaffold_85	1	38821	387	9210	23.7243	1.43288	35.3	44.7
HiC_scaffold_86	1	38551	297	4188	10.8635	0.958912	35	46.6
HiC_scaffold_87	1	38336	160	6886	17.9622	0.613418	35.1	44.4
HiC_scaffold_88	1	38081	249	7395	19.4191	0.937265	35.1	56.2
HiC_scaffold_89	1	37423	165	2023	5.40577	0.600326	35.1	45.1
HiC_scaffold_90	1	37049	559	9720	26.2355	2.2345	35.5	42.6
HiC_scaffold_91	1	37000	507	30736	83.0703	1.99522	35.5	60
HiC_scaffold_92	1	36719	67	3729	10.1555	0.272284	36	55
HiC_scaffold_93	1	36624	354	6884	18.7964	1.31717	35.6	40.6
HiC_scaffold_94	1	36550	167	4719	12.9111	0.670971	35.7	43.7
HiC_scaffold_95	1	35915	803	17353	48.3169	3.15127	35	43.8
HiC_scaffold_96	1	35569	493	11753	33.0428	2.04167	35.5	45
HiC_scaffold_97	1	35569	73	5814	16.3457	0.304113	35.8	44
HiC_scaffold_98	1	35521	228	5423	15.267	0.695504	35.4	49
HiC_scaffold_99	1	35305	1148	25945	73.4882	4.31089	35.4	58.3
HiC_scaffold_100	1	35285	371	25483	72.2205	1.54114	35.4	57.5
HiC_scaffold_101	1	35090	211	9214	26.2582	0.742092	34.7	49.1
HiC_scaffold_102	1	34736	22	2504	7.20866	0.0948008	35.6	48.6
HiC_scaffold_103	1	34662	791	16914	48.797	3.17552	35.4	42.2
HiC_scaffold_104	1	34539	161	11901	34.4567	0.682764	35.2	51.5
HiC_scaffold_105	1	34367	72	4710	13.705	0.298106	35	49.4
HiC_scaffold_106	1	34092	16	995	2.91857	0.0641206	35.7	49.2
HiC_scaffold_107	1	34034	1025	30015	88.1912	4.30082	35.4	58.3
HiC_scaffold_108	1	34000	192	4936	14.5176	0.842706	35.5	40
HiC_scaffold_109	1	33013	321	11614	35.1801	1.3226	34.6	42.2
HiC_scaffold_110	1	32894	32	2384	7.24752	0.134645	35.5	51.9
HiC_scaffold_111	1	32703	86	7424	22.7013	0.388252	35.6	47.9
HiC_scaffold_112	1	32055	187	10269	32.0356	0.853408	35.3	52.3
HiC_scaffold_113	1	31996	243	4066	12.7078	0.807757	35.5	42.4
HiC_scaffold_114	1	31869	230	7461	23.4115	0.898742	35.6	49.9
HiC_scaffold_115	1	31497	222	7653	24.2976	1.01797	35.6	41.7
HiC_scaffold_116	1	31452	221	15356	48.8236	1.02509	35.8	55.2
HiC_scaffold_117	1	31435	153	14134	44.9626	0.71888	35.6	48.3
HiC_scaffold_118	1	31168	264	16065	51.5432	1.2158	35.2	57
HiC_scaffold_119	1	31094	46	3549	11.4138	0.221779	36	46.7
HiC_scaffold_120	1	31000	129	8190	26.4194	0.604935	35.8	48
HiC_scaffold_121	1	30892	55	3023	9.78571	0.264696	35.6	46.7
HiC_scaffold_122	1	30671	431	7502	24.4596	2.09599	35.5	38.6
HiC_scaffold_123	1	30159	403	24864	82.4431	1.95434	35.4	59.9
HiC_scaffold_124	1	30112	16	1910	6.34299	0.0789386	35.7	41.9
HiC_scaffold_125	1	30000	151	4051	13.5033	0.749267	35.2	39
HiC_scaffold_126	1	30000	34	2168	7.22667	0.1661	35.4	46.7
HiC_scaffold_127	1	29632	390	5358	18.0818	1.77811	35.2	43.9
HiC_scaffold_128	1	29216	75	7446	25.486	0.381058	35.4	50.3
HiC_scaffold_129	1	29000	49	2880	9.93103	0.229517	35.4	52.6
HiC_scaffold_130	1	28743	10	1110	3.86181	0.0510037	35.8	52.5
HiC_scaffold_131	1	28267	746	10295	36.4206	3.91471	35.6	40
HiC_scaffold_132	1	28006	499	7479	26.705	2.63551	35.4	40.1
HiC_scaffold_133	1	27859	129	10306	36.9934	0.679888	35.6	55.7
HiC_scaffold_134	1	27837	393	21420	76.9479	1.99314	35.3	59.7
HiC_scaffold_135	1	27503	153	6475	23.5429	0.820492	35.5	41.6
HiC_scaffold_136	1	27405	352	23062	84.1525	1.86371	35.4	60
HiC_scaffold_137	1	27128	11	1321	4.86951	0.0606016	36.1	43.4
HiC_scaffold_138	1	27000	129	10017	37.1	0.706296	35.8	51.6
HiC_scaffold_139	1	26958	61	3563	13.2169	0.326619	35.2	50.2
HiC_scaffold_140	1	26822	45	2511	9.36172	0.235366	35.3	42.1
HiC_scaffold_141	1	26714	429	9515	35.618	2.22486	35.5	44.2
HiC_scaffold_142	1	26597	245	11920	44.8171	1.25988	34.9	46.2
HiC_scaffold_143	1	26526	62	2667	10.0543	0.294013	35	55.1
HiC_scaffold_144	1	26403	265	4720	17.8768	1.49453	35.5	41.2
HiC_scaffold_145	1	26321	513	13638	51.8141	2.87079	35.3	42.8
HiC_scaffold_146	1	26302	135	3006	11.4288	0.664778	35.3	39.9
HiC_scaffold_147	1	26228	91	4913	18.7319	0.514526	35.3	56
HiC_scaffold_148	1	26220	401	6077	23.177	2.27887	35.5	39
HiC_scaffold_149	1	26169	72	6040	23.0807	0.407581	35.4	52.5
HiC_scaffold_150	1	26140	370	21647	82.8118	2.07601	35.5	59.9
HiC_scaffold_151	1	25970	121	5965	22.9688	0.688025	35.8	38.1
HiC_scaffold_152	1	25914	82	3744	14.4478	0.426912	35.7	43.9
HiC_scaffold_153	1	25756	29	3204	12.4398	0.168271	35.3	46.6
HiC_scaffold_154	1	25701	106	7585	29.5125	0.603906	35.6	53.5
HiC_scaffold_155	1	25484	411	10917	42.8386	2.34237	35.1	42.9
HiC_scaffold_156	1	25347	1487	13985	55.1742	8.09027	35	44.8
HiC_scaffold_157	1	25300	158	7896	31.2095	0.929289	35.2	46.5
HiC_scaffold_158	1	25137	467	10053	39.9928	2.68405	35.2	40.2
HiC_scaffold_159	1	25068	46	1999	7.97431	0.270943	34.9	48.5
HiC_scaffold_160	1	25021	221	14585	58.291	1.26558	35.3	56.5
HiC_scaffold_161	1	25021	17	2039	8.14915	0.101515	35.1	50.6
HiC_scaffold_162	1	25013	647	1828	7.3082	3.08316	35.3	43
HiC_scaffold_163	1	25000	10	606	2.424	0.0584	35.8	34.6
HiC_scaffold_164	1	25000	22	906	3.624	0.13192	35.1	35.3
HiC_scaffold_165	1	25000	18	908	3.632	0.10676	34.6	39.7
HiC_scaffold_166	1	25000	145	3341	13.364	0.8368	35.1	37.3
HiC_scaffold_167	1	25000	297	18308	73.232	1.70492	35.4	59
HiC_scaffold_168	1	25000	359	20313	81.252	2.06708	35.7	59.9
HiC_scaffold_169	1	25000	339	20364	81.456	1.99708	35.4	59.7
HiC_scaffold_170	1	25000	374	21762	87.048	2.18868	35.6	59.6
HiC_scaffold_171	1	25000	352	21328	85.312	2.06892	35.7	60
HiC_scaffold_172	1	25000	393	22394	89.576	2.30892	35.5	59.9
HiC_scaffold_173	1	25000	360	21032	84.128	2.07516	35.4	59.7
HiC_scaffold_174	1	25000	317	19739	78.956	1.81936	35.3	59.9
HiC_scaffold_175	1	25000	366	21875	87.5	2.1368	35.3	60
HiC_scaffold_176	1	25000	344	20168	80.672	2.01592	35.7	59.2
HiC_scaffold_177	1	25000	395	21294	85.176	2.24056	35.3	59.4
HiC_scaffold_178	1	25000	279	18520	74.08	1.6152	35.4	59.5
HiC_scaffold_179	1	25000	327	21075	84.3	1.93116	35.3	59.9
HiC_scaffold_180	1	25000	260	14970	59.88	1.48172	35.6	57.4
HiC_scaffold_181	1	25000	338	20927	83.708	2.00244	35.5	60
HiC_scaffold_182	1	25000	357	20590	82.36	2.06692	35.7	59.9
HiC_scaffold_183	1	25000	159	4114	16.456	0.93636	35.7	43.7
HiC_scaffold_184	1	25000	326	20176	80.704	1.87216	35.4	59.9
HiC_scaffold_185	1	25000	682	24127	96.508	3.97024	35.5	59.8
HiC_scaffold_186	1	25000	298	20209	80.836	1.74532	35.3	60
HiC_scaffold_187	1	25000	17	1505	6.02	0.10132	36.3	55.3
HiC_scaffold_188	1	24887	98	3248	13.051	0.544622	35.1	44.2
HiC_scaffold_189	1	24881	654	15910	63.9444	3.15289	35.4	43
HiC_scaffold_190	1	24860	157	12498	50.2735	0.933628	35.5	56.6
HiC_scaffold_191	1	24785	125	10397	41.9488	0.736534	35.7	48.6
HiC_scaffold_192	1	24606	20	1216	4.94188	0.116963	35.8	41.8
HiC_scaffold_193	1	24582	129	2759	11.2237	0.763201	35.1	46.4
HiC_scaffold_194	1	24552	775	15132	61.6325	4.35859	35.2	46.8
HiC_scaffold_195	1	24515	122	7969	32.5066	0.72988	35.8	54.5
HiC_scaffold_196	1	24429	129	5818	23.816	0.694339	35.4	53.7
HiC_scaffold_197	1	24404	76	5127	21.0089	0.459146	35.6	56.4
HiC_scaffold_198	1	24065	209	15492	64.3756	1.2839	35.7	55.1
HiC_scaffold_199	1	24034	66	5692	23.6831	0.409295	35.5	49.5
HiC_scaffold_200	1	24000	25	1125	4.6875	0.13625	35.7	49.4
HiC_scaffold_201	1	24000	1058	5248	21.8667	6.54829	35.5	46
HiC_scaffold_202	1	23940	293	4654	19.4403	1.7353	35.2	38.9
HiC_scaffold_203	1	23878	42	1715	7.18234	0.260491	35.6	37.3
HiC_scaffold_204	1	23813	65	5851	24.5706	0.403981	35.9	53.4
HiC_scaffold_205	1	23764	60	4729	19.8998	0.373801	35.9	56.8
HiC_scaffold_206	1	23660	10	1358	5.73964	0.0627219	35.2	41.9
HiC_scaffold_207	1	23581	238	17090	72.4736	1.47822	35.6	54.7
HiC_scaffold_208	1	23490	68	2879	12.2563	0.431418	35.9	37.9
HiC_scaffold_209	1	23453	129	10087	43.0094	0.803223	35.7	55.4
HiC_scaffold_210	1	23041	59	3842	16.6746	0.371034	35.3	56.7
HiC_scaffold_211	1	23000	512	3552	15.4435	3.32091	35.6	38.8
HiC_scaffold_212	1	23000	139	9814	42.6696	0.887913	35.7	47.6
HiC_scaffold_213	1	23000	40	3192	13.8783	0.252609	34.3	49.9
HiC_scaffold_214	1	23000	100	4770	20.7391	0.633087	35.7	40.8
HiC_scaffold_215	1	23000	77	4666	20.287	0.476348	35.9	56.3
HiC_scaffold_216	1	22979	5	749	3.2595	0.032595	35.9	36.4
HiC_scaffold_217	1	22964	135	4456	19.4043	0.874848	35.7	41.7
HiC_scaffold_218	1	22956	84	7814	34.039	0.535372	35.6	50
HiC_scaffold_220	1	22604	126	10392	45.9742	0.824367	35.5	52.5
HiC_scaffold_221	1	22426	20	1715	7.64737	0.133417	35.5	56.3
HiC_scaffold_222	1	22303	351	11932	53.4995	2.32686	35.5	47.6
HiC_scaffold_223	1	22199	74	4463	20.1045	0.468129	35.8	48.7
HiC_scaffold_224	1	22128	7	885	3.99946	0.0456887	34.8	52.4
HiC_scaffold_225	1	22127	10	1183	5.34641	0.0676097	36.1	42.9
HiC_scaffold_226	1	21688	158	6321	29.1451	1.07912	35.7	47.5
HiC_scaffold_227	1	21648	254	8601	39.7312	1.64149	35.5	55.9
HiC_scaffold_228	1	21608	292	11666	53.9893	1.7966	35.5	51.7
HiC_scaffold_229	1	21598	18	715	3.31049	0.125012	35.7	35.6
HiC_scaffold_230	1	21510	21	1515	7.04324	0.128219	36.1	51.7
HiC_scaffold_231	1	21437	37	3129	14.5963	0.256193	34.7	45.8
HiC_scaffold_232	1	21282	130	10395	48.8441	0.906353	35.6	48.5
HiC_scaffold_233	1	20959	135	4862	23.1977	0.854478	35	41.5
HiC_scaffold_234	1	20824	36	1596	7.66423	0.25389	34.7	52.3
HiC_scaffold_235	1	20622	57	4534	21.9862	0.410096	35.4	55.2
HiC_scaffold_236	1	20377	33	3312	16.2536	0.238455	35.6	48
HiC_scaffold_237	1	20369	88	7732	37.9596	0.642791	35.4	49.4
HiC_scaffold_238	1	20340	32	2432	11.9567	0.22763	35.3	51.5
HiC_scaffold_239	1	20281	45	2011	9.91568	0.310981	34.8	45.1
HiC_scaffold_240	1	20166	22	2072	10.2747	0.160171	35.5	48
HiC_scaffold_241	1	20140	199	8645	42.9245	1.39086	35.3	50.6
HiC_scaffold_242	1	20135	314	16509	81.9916	2.2215	35.5	59.8
HiC_scaffold_243	1	20122	26	1850	9.19392	0.19347	34.9	53.8
HiC_scaffold_244	1	20044	50	2099	10.472	0.352874	35.4	42.6
HiC_scaffold_245	1	20021	36	1923	9.60491	0.229659	35.5	59.3
HiC_scaffold_246	1	20000	52	2246	11.23	0.3701	35.6	53.4
HiC_scaffold_247	1	20000	36	2815	14.075	0.25185	35	53.1
HiC_scaffold_248	1	19739	585	9105	46.127	4.33229	35.5	42.7
HiC_scaffold_249	1	19737	7	845	4.2813	0.0530982	33.1	46.9
HiC_scaffold_250	1	19724	15	1168	5.92172	0.110272	35.3	54.4
HiC_scaffold_251	1	19667	28	2178	11.0744	0.205166	34.3	39.5
HiC_scaffold_252	1	19649	52	4942	25.1514	0.392234	35.5	48.9
HiC_scaffold_253	1	19394	30	3528	18.1912	0.229916	35.7	47.1
HiC_scaffold_254	1	19304	47	3123	16.178	0.339204	35.4	51.7
HiC_scaffold_255	1	19231	24	2493	12.9634	0.182674	36	44.8
HiC_scaffold_256	1	19176	63	5263	27.4458	0.474864	35.2	50
HiC_scaffold_257	1	19156	1364	6759	35.284	9.89037	35.2	43.4
HiC_scaffold_258	1	19143	72	1280	6.68652	0.474586	35.9	43.7
HiC_scaffold_259	1	19058	32	3775	19.808	0.249292	36	49.5
HiC_scaffold_260	1	19000	169	4871	25.6368	1.31742	35.5	43.4
HiC_scaffold_261	1	18934	20	2192	11.5771	0.158128	35.8	47.9
HiC_scaffold_262	1	18930	1018	9484	50.1004	7.82942	35.4	45.6
HiC_scaffold_263	1	18729	203	12959	69.1922	1.59037	35.6	58.7
HiC_scaffold_264	1	18528	38	2516	13.5794	0.267001	35.9	58.6
HiC_scaffold_265	1	18283	34	2445	13.3731	0.269704	35.3	44.7
HiC_scaffold_266	1	18272	29	669	3.66134	0.156359	35.6	45.7
HiC_scaffold_267	1	18066	24	1967	10.8879	0.19628	35.6	50.2
HiC_scaffold_268	1	18044	29	1285	7.12148	0.216914	35.6	41.1
HiC_scaffold_269	1	18026	52	3799	21.0751	0.422445	35.2	57.2
HiC_scaffold_270	1	18000	196	8325	46.25	1.588	35.4	46.9
HiC_scaffold_271	1	18000	95	6237	34.65	0.772944	35.8	53.8
HiC_scaffold_272	1	18000	119	4301	23.8944	0.954333	35.3	43.5
HiC_scaffold_273	1	17971	572	6560	36.5033	4.71053	35.6	44.8
HiC_scaffold_274	1	17888	28	2113	11.8124	0.217688	34.8	42.6
HiC_scaffold_275	1	17782	33	2892	16.2636	0.268249	35	54.4
HiC_scaffold_276	1	17690	55	5197	29.3782	0.460882	35.5	50.6
HiC_scaffold_277	1	17675	104	4092	23.1513	0.878133	35.4	38.9
HiC_scaffold_278	1	17531	7	240	1.369	0.046375	35.7	57
HiC_scaffold_279	1	17508	340	3078	17.5805	1.68997	35.1	48.8
HiC_scaffold_280	1	17420	65	5524	31.7107	0.541102	35.7	51.8
HiC_scaffold_281	1	17399	30	2375	13.6502	0.24967	34.7	54.6
HiC_scaffold_282	1	17398	49	5305	30.492	0.417289	35.4	54
HiC_scaffold_283	1	17257	1328	7935	45.9813	9.69902	35	51.6
HiC_scaffold_284	1	17224	280	15455	89.7294	2.39538	35.5	53.7
HiC_scaffold_285	1	17131	84	6213	36.2676	0.714202	35.5	50.2
HiC_scaffold_286	1	17073	51	3508	20.5471	0.434311	35.5	54.7
HiC_scaffold_287	1	17000	49	2850	16.7647	0.414588	35.5	46.3
HiC_scaffold_288	1	16908	25	1498	8.85971	0.172877	35.3	54.4
HiC_scaffold_289	1	16758	156	2911	17.3708	1.23207	35.2	43.4
HiC_scaffold_290	1	16602	180	4726	28.4664	1.46892	35.4	42.7
HiC_scaffold_291	1	16449	167	935	5.68424	1.14688	35.2	44.9
HiC_scaffold_292	1	16346	37	2799	17.1235	0.332681	35.2	52
HiC_scaffold_293	1	16263	374	1681	10.3363	3.14044	35.1	43.4
HiC_scaffold_294	1	16061	116	6938	43.1978	1.04041	35.7	50.8
HiC_scaffold_295	1	16000	11	880	5.5	0.098375	34.9	57.4
HiC_scaffold_296	1	16000	95	4644	29.025	0.84025	35.5	51.9
HiC_scaffold_297	1	16000	31	2667	16.6687	0.27925	35.5	53.5
HiC_scaffold_298	1	16000	53	2688	16.8	0.475187	35	42.7
HiC_scaffold_299	1	16000	44	2923	18.2688	0.39025	34.2	48.4
HiC_scaffold_300	1	15603	82	4663	29.8853	0.770493	35.5	47.4
HiC_scaffold_301	1	15565	6	581	3.73273	0.057822	36	56.7
HiC_scaffold_302	1	15554	179	3460	22.2451	1.71326	35.8	39.7
HiC_scaffold_303	1	15467	181	8650	55.9255	1.67311	35.1	49.6
HiC_scaffold_304	1	15433	47	2355	15.2595	0.456295	36	37.9
HiC_scaffold_305	1	15221	47	2603	17.1014	0.455555	34.8	51
HiC_scaffold_306	1	15208	16	958	6.29932	0.157088	35	60
HiC_scaffold_307	1	15128	39	1254	8.28926	0.346113	35.5	52.8
HiC_scaffold_308	1	15037	45	4995	33.2181	0.43639	35.2	52.7
HiC_scaffold_309	1	15027	98	5029	33.4664	0.939043	35.3	49.5
HiC_scaffold_310	1	15014	77	7239	48.215	0.730452	35.3	59.6
HiC_scaffold_311	1	15000	43	4173	27.82	0.428867	36	49.1
HiC_scaffold_312	1	14886	123	9840	66.1024	1.23774	35.8	50.3
HiC_scaffold_313	1	14872	59	2355	15.8351	0.589295	35	41.1
HiC_scaffold_314	1	14743	45	2526	17.1336	0.456284	35.8	57.4
HiC_scaffold_315	1	14719	39	2030	13.7917	0.351586	35.2	49.4
HiC_scaffold_316	1	14619	104	6551	44.8115	0.995896	35.8	52.8
HiC_scaffold_317	1	14567	28	2590	17.7799	0.286126	36	51.9
HiC_scaffold_318	1	14553	21	1750	12.025	0.208273	34.9	45.3
HiC_scaffold_319	1	14548	150	7524	51.7184	1.53258	35.4	47.3
HiC_scaffold_320	1	14465	56	4183	28.9181	0.574352	35.5	48.2
HiC_scaffold_321	1	14408	140	6328	43.92	1.4317	35.6	44.5
HiC_scaffold_322	1	14386	16	1585	11.0177	0.166759	36	47.3
HiC_scaffold_323	1	14298	171	5296	37.0401	1.41698	34.7	47.6
HiC_scaffold_324	1	14091	109	6353	45.0855	1.11213	35.7	53.2
HiC_scaffold_325	1	14000	39	3061	21.8643	0.3885	36	46.5
HiC_scaffold_326	1	14000	48	2872	20.5143	0.502357	35.4	47.7
HiC_scaffold_327	1	13966	99	5569	39.8754	1.0484	36	46.4
HiC_scaffold_328	1	13312	158	10671	80.1608	1.72994	35.5	60
HiC_scaffold_329	1	13309	62	6003	45.1048	0.689759	35.7	49.5
HiC_scaffold_330	1	13245	83	6559	49.5206	0.911816	35.5	54.4
HiC_scaffold_331	1	13138	180	10718	81.5801	1.94893	35.2	59.3
HiC_scaffold_333	1	13000	51	2872	22.0923	0.552538	35.6	51.6
HiC_scaffold_334	1	13000	38	2563	19.7154	0.418615	35.9	54.3
HiC_scaffold_335	1	13000	34	2345	18.0385	0.352308	35.2	50.8
HiC_scaffold_336	1	12527	300	5034	40.1852	3.4622	35.3	41
HiC_scaffold_337	1	12325	26	2499	20.2759	0.316268	35.5	45.1
HiC_scaffold_338	1	12210	30	2212	18.1163	0.352989	35.7	49
HiC_scaffold_339	1	12140	124	8352	68.7974	1.50766	35.3	57.8
HiC_scaffold_340	1	12103	136	3624	29.943	1.67248	34.9	47.8
HiC_scaffold_341	1	11792	11	515	4.36737	0.107785	34.6	56.4
HiC_scaffold_342	1	11769	56	1614	13.714	0.705582	35.6	40.8
HiC_scaffold_343	1	11768	80	5907	50.1954	0.990653	35.3	56
HiC_scaffold_344	1	11552	125	8782	76.0215	1.57271	35.6	57
HiC_scaffold_345	1	11294	49	2406	21.3033	0.616699	35.7	52.3
HiC_scaffold_346	1	11220	94	7764	69.1979	1.21426	35.3	58.1
HiC_scaffold_347	1	11009	1745	7503	68.1533	22.2018	35.1	41.4
HiC_scaffold_348	1	11007	47	3811	34.6234	0.589534	36.3	52.9
HiC_scaffold_349	1	11000	38	3064	27.8545	0.510636	35.2	55.7
HiC_scaffold_350	1	10932	68	2820	25.7958	0.919685	35.8	46.1
HiC_scaffold_351	1	10903	69	5028	46.1157	0.929836	35	58.6
HiC_scaffold_352	1	10862	142	8351	76.8827	1.86688	35.4	58.6
HiC_scaffold_353	1	10825	34	2471	22.8268	0.43261	35.2	51.3
HiC_scaffold_354	1	10780	131	7380	68.4601	1.79842	34.9	54.7
HiC_scaffold_355	1	10606	11	960	9.05148	0.154724	35.5	58.2
HiC_scaffold_356	1	10316	15	671	6.50446	0.178073	36	58
HiC_scaffold_357	1	10313	139	8391	81.3633	1.99728	35.2	56.6
HiC_scaffold_358	1	10116	25	1909	18.8711	0.35864	35.3	46.2
HiC_scaffold_359	1	9728	908	3671	37.7364	12.989	35.3	40.6
HiC_scaffold_360	1	9582	34	2276	23.7529	0.494991	35.7	50.8
HiC_scaffold_361	1	9577	29	2788	29.1114	0.450976	34.6	48
HiC_scaffold_362	1	9324	36	2804	30.0729	0.553196	34.7	48.1
HiC_scaffold_363	1	9309	118	7636	82.0281	1.81813	35.6	59.4
HiC_scaffold_364	1	9000	34	2501	27.7889	0.550778	35.3	45.4
HiC_scaffold_365	1	8972	20	1588	17.6995	0.318101	35.8	52.9
HiC_scaffold_366	1	8717	6	286	3.28095	0.0687163	36.2	60
HiC_scaffold_367	1	8598	31	1872	21.7725	0.435799	32.9	50.3
HiC_scaffold_368	1	8517	23	1722	20.2184	0.369379	35.8	52.2
HiC_scaffold_369	1	8159	36	3397	41.635	0.601054	35.5	51.3
HiC_scaffold_370	1	8000	14	800	10	0.23025	35.8	40.4
HiC_scaffold_371	1	7755	25	2602	33.5525	0.47853	36	52.9
HiC_scaffold_372	1	7349	26	1410	19.1863	0.450265	35.6	57.3
HiC_scaffold_373	1	7312	33	3419	46.7588	0.65878	36.1	49.6
HiC_scaffold_374	1	7226	19	2009	27.8024	0.365486	35.4	55.8
HiC_scaffold_375	1	7101	14	1357	19.11	0.278834	35.6	49.7
HiC_scaffold_376	1	7000	142	3848	54.9714	2.85471	35.4	40.1
HiC_scaffold_377	1	7000	60	4351	62.1571	1.26986	35.6	56.3
HiC_scaffold_378	1	7000	115	2449	34.9857	2.41943	36	41.1
HiC_scaffold_379	1	6605	18	1599	24.2089	0.381226	35.5	54.6
HiC_scaffold_380	1	6537	91	5286	80.8628	2.02555	35.7	57.4
HiC_scaffold_381	1	6484	77	3996	61.6286	1.64328	35.4	60
HiC_scaffold_382	1	6459	34	2484	38.458	0.761573	35.4	52.5
HiC_scaffold_383	1	6245	13	1448	23.1865	0.295436	35.6	50.6
HiC_scaffold_384	1	6125	93	5347	87.298	2.23951	35.4	52.3
HiC_scaffold_385	1	6000	43	3412	56.8667	1.05883	35.8	56
HiC_scaffold_386	1	6000	22	1690	28.1667	0.5155	35.6	57.1
HiC_scaffold_387	1	6000	87	4835	80.5833	2.12933	35.5	49.5
HiC_scaffold_388	1	5993	30	2650	44.2183	0.748206	35.4	45.2
HiC_scaffold_389	1	5821	68	4431	76.1209	1.74334	35.9	52.1
HiC_scaffold_390	1	5673	33	3459	60.973	0.87132	35.6	47.5
HiC_scaffold_391	1	5000	19	1403	28.06	0.5324	36.1	57.9
HiC_scaffold_392	1	5000	18	1635	32.7	0.524	35.3	57.8
HiC_scaffold_393	1	4994	3850	4094	81.9784	105.001	35.2	47.3
HiC_scaffold_394	1	4893	55	4008	81.9129	1.64357	35.4	53
HiC_scaffold_395	1	4891	35	2803	57.3093	0.977305	35.7	59.4
HiC_scaffold_396	1	4877	16	1497	30.6951	0.492106	35.4	43.2
HiC_scaffold_397	1	4000	22	1500	37.5	0.8055	35.5	41.7
HiC_scaffold_398	1	4000	63	3441	86.025	2.24975	35.5	56.7
HiC_scaffold_399	1	4000	17	1432	35.8	0.63375	34.8	49.5
HiC_scaffold_400	1	4000	381	1382	34.55	12.7628	35.1	46.4
HiC_scaffold_401	1	3971	46	3172	79.8791	1.7308	35.7	58.7
HiC_scaffold_402	1	3919	8	833	21.2554	0.285277	34.5	49.5
HiC_scaffold_403	1	3281	19	1722	52.484	0.867723	36.3	56.1
HiC_scaffold_404	1	3264	1	149	4.56495	0.0456495	36.1	53
HiC_scaffold_405	1	3259	56	3008	92.2983	2.30469	35.6	59.8
HiC_scaffold_406	1	3042	14	1382	45.4306	0.680802	35.5	47.2
HiC_scaffold_407	1	3035	32	2256	74.3328	1.49555	34.8	60
HiC_scaffold_408	1	3003	2	300	9.99001	0.0999001	36.9	40.5
HiC_scaffold_409	1	3003	8	942	31.3686	0.397935	35.8	49.2
HiC_scaffold_410	1	3000	35	2510	83.6667	1.72	35.7	56.7
HiC_scaffold_411	1	3000	45	1739	57.9667	2.20167	35.5	46.3
HiC_scaffold_412	1	3000	50	2401	80.0333	2.448	34.9	58.3
HiC_scaffold_413	1	3000	36	2345	78.1667	1.65767	34.8	57.6
HiC_scaffold_414	1	3000	15	1709	56.9667	0.709333	36.2	50.1
HiC_scaffold_415	1	2897	35	2345	80.9458	1.76873	35.1	55
HiC_scaffold_416	1	2563	65	1460	56.9645	3.08818	35.2	47.7
HiC_scaffold_417	1	2259	24	1522	67.3749	1.51881	35.5	60
HiC_scaffold_419	1	2021	40	1890	93.5181	2.8669	35	59.9
HiC_scaffold_420	1	2000	18	1286	64.3	1.2295	35.2	60
HiC_scaffold_421	1	2000	15	1208	60.4	1.099	35.3	49.8
HiC_scaffold_422	1	2000	30	1673	83.65	2.1875	36.5	60
HiC_scaffold_423	1	1676	8	836	49.8807	0.698687	35.5	45.9
HiC_scaffold_424	1	1484	4	310	20.8895	0.253369	36.6	39.5
HiC_scaffold_425	1	1447	13	767	53.0062	1.29095	34.5	60
HiC_scaffold_426	1	1382	21	1288	93.1983	2.1563	36.1	59.2
HiC_scaffold_427	1	1353	16	1221	90.2439	1.41907	35.6	59.1
HiC_scaffold_428	1	1184	4	455	38.4291	0.506757	36.4	47.8
HiC_scaffold_429	1	1175	9	698	59.4043	0.885106	35	60
HiC_scaffold_430	1	1138	24	1138	100	2.72583	35.5	59.5
HiC_scaffold_431	1	1108	26	968	87.3646	3.26444	35	60
HiC_scaffold_432	1	1097	40	1096	99.9088	5.20966	35.6	59.5
HiC_scaffold_433	1	1005	151	593	59.005	21.006	35.7	46.8
HiC_scaffold_434	1	1000	11	728	72.8	1.54	35.1	58.2
HiC_scaffold_435	1	1000	18	847	84.7	2.323	35.3	60
HiC_scaffold_436	1	1000	7	463	46.3	0.777	36.6	57.1
HiC_scaffold_437	1	1000	15	984	98.4	2.005	35.3	59.9
HiC_scaffold_438	1	1000	25	942	94.2	3.523	34.8	59
HiC_scaffold_439	1	1000	16	825	82.5	1.96	35.8	58.3
HiC_scaffold_440	1	1000	16	962	96.2	2.277	36	60
HiC_scaffold_441	1	1000	14	771	77.1	2.051	35.8	60
HiC_scaffold_442	1	1000	11	599	59.9	1.408	35.8	60
HiC_scaffold_443	1	1000	22	999	99.9	2.712	35.9	60
HiC_scaffold_444	1	1000	13	798	79.8	1.782	35.2	59.5
HiC_scaffold_445	1	1000	15	659	65.9	1.964	35.6	60
HiC_scaffold_446	1	1000	8	844	84.4	1.138	35.9	41.2
HiC_scaffold_447	1	1000	18	941	94.1	2.501	35.2	59.6
HiC_scaffold_448	1	1000	14	984	98.4	1.706	35.3	55.8
HiC_scaffold_449	1	1000	22	837	83.7	2.969	36.2	60
HiC_scaffold_450	1	1000	13	806	80.6	1.947	34.7	52.8
HiC_scaffold_451	1	1000	8	550	55	1.198	35.2	49.6
HiC_scaffold_452	1	1000	6	654	65.4	0.836	35.6	60
HiC_scaffold_453	1	1000	43	686	68.6	5.516	35.6	47
mitochondria	1	17813	66138	17688	99.2983	538.422	35.5	59.4
HiC_scaffold_219	1	22812	0	0	0	0	0	0
HiC_scaffold_332	1	13083	0	0	0	0	0	0
HiC_scaffold_418	1	2125	0	0	0	0	0	0
HiC_scaffold_454	1	2000	0	0	0	0	0	0
