#rname	startpos	endpos	numreads	covbases	coverage	meandepth	meanbaseq	meanmapq
HiC_scaffold_1	1	75050035	809039	56141142	74.805	1.57377	35.5	59.1
HiC_scaffold_2	1	56816963	616637	42625337	75.0222	1.58373	35.5	59.2
HiC_scaffold_3	1	109611085	1135620	79800796	72.8036	1.5134	35.5	58.7
HiC_scaffold_4	1	81599725	872027	60535791	74.1863	1.56003	35.5	59.1
HiC_scaffold_5	1	72353455	789717	54550788	75.3949	1.59348	35.5	59.3
HiC_scaffold_6	1	67692486	740149	50812684	75.064	1.59588	35.5	59.2
HiC_scaffold_7	1	59159807	638222	44035632	74.4351	1.57309	35.5	59
HiC_scaffold_8	1	13479537	75451	7105331	52.712	0.820784	35.5	59.4
HiC_scaffold_9	1	58964884	641553	44150573	74.876	1.58661	35.5	59.1
HiC_scaffold_10	1	36732878	397214	27237173	74.1493	1.57558	35.4	59
HiC_scaffold_11	1	27384	182	5186	18.9381	0.981778	35.3	43.9
HiC_scaffold_12	1	33592	1713	8116	24.1605	6.73565	35	45.4
HiC_scaffold_13	1	184337	7231	143842	78.0321	5.48943	35.4	51.5
HiC_scaffold_14	1	85992	3375	50174	58.3473	5.45665	34.8	44.6
HiC_scaffold_15	1	87022	944	26423	30.3636	1.48719	35.1	46
HiC_scaffold_16	1	89609	3461	10626	11.8582	4.1125	35.6	50.8
HiC_scaffold_17	1	164154	2144	51106	31.133	1.88806	35.3	50.5
HiC_scaffold_18	1	104921	151	8950	8.53023	0.210053	35.2	42.1
HiC_scaffold_19	1	103720	499	33281	32.0874	0.690561	35.5	47
HiC_scaffold_20	1	90353	759	32449	35.9136	1.19622	35.2	48.9
HiC_scaffold_21	1	85252	379	24863	29.1641	0.619094	35.6	48.1
HiC_scaffold_22	1	80500	413	20653	25.6559	0.754273	35.4	49.1
HiC_scaffold_23	1	75743	312	21409	28.2653	0.60461	35.6	54
HiC_scaffold_24	1	75592	1145	17418	23.0421	2.15634	35.3	42.8
HiC_scaffold_25	1	72691	2168	37691	51.851	4.28296	35.3	54.3
HiC_scaffold_26	1	71458	701	38983	54.5537	1.42198	35.3	48.4
HiC_scaffold_27	1	70045	3422	55156	78.7437	6.92108	35.3	52.5
HiC_scaffold_28	1	68558	118	6414	9.35558	0.229893	35.2	52.6
HiC_scaffold_29	1	68222	979	20839	30.5459	2.13159	35.4	44.7
HiC_scaffold_30	1	67017	687	35359	52.7612	1.49138	35.1	46
HiC_scaffold_31	1	65972	88	8327	12.622	0.196007	35.5	47
HiC_scaffold_32	1	64000	639	33643	52.5672	1.37963	35.5	50.3
HiC_scaffold_33	1	62684	546	15143	24.1577	1.09345	35.1	41.6
HiC_scaffold_34	1	60035	481	30189	50.2857	1.09255	35.4	56.3
HiC_scaffold_35	1	59483	121	11536	19.3938	0.298674	35.8	51
HiC_scaffold_36	1	58601	760	6226	10.6244	1.87154	35	42.6
HiC_scaffold_37	1	57907	128	10820	18.6851	0.317267	35.3	48.9
HiC_scaffold_38	1	57623	319	2761	4.79149	0.758673	35.5	39
HiC_scaffold_39	1	56881	835	22045	38.7564	1.63183	35.4	49
HiC_scaffold_40	1	56115	494	10965	19.5402	1.11653	35.6	39.2
HiC_scaffold_41	1	55753	762	23074	41.3861	1.93514	35.3	41.3
HiC_scaffold_42	1	55361	93	4483	8.09776	0.246347	35	47.2
HiC_scaffold_43	1	55333	665	11708	21.1592	1.69109	34.9	38.7
HiC_scaffold_44	1	54697	2579	47348	86.5642	6.95493	35.4	56
HiC_scaffold_45	1	54079	88	3576	6.61255	0.180292	35.6	44.2
HiC_scaffold_46	1	53000	256	7829	14.7717	0.702585	35.5	40.3
HiC_scaffold_47	1	52728	1472	19423	36.8362	3.91166	34.9	46.2
HiC_scaffold_48	1	52696	378	23154	43.9388	1.06319	35.4	53
HiC_scaffold_49	1	52574	115	5177	9.84707	0.324875	35.4	41
HiC_scaffold_50	1	52452	34	1062	2.02471	0.0481202	34.9	53
HiC_scaffold_51	1	52291	315	6303	12.0537	0.802394	35.1	45
HiC_scaffold_52	1	50660	392	29029	57.3016	1.13983	35.6	56.5
HiC_scaffold_53	1	50444	1764	33538	66.4856	5.15471	35.5	56.4
HiC_scaffold_54	1	50000	586	39676	79.352	1.71892	35.7	59.7
HiC_scaffold_55	1	49402	121	5059	10.2405	0.359317	35.2	44.7
HiC_scaffold_56	1	48994	130	6849	13.9793	0.382353	35.3	43.5
HiC_scaffold_57	1	48961	102	6709	13.7027	0.309777	35.3	44.4
HiC_scaffold_58	1	48913	375	26071	53.3008	1.12784	35.7	51
HiC_scaffold_59	1	48516	470	11946	24.6228	1.44021	35.7	48.4
HiC_scaffold_60	1	48449	239	20958	43.2579	0.734236	35.5	52.7
HiC_scaffold_61	1	48102	248	9295	19.3235	0.747329	35.1	48.1
HiC_scaffold_62	1	47095	394	29329	62.2763	1.23771	35.5	55.9
HiC_scaffold_63	1	45946	524	23783	51.7629	1.67686	35.4	53.4
HiC_scaffold_64	1	45702	237	6229	13.6296	0.681743	35.3	46.9
HiC_scaffold_65	1	45164	361	10953	24.2516	1.10945	34.8	44.9
HiC_scaffold_66	1	45000	1224	6942	15.4267	3.75596	35.1	44.8
HiC_scaffold_67	1	44932	767	10716	23.8494	2.11673	35.3	41.6
HiC_scaffold_68	1	44535	84	7662	17.2044	0.28115	35	44
HiC_scaffold_69	1	43359	280	12900	29.7516	0.941811	35.2	43.8
HiC_scaffold_70	1	43000	210	8680	20.186	0.622279	35.2	42.8
HiC_scaffold_71	1	42000	246	12705	30.25	0.79319	35.3	49.7
HiC_scaffold_72	1	41780	39	2491	5.96218	0.136788	35.4	36.9
HiC_scaffold_73	1	41131	37	3222	7.83351	0.130437	35.3	52
HiC_scaffold_74	1	41000	206	13115	31.9878	0.740976	35.8	56.6
HiC_scaffold_75	1	40673	205	5340	13.1291	0.723674	35.3	41.2
HiC_scaffold_76	1	40021	284	6298	15.7367	0.973614	35.4	39.1
HiC_scaffold_77	1	40000	74	5788	14.47	0.270225	35.3	47.2
HiC_scaffold_78	1	39995	159	14920	37.3047	0.585448	35.8	54.3
HiC_scaffold_79	1	39987	22	2422	6.05697	0.0819766	35.2	42.9
HiC_scaffold_80	1	39907	59	4531	11.3539	0.203523	35.4	54.1
HiC_scaffold_81	1	39785	486	6782	17.0466	1.49762	35.3	43.9
HiC_scaffold_82	1	39714	1721	11833	29.7955	6.06786	35.2	44.9
HiC_scaffold_83	1	39603	128	10577	26.7076	0.479332	35.3	53.5
HiC_scaffold_84	1	39032	1208	23208	59.4589	4.30765	35.1	48.5
HiC_scaffold_85	1	38821	315	8458	21.7872	1.14575	35.1	44.6
HiC_scaffold_86	1	38551	242	4611	11.9608	0.731524	35.4	47.1
HiC_scaffold_87	1	38336	264	8922	23.2732	1.02995	35.1	39
HiC_scaffold_88	1	38081	270	7850	20.614	1.0157	35.4	56.1
HiC_scaffold_89	1	37423	128	2053	5.48593	0.467493	34.9	44.8
HiC_scaffold_90	1	37049	405	10447	28.1978	1.62118	35.7	42.4
HiC_scaffold_91	1	37000	440	30125	81.4189	1.71254	35.5	59.7
HiC_scaffold_92	1	36719	53	3960	10.7846	0.210109	35.5	52.8
HiC_scaffold_93	1	36624	253	5984	16.339	0.918114	35.1	39.7
HiC_scaffold_94	1	36550	125	4155	11.368	0.504952	35.6	43.2
HiC_scaffold_95	1	35915	694	15014	41.8043	2.69283	35	43.2
HiC_scaffold_96	1	35569	483	12248	34.4345	2.01096	35.5	43.9
HiC_scaffold_97	1	35569	283	9278	26.0845	1.09705	35	47.3
HiC_scaffold_98	1	35521	258	6103	17.1814	0.811999	35.5	47.3
HiC_scaffold_99	1	35305	957	26258	74.3747	3.61881	35.4	58.2
HiC_scaffold_100	1	35285	318	24760	70.1715	1.31736	35.4	57.3
HiC_scaffold_101	1	35090	243	13917	39.6609	0.931433	34.7	54.4
HiC_scaffold_102	1	34736	53	5389	15.5142	0.22884	35.2	49.4
HiC_scaffold_103	1	34662	856	16160	46.6217	3.3702	35.3	40.6
HiC_scaffold_104	1	34539	114	10556	30.5626	0.491358	35.5	48.7
HiC_scaffold_105	1	34367	52	4426	12.8786	0.22542	35.7	50.3
HiC_scaffold_106	1	34092	8	814	2.38766	0.030183	35.4	48
HiC_scaffold_107	1	34034	1703	27397	80.4989	7.21502	35.5	59
HiC_scaffold_108	1	34000	141	4095	12.0441	0.609529	35.3	38.9
HiC_scaffold_109	1	33013	309	12030	36.4402	1.26141	34.8	43.7
HiC_scaffold_110	1	32894	51	2816	8.56083	0.222047	35.1	47.1
HiC_scaffold_111	1	32703	83	7650	23.3923	0.371648	35.4	47.1
HiC_scaffold_112	1	32055	121	8372	26.1176	0.560162	35.3	53.4
HiC_scaffold_113	1	31996	223	3492	10.9139	0.720434	35.3	43.5
HiC_scaffold_114	1	31869	154	6888	21.6135	0.583231	35.3	50.5
HiC_scaffold_115	1	31497	247	9511	30.1965	1.14471	35.4	40.8
HiC_scaffold_116	1	31452	185	14591	46.3913	0.849549	35.6	55
HiC_scaffold_117	1	31435	122	11162	35.5082	0.569238	35.4	48.1
HiC_scaffold_118	1	31168	188	13733	44.0612	0.864733	35.4	56.7
HiC_scaffold_119	1	31094	40	3587	11.536	0.191098	35.4	41.5
HiC_scaffold_120	1	31000	120	10305	33.2419	0.569548	35.4	44.5
HiC_scaffold_121	1	30892	57	3615	11.7021	0.27308	35.6	42.7
HiC_scaffold_122	1	30671	451	6340	20.671	2.18982	35.5	36.9
HiC_scaffold_123	1	30159	361	24347	80.7288	1.75056	35.4	59.9
HiC_scaffold_124	1	30112	12	1449	4.81204	0.0588138	34.7	37.8
HiC_scaffold_125	1	30000	117	2892	9.64	0.5813	35.4	39.5
HiC_scaffold_126	1	30000	48	3519	11.73	0.234267	35.3	46.7
HiC_scaffold_127	1	29632	321	5015	16.9243	1.40794	35.1	43.8
HiC_scaffold_128	1	29216	113	9585	32.8074	0.576705	35.8	49.4
HiC_scaffold_129	1	29000	26	2183	7.52759	0.125724	35.4	54.2
HiC_scaffold_130	1	28743	17	1768	6.15106	0.0881258	35.4	49.3
HiC_scaffold_131	1	28267	629	9376	33.1694	3.2885	35.5	40.5
HiC_scaffold_132	1	28006	411	6878	24.559	2.17857	35.4	39.3
HiC_scaffold_133	1	27859	123	8574	30.7764	0.645034	36	56.9
HiC_scaffold_134	1	27837	396	23029	82.728	2.0384	35.2	59.9
HiC_scaffold_135	1	27503	198	6417	23.332	1.07414	35.1	39.4
HiC_scaffold_136	1	27405	311	21327	77.8216	1.67575	35.6	60
HiC_scaffold_137	1	27128	10	1102	4.06222	0.0552934	35.3	38.1
HiC_scaffold_138	1	27000	158	11866	43.9481	0.848148	35.7	50.4
HiC_scaffold_139	1	26958	55	2980	11.0542	0.294495	35.5	46.7
HiC_scaffold_140	1	26822	45	2577	9.60778	0.225636	35.4	40.3
HiC_scaffold_141	1	26714	439	9356	35.0228	2.23493	35.5	43.8
HiC_scaffold_142	1	26597	267	10697	40.2188	1.36786	35.2	47.8
HiC_scaffold_143	1	26526	54	2902	10.9402	0.271168	35.5	53.8
HiC_scaffold_144	1	26403	200	4337	16.4262	1.12612	35.3	42.1
HiC_scaffold_145	1	26321	479	12908	49.0407	2.70028	35.4	41.3
HiC_scaffold_146	1	26302	131	2610	9.9232	0.657022	34.4	39
HiC_scaffold_147	1	26228	86	4910	18.7205	0.481546	35.3	53.6
HiC_scaffold_148	1	26220	543	6384	24.3478	3.09256	35.5	38.4
HiC_scaffold_149	1	26169	72	7159	27.3568	0.402537	35.5	50.6
HiC_scaffold_150	1	26140	289	20945	80.1262	1.62663	35.4	60
HiC_scaffold_151	1	25970	30	2575	9.91529	0.173161	35.7	37.3
HiC_scaffold_152	1	25914	72	4118	15.891	0.375511	35.1	45.2
HiC_scaffold_153	1	25756	21	2519	9.78025	0.122263	35.9	43.7
HiC_scaffold_154	1	25701	87	7196	27.9989	0.494572	35.8	54.1
HiC_scaffold_155	1	25484	719	11745	46.0877	4.07542	35.2	42.7
HiC_scaffold_156	1	25347	1079	13018	51.3591	5.80238	35	43.9
HiC_scaffold_157	1	25300	191	7274	28.751	1.12534	35.1	43.2
HiC_scaffold_158	1	25137	583	10922	43.4499	3.31448	35.2	40.4
HiC_scaffold_159	1	25068	27	2038	8.12989	0.156574	35.5	46.2
HiC_scaffold_160	1	25021	183	12973	51.8484	1.06083	35.2	55.9
HiC_scaffold_161	1	25021	33	3351	13.3928	0.197714	35.7	48.3
HiC_scaffold_162	1	25013	439	1738	6.94839	2.09723	35.2	42.7
HiC_scaffold_163	1	25000	12	831	3.324	0.07184	35.5	35.5
HiC_scaffold_164	1	25000	22	876	3.504	0.13008	34.9	37.6
HiC_scaffold_165	1	25000	11	767	3.068	0.06552	35.3	37.5
HiC_scaffold_166	1	25000	107	3757	15.028	0.60976	34.9	36.9
HiC_scaffold_167	1	25000	262	19405	77.62	1.51824	35.5	58.5
HiC_scaffold_168	1	25000	320	21370	85.48	1.87524	35.7	59.9
HiC_scaffold_169	1	25000	304	20233	80.932	1.761	35.7	59.3
HiC_scaffold_170	1	25000	301	21060	84.24	1.73784	35.4	59.9
HiC_scaffold_171	1	25000	348	20290	81.16	2.026	35.7	60
HiC_scaffold_172	1	25000	277	19571	78.284	1.61336	35.5	59.7
HiC_scaffold_173	1	25000	300	19424	77.696	1.75612	35.3	59.9
HiC_scaffold_174	1	25000	310	20624	82.496	1.75532	35.3	59.8
HiC_scaffold_175	1	25000	313	21218	84.872	1.84688	35.3	60
HiC_scaffold_176	1	25000	251	18431	73.724	1.4852	35.4	59.5
HiC_scaffold_177	1	25000	314	21403	85.612	1.81492	35.3	59.6
HiC_scaffold_178	1	25000	300	19743	78.972	1.7318	35.1	59.4
HiC_scaffold_179	1	25000	303	20522	82.088	1.76	35.5	59.5
HiC_scaffold_180	1	25000	205	14445	57.78	1.1704	35.4	56.3
HiC_scaffold_181	1	25000	280	19827	79.308	1.62528	35.7	59.9
HiC_scaffold_182	1	25000	356	21767	87.068	2.04632	35.4	60
HiC_scaffold_183	1	25000	128	4715	18.86	0.75208	35.5	43.3
HiC_scaffold_184	1	25000	292	20306	81.224	1.68116	35.4	59.7
HiC_scaffold_185	1	25000	551	22850	91.4	3.21788	35.4	59.6
HiC_scaffold_186	1	25000	289	20189	80.756	1.68928	35.6	60
HiC_scaffold_187	1	25000	15	1294	5.176	0.08808	36.2	50.8
HiC_scaffold_188	1	24887	168	4644	18.6603	0.937236	35	43.1
HiC_scaffold_189	1	24881	615	14348	57.6665	2.97802	34.9	43.3
HiC_scaffold_190	1	24860	194	13819	55.5873	1.14646	35.1	56.4
HiC_scaffold_191	1	24785	120	10258	41.3879	0.711398	35.7	46.4
HiC_scaffold_192	1	24606	10	927	3.76737	0.0474275	32.7	45.9
HiC_scaffold_193	1	24582	171	2805	11.4108	1.01277	35.4	45.5
HiC_scaffold_194	1	24552	441	11046	44.9902	2.46668	35.2	45.2
HiC_scaffold_195	1	24515	94	6550	26.7183	0.561371	35.6	53.5
HiC_scaffold_196	1	24429	97	5372	21.9903	0.511482	35.2	52
HiC_scaffold_197	1	24404	106	6440	26.3891	0.636781	35.3	54
HiC_scaffold_198	1	24065	185	14598	60.6607	1.12807	35.3	56.7
HiC_scaffold_199	1	24034	55	5044	20.9869	0.337647	35.3	51.8
HiC_scaffold_200	1	24000	26	1388	5.78333	0.149292	36.1	46.8
HiC_scaffold_201	1	24000	794	4484	18.6833	4.91279	35.5	45.5
HiC_scaffold_202	1	23940	295	4490	18.7552	1.73705	35.2	39.1
HiC_scaffold_203	1	23878	42	1878	7.86498	0.263171	35.7	37.3
HiC_scaffold_204	1	23813	66	6883	28.9044	0.400034	35.8	52.8
HiC_scaffold_205	1	23764	56	5428	22.8413	0.338706	35	53.6
HiC_scaffold_206	1	23660	6	796	3.36433	0.0379121	33.1	53.3
HiC_scaffold_207	1	23581	219	16648	70.5992	1.38217	35.5	52.4
HiC_scaffold_208	1	23490	72	2863	12.1882	0.451043	35.9	37.7
HiC_scaffold_209	1	23453	127	9217	39.2999	0.798277	35	56.1
HiC_scaffold_210	1	23041	46	3408	14.791	0.274424	35.7	55.2
HiC_scaffold_211	1	23000	390	4017	17.4652	2.53474	35.6	39.1
HiC_scaffold_212	1	23000	176	10525	45.7609	1.13661	35.9	45.7
HiC_scaffold_213	1	23000	39	3492	15.1826	0.239957	35.4	49.6
HiC_scaffold_214	1	23000	104	5475	23.8043	0.673348	35.5	38.6
HiC_scaffold_215	1	23000	76	3803	16.5348	0.484261	35.6	53.9
HiC_scaffold_216	1	22979	8	764	3.32477	0.0522216	34.9	49.4
HiC_scaffold_217	1	22964	80	3606	15.7028	0.514109	36	41.5
HiC_scaffold_218	1	22956	82	7106	30.9549	0.525658	35.4	51.3
HiC_scaffold_220	1	22604	145	10996	48.6463	0.957839	35.6	52.2
HiC_scaffold_221	1	22426	27	2326	10.3719	0.178097	36	53.9
HiC_scaffold_222	1	22303	302	10926	48.9889	1.99188	35.4	47.6
HiC_scaffold_223	1	22199	69	4636	20.8838	0.450651	35.4	51
HiC_scaffold_224	1	22128	12	844	3.81417	0.0750181	34.9	52.8
HiC_scaffold_225	1	22127	4	596	2.69354	0.0269354	31.7	41.5
HiC_scaffold_226	1	21688	57	4584	21.1361	0.387265	35.6	53
HiC_scaffold_227	1	21648	144	9956	45.9904	0.963276	35.6	54.2
HiC_scaffold_228	1	21608	216	10757	49.7825	1.35556	35.3	50.6
HiC_scaffold_229	1	21598	32	1927	8.92212	0.216872	35.3	38.3
HiC_scaffold_230	1	21510	25	1507	7.00604	0.159554	34.9	50.6
HiC_scaffold_231	1	21437	33	2601	12.1332	0.228623	34.9	40.3
HiC_scaffold_232	1	21282	114	9057	42.5571	0.777277	35.4	46.7
HiC_scaffold_233	1	20959	159	5027	23.9849	0.99938	35.3	40.5
HiC_scaffold_234	1	20824	8	889	4.26911	0.0572897	34	46.5
HiC_scaffold_235	1	20622	64	3810	18.4754	0.460479	35.2	54.7
HiC_scaffold_236	1	20377	50	3927	19.2717	0.361044	35.7	51.7
HiC_scaffold_237	1	20369	91	8543	41.9412	0.651087	35.7	50.3
HiC_scaffold_238	1	20340	26	2086	10.2557	0.191101	34.9	51.3
HiC_scaffold_239	1	20281	22	890	4.38834	0.11533	34.9	41.1
HiC_scaffold_240	1	20166	29	2602	12.9029	0.204304	35.3	49.7
HiC_scaffold_241	1	20140	205	8883	44.1063	1.47517	35.6	48.2
HiC_scaffold_242	1	20135	228	14895	73.9757	1.64609	35.5	59.5
HiC_scaffold_243	1	20122	25	1842	9.15416	0.179505	35.3	55.2
HiC_scaffold_244	1	20044	35	2035	10.1527	0.244811	35	43.6
HiC_scaffold_245	1	20021	24	1902	9.50002	0.161031	34.3	56.3
HiC_scaffold_246	1	20000	30	2097	10.485	0.2008	35.7	57
HiC_scaffold_247	1	20000	20	2086	10.43	0.14095	35.1	52.8
HiC_scaffold_248	1	19739	280	8745	44.3032	2.08648	35.4	43.9
HiC_scaffold_249	1	19737	12	1104	5.59356	0.0811167	36	47.6
HiC_scaffold_250	1	19724	7	792	4.01541	0.0529811	33.1	47.4
HiC_scaffold_251	1	19667	12	1273	6.47277	0.087507	34.1	35.1
HiC_scaffold_252	1	19649	17	2053	10.4484	0.129574	35.8	46.4
HiC_scaffold_253	1	19394	38	3784	19.5112	0.28581	35.2	50.8
HiC_scaffold_254	1	19304	68	4591	23.7826	0.525642	35.4	49.5
HiC_scaffold_255	1	19231	42	2810	14.6118	0.315324	35.3	44.9
HiC_scaffold_256	1	19176	77	5463	28.4887	0.588705	35.6	48.4
HiC_scaffold_257	1	19156	1685	8240	43.0152	12.1092	35.1	43.8
HiC_scaffold_258	1	19143	88	1543	8.06039	0.626234	34.8	44.9
HiC_scaffold_259	1	19058	39	3383	17.7511	0.299769	35.7	50.8
HiC_scaffold_260	1	19000	178	5943	31.2789	1.35426	35.4	44.3
HiC_scaffold_261	1	18934	13	1898	10.0243	0.102989	35.5	45.5
HiC_scaffold_262	1	18930	761	9157	48.373	5.8411	35.3	44.5
HiC_scaffold_263	1	18729	238	15199	81.1522	1.86876	35.4	58.1
HiC_scaffold_264	1	18528	22	1568	8.46287	0.166451	35.8	60
HiC_scaffold_265	1	18283	40	2417	13.2199	0.314664	35.3	48
HiC_scaffold_266	1	18272	50	1159	6.34304	0.328043	35.4	45.6
HiC_scaffold_267	1	18066	36	3228	17.8678	0.297354	35.6	46.4
HiC_scaffold_268	1	18044	32	2241	12.4196	0.241077	34.8	42.8
HiC_scaffold_269	1	18026	65	4105	22.7727	0.531122	35.8	54.9
HiC_scaffold_270	1	18000	65	5096	28.3111	0.525444	35.7	44.4
HiC_scaffold_271	1	18000	100	7839	43.55	0.824722	35.8	51.2
HiC_scaffold_272	1	18000	90	3990	22.1667	0.732778	35	43
HiC_scaffold_273	1	17971	502	7979	44.3993	4.16137	35.7	43.8
HiC_scaffold_274	1	17888	36	3186	17.8108	0.29953	35.8	42.9
HiC_scaffold_275	1	17782	22	2627	14.7734	0.176977	35.4	53.5
HiC_scaffold_276	1	17690	42	4718	26.6704	0.355116	35.5	47.7
HiC_scaffold_277	1	17675	48	2327	13.1655	0.401414	35.5	42.8
HiC_scaffold_278	1	17531	3	290	1.65421	0.0223604	34.6	49.3
HiC_scaffold_279	1	17508	271	3069	17.5291	1.25428	34.9	48.1
HiC_scaffold_280	1	17420	70	6161	35.3674	0.590356	35.1	50.4
HiC_scaffold_281	1	17399	27	2673	15.363	0.230875	35.2	56
HiC_scaffold_282	1	17398	59	5733	32.9521	0.489597	35.6	52.1
HiC_scaffold_283	1	17257	1007	8203	47.5343	7.1582	34.9	51.5
HiC_scaffold_284	1	17224	193	13128	76.2192	1.65693	35.7	54.7
HiC_scaffold_285	1	17131	51	5061	29.5429	0.445858	35.9	50
HiC_scaffold_286	1	17073	18	1910	11.1873	0.150237	36.6	46.6
HiC_scaffold_287	1	17000	25	1964	11.5529	0.209353	34.8	47.6
HiC_scaffold_288	1	16908	18	1222	7.22735	0.135143	35.5	53.2
HiC_scaffold_289	1	16758	57	1743	10.401	0.392529	35.7	45.5
HiC_scaffold_290	1	16602	106	4357	26.2438	0.871401	35.3	41.5
HiC_scaffold_291	1	16449	179	615	3.73883	1.17101	34.9	44.3
HiC_scaffold_292	1	16346	56	3192	19.5277	0.499144	35.5	53.3
HiC_scaffold_293	1	16263	249	1408	8.65769	2.10472	34.9	41.7
HiC_scaffold_294	1	16061	91	6933	43.1667	0.789552	35	50.1
HiC_scaffold_295	1	16000	16	891	5.56875	0.129125	35.5	58.2
HiC_scaffold_296	1	16000	50	4208	26.3	0.446375	35.8	51.7
HiC_scaffold_297	1	16000	20	1996	12.475	0.166625	36.1	56.4
HiC_scaffold_298	1	16000	46	3234	20.2125	0.430563	35.5	43.8
HiC_scaffold_299	1	16000	27	1962	12.2625	0.244562	35.4	45.3
HiC_scaffold_300	1	15603	95	5534	35.4675	0.906556	35.4	43.2
HiC_scaffold_301	1	15565	7	787	5.05622	0.0673948	36.3	53.1
HiC_scaffold_302	1	15554	189	3672	23.6081	1.81741	35.7	39.3
HiC_scaffold_303	1	15467	262	9098	58.822	2.48115	35.5	44.2
HiC_scaffold_304	1	15433	45	3165	20.508	0.433163	35.9	40.7
HiC_scaffold_305	1	15221	58	2958	19.4337	0.558767	35.3	43.5
HiC_scaffold_306	1	15208	8	787	5.17491	0.0687796	34.7	60
HiC_scaffold_307	1	15128	41	1082	7.1523	0.367795	35.3	50.6
HiC_scaffold_308	1	15037	78	6797	45.2018	0.753741	35.1	53.9
HiC_scaffold_309	1	15027	84	4709	31.3369	0.816663	35.5	50.8
HiC_scaffold_310	1	15014	60	5762	38.3775	0.565739	35.4	59.4
HiC_scaffold_311	1	15000	47	5006	33.3733	0.463067	36.1	48.1
HiC_scaffold_312	1	14886	92	8005	53.7754	0.91361	35.5	48.7
HiC_scaffold_313	1	14872	55	2284	15.3577	0.536108	35.1	42.6
HiC_scaffold_314	1	14743	31	2019	13.6946	0.29241	35.8	58.7
HiC_scaffold_315	1	14719	25	1530	10.3947	0.224879	34.9	52.8
HiC_scaffold_316	1	14619	54	5035	34.4415	0.537725	35.5	54.7
HiC_scaffold_317	1	14567	31	3512	24.1093	0.319009	36.1	50
HiC_scaffold_318	1	14553	16	1466	10.0735	0.163059	35.9	44.6
HiC_scaffold_319	1	14548	90	6547	45.0027	0.926794	35.6	48.4
HiC_scaffold_320	1	14465	24	2678	18.5137	0.247217	35.3	50.2
HiC_scaffold_321	1	14408	189	6511	45.1902	1.94045	35.5	42.8
HiC_scaffold_322	1	14386	24	2197	15.2718	0.249965	35.8	48.9
HiC_scaffold_323	1	14298	378	8937	62.5052	3.32697	34	47
HiC_scaffold_324	1	14091	136	6601	46.8455	1.42978	35.4	50.9
HiC_scaffold_325	1	14000	59	3864	27.6	0.6275	34.5	45.4
HiC_scaffold_326	1	14000	44	2291	16.3643	0.464071	36.1	46
HiC_scaffold_327	1	13966	68	5216	37.3478	0.727911	35.3	44.7
HiC_scaffold_328	1	13312	192	11573	86.9366	2.08308	35.1	59.9
HiC_scaffold_329	1	13309	60	5704	42.8582	0.669397	34.4	48.9
HiC_scaffold_330	1	13245	94	7626	57.5764	1.03609	35.5	53.2
HiC_scaffold_331	1	13138	154	10271	78.1778	1.68199	35.3	59.5
HiC_scaffold_332	1	13083	6	669	5.11351	0.0687916	36	40
HiC_scaffold_333	1	13000	36	2366	18.2	0.368615	35	51.5
HiC_scaffold_334	1	13000	65	3568	27.4462	0.737077	35.5	55.4
HiC_scaffold_335	1	13000	49	2772	21.3231	0.530769	35.6	54.3
HiC_scaffold_336	1	12527	328	5685	45.382	3.82829	35.2	40.2
HiC_scaffold_337	1	12325	12	1414	11.4726	0.143529	35.1	48.7
HiC_scaffold_338	1	12210	17	1608	13.1695	0.191892	35.3	48.1
HiC_scaffold_339	1	12140	84	6593	54.3081	1.02208	35.8	58.2
HiC_scaffold_340	1	12103	84	3238	26.7537	1.0328	34.6	47.3
HiC_scaffold_341	1	11792	4	322	2.73066	0.04096	36.5	60
HiC_scaffold_342	1	11769	59	1162	9.8734	0.735152	35.3	40.6
HiC_scaffold_343	1	11768	58	3953	33.5911	0.634262	35.1	52.3
HiC_scaffold_344	1	11552	85	6851	59.3057	1.07072	35.6	56.3
HiC_scaffold_345	1	11294	11	846	7.4907	0.125199	35.8	58.2
HiC_scaffold_346	1	11220	113	7985	71.1676	1.47852	35.7	58.3
HiC_scaffold_347	1	11009	1089	6360	57.7709	13.8736	34.9	41.6
HiC_scaffold_348	1	11007	52	4163	37.8214	0.672299	35.4	54.1
HiC_scaffold_349	1	11000	68	6573	59.7545	0.925364	35.5	55.8
HiC_scaffold_350	1	10932	17	1533	14.0231	0.228778	36	44.2
HiC_scaffold_351	1	10903	104	5563	51.0227	1.39906	35.9	58.6
HiC_scaffold_352	1	10862	112	7769	71.5246	1.51068	35.3	58
HiC_scaffold_353	1	10825	38	2914	26.9192	0.499215	35.4	53.6
HiC_scaffold_354	1	10780	78	5574	51.7069	1.04388	35.7	52.8
HiC_scaffold_355	1	10606	6	733	6.91118	0.0823119	34.9	60
HiC_scaffold_356	1	10316	5	579	5.61264	0.0726057	35.1	48.8
HiC_scaffold_357	1	10313	97	7003	67.9046	1.35218	35.3	56.5
HiC_scaffold_358	1	10116	33	2107	20.8284	0.482009	34.7	47.8
HiC_scaffold_359	1	9728	1027	3773	38.785	14.0718	35	39.9
HiC_scaffold_360	1	9582	65	3473	36.245	0.989251	35.4	50.8
HiC_scaffold_361	1	9577	75	5863	61.2196	1.17229	35.5	47
HiC_scaffold_362	1	9324	41	4038	43.3076	0.655298	36	43.7
HiC_scaffold_363	1	9309	114	7595	81.5877	1.73982	35.6	59.1
HiC_scaffold_364	1	9000	18	1676	18.6222	0.281778	36.2	50.2
HiC_scaffold_365	1	8972	28	2819	31.42	0.464556	35.9	48.6
HiC_scaffold_366	1	8717	8	509	5.83916	0.137662	36.6	55
HiC_scaffold_367	1	8598	46	2689	31.2747	0.564201	34.1	48.6
HiC_scaffold_368	1	8517	17	1710	20.0775	0.295527	35.3	53.1
HiC_scaffold_369	1	8159	15	1620	19.8554	0.268415	35.5	58.1
HiC_scaffold_370	1	8000	18	722	9.025	0.316375	35.8	45.3
HiC_scaffold_371	1	7755	20	2205	28.4333	0.386847	35.2	47.7
HiC_scaffold_372	1	7349	38	2839	38.6311	0.715199	35.3	54.8
HiC_scaffold_373	1	7312	47	3356	45.8972	0.938731	35.5	51.6
HiC_scaffold_374	1	7226	14	1317	18.2259	0.289095	36	51.6
HiC_scaffold_375	1	7101	4	470	6.61879	0.0843543	36.1	44
HiC_scaffold_376	1	7000	77	3489	49.8429	1.564	35.3	40
HiC_scaffold_377	1	7000	68	4040	57.7143	1.434	35.2	57.1
HiC_scaffold_378	1	7000	67	2135	30.5	1.43557	35.5	41.1
HiC_scaffold_379	1	6605	36	1991	30.1438	0.693263	35.6	49.3
HiC_scaffold_380	1	6537	80	5202	79.5778	1.77421	35.6	57.7
HiC_scaffold_381	1	6484	36	2782	42.9056	0.826033	35.4	58.9
HiC_scaffold_382	1	6459	21	2040	31.5838	0.479641	36.2	52.8
HiC_scaffold_383	1	6245	13	1447	23.1705	0.308887	36.2	45.8
HiC_scaffold_384	1	6125	75	4654	75.9837	1.80898	35.4	52.6
HiC_scaffold_385	1	6000	46	3330	55.5	1.1065	35.4	55.4
HiC_scaffold_386	1	6000	41	2280	38	1.0105	35.6	57.3
HiC_scaffold_387	1	6000	64	4489	74.8167	1.539	35	48
HiC_scaffold_388	1	5993	7	950	15.8518	0.158518	35.4	44.4
HiC_scaffold_389	1	5821	13	1517	26.0608	0.330871	35.8	54.8
HiC_scaffold_390	1	5673	23	2151	37.9164	0.599154	35.9	49.8
HiC_scaffold_391	1	5000	18	1393	27.86	0.5004	34.4	58.9
HiC_scaffold_392	1	5000	30	2312	46.24	0.875	35.3	53.6
HiC_scaffold_393	1	4994	2121	3865	77.3929	57.4459	35.1	46.9
HiC_scaffold_394	1	4893	51	3671	75.0255	1.54016	35.5	50.6
HiC_scaffold_395	1	4891	41	3000	61.3371	1.24514	35.4	59.3
HiC_scaffold_396	1	4877	12	1219	24.9949	0.361288	35.8	44.9
HiC_scaffold_397	1	4000	22	1283	32.075	0.809	34.8	45
HiC_scaffold_398	1	4000	50	2890	72.25	1.83	35.6	58.3
HiC_scaffold_400	1	4000	233	971	24.275	7.57675	34.8	46.2
HiC_scaffold_401	1	3971	45	2837	71.443	1.64493	35.8	59
HiC_scaffold_402	1	3919	6	383	9.7729	0.174279	36.5	60
HiC_scaffold_403	1	3281	30	2296	69.9787	1.36788	36.2	55.4
HiC_scaffold_404	1	3264	1	149	4.56495	0.0456495	36.1	32
HiC_scaffold_405	1	3259	32	2838	87.0819	1.37251	36.1	58.9
HiC_scaffold_406	1	3042	6	716	23.5371	0.288297	36.3	48.5
HiC_scaffold_407	1	3035	27	2007	66.1285	1.22339	35.6	59.2
HiC_scaffold_408	1	3003	6	601	20.0133	0.293373	34.6	39.8
HiC_scaffold_409	1	3003	2	300	9.99001	0.0999001	36.7	48.5
HiC_scaffold_410	1	3000	28	1959	65.3	1.39633	36.2	57.6
HiC_scaffold_411	1	3000	53	1073	35.7667	2.569	35.3	43.8
HiC_scaffold_412	1	3000	38	2257	75.2333	1.80033	35.3	58.5
HiC_scaffold_413	1	3000	30	1825	60.8333	1.461	35.4	59.2
HiC_scaffold_414	1	3000	38	2213	73.7667	1.87367	35.9	53.3
HiC_scaffold_415	1	2897	18	1656	57.1626	0.907145	35.2	53.2
HiC_scaffold_416	1	2563	116	1260	49.1611	4.865	34.9	49.5
HiC_scaffold_417	1	2259	36	2188	96.857	2.30058	35.8	60
HiC_scaffold_418	1	2125	6	846	39.8118	0.422118	36.4	47.7
HiC_scaffold_419	1	2021	27	1878	92.9243	1.97031	35.9	60
HiC_scaffold_420	1	2000	28	1908	95.4	2.0245	35.4	60
HiC_scaffold_421	1	2000	16	1312	65.6	1.0905	35.1	49.1
HiC_scaffold_422	1	2000	20	1171	58.55	1.38	36	60
HiC_scaffold_423	1	1676	4	514	30.6683	0.338902	35.4	38.8
HiC_scaffold_424	1	1484	10	911	61.3881	0.829515	33.8	47.8
HiC_scaffold_425	1	1447	16	942	65.1002	1.60194	35.5	58.8
HiC_scaffold_426	1	1382	6	696	50.3618	0.649783	36.3	60
HiC_scaffold_427	1	1353	15	1016	75.0924	1.47376	35.9	60
HiC_scaffold_428	1	1184	2	179	15.1182	0.253378	36.8	33
HiC_scaffold_429	1	1175	6	532	45.2766	0.737021	35.7	60
HiC_scaffold_430	1	1138	20	980	86.116	2.00879	34.5	55.9
HiC_scaffold_431	1	1108	11	879	79.3321	1.3565	36	60
HiC_scaffold_432	1	1097	15	860	78.3956	1.97174	35.6	58.3
HiC_scaffold_433	1	1005	8	363	36.1194	1.19104	35.5	41.5
HiC_scaffold_434	1	1000	10	862	86.2	1.326	34.9	57.4
HiC_scaffold_435	1	1000	19	983	98.3	2.467	35.6	60
HiC_scaffold_436	1	1000	3	333	33.3	0.333	34.3	60
HiC_scaffold_437	1	1000	14	937	93.7	1.893	34.1	60
HiC_scaffold_438	1	1000	11	785	78.5	1.535	35.7	59.9
HiC_scaffold_439	1	1000	5	716	71.6	0.748	36.4	60
HiC_scaffold_440	1	1000	16	840	84	1.963	34.9	60
HiC_scaffold_441	1	1000	11	859	85.9	1.635	35.6	60
HiC_scaffold_442	1	1000	16	891	89.1	1.839	35.1	60
HiC_scaffold_443	1	1000	10	752	75.2	1.395	35.8	58.9
HiC_scaffold_444	1	1000	12	777	77.7	1.55	34.9	57.7
HiC_scaffold_445	1	1000	11	909	90.9	1.354	34	60
HiC_scaffold_446	1	1000	5	511	51.1	0.7	36.3	43.2
HiC_scaffold_447	1	1000	10	839	83.9	1.493	36.4	57.2
HiC_scaffold_448	1	1000	12	860	86	1.735	34.7	57
HiC_scaffold_449	1	1000	8	648	64.8	0.994	35.7	60
HiC_scaffold_450	1	1000	5	699	69.9	0.731	36.6	49
HiC_scaffold_451	1	1000	9	688	68.8	1.349	35.8	54.7
HiC_scaffold_452	1	1000	16	962	96.2	2.384	35.7	60
HiC_scaffold_453	1	1000	28	615	61.5	3.153	35.5	45.2
mitochondria	1	17813	48904	17605	98.8323	397.863	35.4	59.3
HiC_scaffold_219	1	22812	0	0	0	0	0	0
HiC_scaffold_399	1	4000	0	0	0	0	0	0
HiC_scaffold_454	1	2000	0	0	0	0	0	0
