#rname	startpos	endpos	numreads	covbases	coverage	meandepth	meanbaseq	meanmapq
HiC_scaffold_1	1	75050035	1172961	61926768	82.514	2.25436	35.7	59.2
HiC_scaffold_2	1	56816963	890564	46964595	82.6595	2.25959	35.7	59.2
HiC_scaffold_3	1	109611085	1651395	88296294	80.5542	2.17396	35.7	58.8
HiC_scaffold_4	1	81599725	1261200	66734466	81.7827	2.22916	35.7	59.1
HiC_scaffold_5	1	72353455	1142623	60115048	83.0852	2.27788	35.7	59.3
HiC_scaffold_6	1	67692486	1065148	55959428	82.6671	2.26842	35.7	59.2
HiC_scaffold_7	1	59159807	921746	48464360	81.9211	2.24527	35.7	59.1
HiC_scaffold_8	1	13479537	108831	8369864	62.0931	1.1696	35.7	59.5
HiC_scaffold_9	1	58964884	921879	48488436	82.2327	2.2537	35.7	59.2
HiC_scaffold_10	1	36732878	571035	29920749	81.455	2.24008	35.6	59.1
HiC_scaffold_11	1	27384	285	7439	27.1655	1.52421	35.8	44.7
HiC_scaffold_12	1	33592	1635	8238	24.5237	6.46338	35.3	45.2
HiC_scaffold_13	1	184337	8637	146280	79.3547	6.5551	35.7	53.7
HiC_scaffold_14	1	85992	3250	47820	55.6098	5.33533	35.2	46.3
HiC_scaffold_15	1	87022	948	24435	28.0791	1.47671	35.4	46.5
HiC_scaffold_16	1	89609	2895	10366	11.568	3.54729	35.9	50.9
HiC_scaffold_17	1	164154	1658	57031	34.7424	1.42719	35.6	52.7
HiC_scaffold_18	1	104921	780	53659	51.1423	1.06947	35.6	53.6
HiC_scaffold_19	1	103720	631	36012	34.7204	0.880766	35.6	49.6
HiC_scaffold_20	1	90353	790	32699	36.1903	1.24808	35.4	50.3
HiC_scaffold_21	1	85252	522	27382	32.1189	0.874455	35.5	48.2
HiC_scaffold_22	1	80500	609	24519	30.4584	1.09576	35.8	50.4
HiC_scaffold_23	1	75743	484	23338	30.8121	0.927478	35.8	55.9
HiC_scaffold_24	1	75592	1993	20206	26.7303	3.72574	35.5	44.2
HiC_scaffold_25	1	72691	2045	36636	50.3996	3.98853	35.6	54.2
HiC_scaffold_26	1	71458	918	40581	56.79	1.85088	35.7	47.9
HiC_scaffold_27	1	70045	3477	54802	78.2383	6.98402	35.6	53.6
HiC_scaffold_28	1	68558	178	6174	9.00551	0.343724	35.5	54.2
HiC_scaffold_29	1	68222	995	20272	29.7148	2.1451	35.5	46.1
HiC_scaffold_30	1	67017	1065	38537	57.5033	2.31038	35.5	45.3
HiC_scaffold_31	1	65972	88	8882	13.4633	0.194916	35.5	47.5
HiC_scaffold_32	1	64000	860	36575	57.1484	1.86514	35.7	50.9
HiC_scaffold_33	1	62684	679	18805	29.9997	1.42043	35.5	43.6
HiC_scaffold_34	1	60035	462	29668	49.4178	1.06513	35.7	55.2
HiC_scaffold_35	1	59483	189	14385	24.1834	0.462166	36	49.7
HiC_scaffold_36	1	58601	681	4718	8.05106	1.66997	35.4	44.1
HiC_scaffold_37	1	57907	247	12772	22.0561	0.618474	35.8	51.4
HiC_scaffold_38	1	57623	423	3104	5.38674	0.985284	35.4	38.9
HiC_scaffold_39	1	56881	781	21592	37.96	1.62604	35.6	48.5
HiC_scaffold_40	1	56115	804	11277	20.0962	1.84065	35.8	39.4
HiC_scaffold_41	1	55753	581	17577	31.5266	1.49337	35.3	42.3
HiC_scaffold_42	1	55361	137	4708	8.50418	0.348549	35.4	45.8
HiC_scaffold_43	1	55333	508	9789	17.6911	1.29256	35.3	39.3
HiC_scaffold_44	1	54697	2823	50599	92.5078	7.46717	35.7	56
HiC_scaffold_45	1	54079	97	3671	6.78822	0.21648	35.9	46.8
HiC_scaffold_46	1	53000	271	7169	13.5264	0.729774	35.6	40.1
HiC_scaffold_47	1	52728	1750	27267	51.7126	4.66517	35.3	48.6
HiC_scaffold_48	1	52696	584	26723	50.7116	1.59883	35.6	54.4
HiC_scaffold_49	1	52574	154	5597	10.6459	0.421064	35.7	40.6
HiC_scaffold_50	1	52452	42	691	1.31739	0.0346793	36.2	50.2
HiC_scaffold_51	1	52291	291	7524	14.3887	0.746993	35.3	45.7
HiC_scaffold_52	1	50660	565	32053	63.2708	1.62898	35.7	56.7
HiC_scaffold_53	1	50444	1696	32808	65.0385	4.89584	35.7	56.5
HiC_scaffold_54	1	50000	738	42071	84.142	2.13564	35.6	59.8
HiC_scaffold_55	1	49402	121	5888	11.9185	0.348792	35.3	43.9
HiC_scaffold_56	1	48994	302	6915	14.114	0.869208	35.6	44.4
HiC_scaffold_57	1	48961	167	7109	14.5197	0.502339	35.5	43.6
HiC_scaffold_58	1	48913	798	35864	73.322	2.38542	35.8	52.5
HiC_scaffold_59	1	48516	479	16216	33.424	1.43656	35.3	49.8
HiC_scaffold_60	1	48449	552	35250	72.7569	1.67269	35.8	52.7
HiC_scaffold_61	1	48102	277	9343	19.4233	0.798719	35.1	47.7
HiC_scaffold_62	1	47095	597	30725	65.2405	1.84495	35.9	56.3
HiC_scaffold_63	1	45946	570	26000	56.5882	1.80064	35.6	55.4
HiC_scaffold_64	1	45702	184	6079	13.3014	0.542558	35.5	44.9
HiC_scaffold_65	1	45164	303	10677	23.6405	0.912275	35.4	45.4
HiC_scaffold_66	1	45000	1298	9240	20.5333	4.02893	35.5	46.7
HiC_scaffold_67	1	44932	901	10170	22.6342	2.48202	35.5	41.7
HiC_scaffold_68	1	44535	82	6718	15.0848	0.275379	35.8	46.7
HiC_scaffold_69	1	43359	377	13010	30.0053	1.25303	35.6	43.7
HiC_scaffold_70	1	43000	345	8384	19.4977	1.06316	35.8	41.7
HiC_scaffold_71	1	42000	427	14596	34.7524	1.36883	35.6	50.4
HiC_scaffold_72	1	41780	23	1585	3.79368	0.0821685	33.8	39.7
HiC_scaffold_73	1	41131	149	6519	15.8494	0.530913	35.6	44
HiC_scaffold_74	1	41000	268	13382	32.639	0.950146	36	56.4
HiC_scaffold_75	1	40673	237	5930	14.5797	0.852851	35.6	41
HiC_scaffold_76	1	40021	341	5776	14.4324	1.17826	35.3	42.1
HiC_scaffold_77	1	40000	75	4530	11.325	0.26885	35.4	51.8
HiC_scaffold_78	1	39995	231	19333	48.3385	0.815927	35.6	53.4
HiC_scaffold_79	1	39987	58	4862	12.159	0.211694	35.9	45
HiC_scaffold_80	1	39907	37	3154	7.90338	0.129551	35.8	52.8
HiC_scaffold_81	1	39785	403	6675	16.7777	1.24404	35.6	44.6
HiC_scaffold_82	1	39714	2700	11392	28.6851	9.44959	35.4	45.6
HiC_scaffold_83	1	39603	150	10570	26.6899	0.551423	35.9	54.7
HiC_scaffold_84	1	39032	1438	23959	61.383	5.2179	35.6	49.7
HiC_scaffold_85	1	38821	415	10994	28.3197	1.53306	35.4	43.8
HiC_scaffold_86	1	38551	279	4575	11.8674	0.931182	35.4	47.9
HiC_scaffold_87	1	38336	334	8977	23.4166	1.27329	35.4	42.2
HiC_scaffold_88	1	38081	307	6745	17.7122	1.13041	35.4	56.5
HiC_scaffold_89	1	37423	177	2064	5.51532	0.648211	35.2	43.8
HiC_scaffold_90	1	37049	506	12062	32.5569	1.9895	35.8	43.8
HiC_scaffold_91	1	37000	592	32513	87.873	2.31524	35.9	59.9
HiC_scaffold_92	1	36719	91	4721	12.8571	0.364716	36	52.1
HiC_scaffold_93	1	36624	435	7694	21.0081	1.63308	35.7	42.1
HiC_scaffold_94	1	36550	152	3424	9.36799	0.612558	35.7	41.1
HiC_scaffold_95	1	35915	1742	19314	53.777	6.79602	35.2	45.3
HiC_scaffold_96	1	35569	438	11879	33.3971	1.79817	35.6	47.6
HiC_scaffold_97	1	35569	203	8159	22.9385	0.78321	35.3	49.7
HiC_scaffold_98	1	35521	152	4695	13.2175	0.436418	35.2	48.6
HiC_scaffold_99	1	35305	1524	29140	82.5379	5.68475	35.6	57.8
HiC_scaffold_100	1	35285	451	24421	69.2107	1.82092	35.6	57.8
HiC_scaffold_101	1	35090	142	7795	22.2143	0.525135	35.4	53.5
HiC_scaffold_102	1	34736	77	4808	13.8415	0.322547	35.8	51.9
HiC_scaffold_103	1	34662	1111	15975	46.0879	4.44755	35.7	42
HiC_scaffold_104	1	34539	168	12018	34.7954	0.710154	36	51.9
HiC_scaffold_105	1	34367	81	4345	12.6429	0.324497	35.4	51.1
HiC_scaffold_106	1	34092	12	872	2.55778	0.0498944	35.2	47.7
HiC_scaffold_107	1	34034	1555	29986	88.106	6.49066	35.8	58.4
HiC_scaffold_108	1	34000	224	4568	13.4353	0.979235	35.7	39
HiC_scaffold_109	1	33013	308	10226	30.9757	1.28065	35.5	44.1
HiC_scaffold_110	1	32894	57	2765	8.40579	0.237429	35.4	50.9
HiC_scaffold_111	1	32703	165	11499	35.1619	0.746751	35.9	47.6
HiC_scaffold_112	1	32055	181	10114	31.552	0.815785	35.5	53
HiC_scaffold_113	1	31996	174	2972	9.28866	0.52394	35.6	44.3
HiC_scaffold_114	1	31869	169	7531	23.6311	0.704729	35.8	51.3
HiC_scaffold_115	1	31497	220	6770	21.4941	0.996444	35.6	41.4
HiC_scaffold_116	1	31452	320	17761	56.4702	1.48299	35.7	55
HiC_scaffold_117	1	31435	180	14479	46.0601	0.840337	35.6	50
HiC_scaffold_118	1	31168	317	17267	55.3998	1.47116	35.4	57.4
HiC_scaffold_119	1	31094	74	4893	15.7362	0.34608	36.1	47.6
HiC_scaffold_120	1	31000	158	9200	29.6774	0.740226	35.6	49.1
HiC_scaffold_121	1	30892	26	2718	8.79839	0.125923	36.1	45.9
HiC_scaffold_122	1	30671	347	7705	25.1215	1.67044	35.6	40.2
HiC_scaffold_123	1	30159	532	26147	86.6972	2.52986	35.9	59.9
HiC_scaffold_124	1	30112	14	1206	4.00505	0.0658209	35.9	44.5
HiC_scaffold_125	1	30000	133	2413	8.04333	0.6601	35.9	38.9
HiC_scaffold_126	1	30000	64	4051	13.5033	0.314767	35.7	49.8
HiC_scaffold_127	1	29632	494	5809	19.6038	2.27237	35.6	43.5
HiC_scaffold_128	1	29216	188	10865	37.1885	0.947186	35.7	49.7
HiC_scaffold_129	1	29000	44	1992	6.86897	0.22031	35.3	45.8
HiC_scaffold_130	1	28743	18	1433	4.98556	0.0921268	35.1	55.7
HiC_scaffold_131	1	28267	590	8716	30.8345	3.10235	35.8	41
HiC_scaffold_132	1	28006	308	6234	22.2595	1.59466	35.5	42.8
HiC_scaffold_133	1	27859	142	9561	34.3193	0.731864	35.5	55.2
HiC_scaffold_134	1	27837	605	25062	90.0313	3.00909	35.5	59.5
HiC_scaffold_135	1	27503	160	4365	15.871	0.859688	35.9	42.7
HiC_scaffold_136	1	27405	511	24432	89.1516	2.71432	35.7	60
HiC_scaffold_137	1	27128	2	300	1.10587	0.0110587	36.8	40
HiC_scaffold_138	1	27000	163	10171	37.6704	0.872852	35.7	51.6
HiC_scaffold_139	1	26958	90	3291	12.2079	0.482603	34.8	48.2
HiC_scaffold_140	1	26822	82	3611	13.4628	0.440795	35.5	41.7
HiC_scaffold_141	1	26714	699	12211	45.7101	3.70368	35.7	45.2
HiC_scaffold_142	1	26597	298	11286	42.4334	1.56597	35.5	48
HiC_scaffold_143	1	26526	59	2755	10.386	0.297105	34.9	54.1
HiC_scaffold_144	1	26403	254	3376	12.7864	1.43472	35.8	41.8
HiC_scaffold_145	1	26321	496	12795	48.6114	2.75168	35.5	44.2
HiC_scaffold_146	1	26302	220	3008	11.4364	1.1309	35.3	38.9
HiC_scaffold_147	1	26228	97	4876	18.5908	0.518759	35.7	52.6
HiC_scaffold_148	1	26220	153	4868	18.566	0.856674	35.7	41.7
HiC_scaffold_149	1	26169	96	7478	28.5758	0.538194	35.6	51.2
HiC_scaffold_150	1	26140	463	23296	89.1201	2.54698	35.5	59.9
HiC_scaffold_151	1	25970	133	5227	20.1271	0.727416	35.7	39.9
HiC_scaffold_152	1	25914	81	4074	15.7212	0.428571	35.5	45.6
HiC_scaffold_153	1	25756	29	2206	8.56499	0.16171	36.4	47.1
HiC_scaffold_154	1	25701	155	9872	38.411	0.877476	35.9	52.4
HiC_scaffold_155	1	25484	762	12722	49.9215	4.33174	35.5	42.9
HiC_scaffold_156	1	25347	1962	13563	53.5093	11.0285	35.2	45.4
HiC_scaffold_157	1	25300	162	7347	29.0395	0.943992	35.7	48
HiC_scaffold_158	1	25137	457	10289	40.9317	2.59753	35.3	41.1
HiC_scaffold_159	1	25068	82	3183	12.6975	0.473911	35.8	46.1
HiC_scaffold_160	1	25021	278	15086	60.2934	1.60277	35.5	56.6
HiC_scaffold_161	1	25021	44	3680	14.7076	0.256225	35.8	51.3
HiC_scaffold_162	1	25013	399	1741	6.96038	1.87387	35.2	44.2
HiC_scaffold_163	1	25000	10	855	3.42	0.05912	35.1	35.8
HiC_scaffold_164	1	25000	20	764	3.056	0.11944	35	36.5
HiC_scaffold_166	1	25000	167	4783	19.132	0.96636	35.4	38
HiC_scaffold_167	1	25000	389	20277	81.108	2.2186	35.5	58.9
HiC_scaffold_168	1	25000	505	22684	90.736	2.94768	35.6	60
HiC_scaffold_169	1	25000	429	20963	83.852	2.44488	35.6	59.1
HiC_scaffold_170	1	25000	386	20841	83.364	2.208	35.8	60
HiC_scaffold_171	1	25000	392	21092	84.368	2.26116	35.8	60
HiC_scaffold_172	1	25000	436	22226	88.904	2.4956	35.8	59.9
HiC_scaffold_173	1	25000	448	22161	88.644	2.54616	35.4	59.9
HiC_scaffold_174	1	25000	416	21485	85.94	2.34268	35.5	60
HiC_scaffold_175	1	25000	454	22205	88.82	2.60732	35.7	60
HiC_scaffold_176	1	25000	390	20013	80.052	2.25612	35.8	59.6
HiC_scaffold_177	1	25000	409	22216	88.864	2.33316	35.9	59.6
HiC_scaffold_178	1	25000	371	20444	81.776	2.15928	35.5	59.7
HiC_scaffold_179	1	25000	479	22870	91.48	2.79908	35.7	59.8
HiC_scaffold_180	1	25000	430	18154	72.616	2.41252	35.8	55.8
HiC_scaffold_181	1	25000	407	21585	86.34	2.3508	35.7	60
HiC_scaffold_182	1	25000	448	21939	87.756	2.59076	35.6	60
HiC_scaffold_183	1	25000	123	3953	15.812	0.72572	35.8	43.1
HiC_scaffold_184	1	25000	417	21503	86.012	2.35252	35.6	59.9
HiC_scaffold_185	1	25000	1082	24900	99.6	6.25172	35.6	59.8
HiC_scaffold_186	1	25000	419	21250	85	2.4128	35.5	59.8
HiC_scaffold_187	1	25000	19	1574	6.296	0.10784	35.6	51.2
HiC_scaffold_188	1	24887	107	3915	15.7311	0.587375	35.8	43.4
HiC_scaffold_189	1	24881	923	15900	63.9042	4.85527	35.6	41.9
HiC_scaffold_190	1	24860	256	14611	58.7731	1.50314	35.6	56.7
HiC_scaffold_191	1	24785	173	10907	44.0065	1.01202	35.8	49.2
HiC_scaffold_192	1	24606	20	908	3.69016	0.11737	35	41.4
HiC_scaffold_193	1	24582	303	3309	13.4611	1.78907	35.4	44
HiC_scaffold_194	1	24552	1120	15326	62.4226	6.38693	35.4	47.4
HiC_scaffold_195	1	24515	101	7306	29.8022	0.598328	35.1	53.5
HiC_scaffold_196	1	24429	133	6388	26.1492	0.750911	35.7	53.1
HiC_scaffold_197	1	24404	110	5838	23.9223	0.640756	35.8	55.4
HiC_scaffold_198	1	24065	245	15737	65.3937	1.44355	35.6	56.3
HiC_scaffold_199	1	24034	116	6729	27.9978	0.714446	35.6	50
HiC_scaffold_200	1	24000	42	1631	6.79583	0.250583	36.5	49.3
HiC_scaffold_201	1	24000	1034	4658	19.4083	6.35712	35.6	47.4
HiC_scaffold_202	1	23940	384	4851	20.2632	2.23346	35.6	39.9
HiC_scaffold_203	1	23878	141	2689	11.2614	0.877125	35.4	37
HiC_scaffold_204	1	23813	109	9015	37.8575	0.679125	35.1	52.5
HiC_scaffold_205	1	23764	58	4666	19.6347	0.347543	35.1	54.8
HiC_scaffold_206	1	23660	15	1185	5.00845	0.0882502	35.5	48.6
HiC_scaffold_207	1	23581	298	18096	76.7397	1.85357	35.7	54.5
HiC_scaffold_208	1	23490	70	3107	13.2269	0.433333	35.9	42.1
HiC_scaffold_209	1	23453	196	9819	41.8667	1.19951	35.9	57.1
HiC_scaffold_210	1	23041	56	3403	14.7693	0.340871	35.9	58.1
HiC_scaffold_211	1	23000	536	2643	11.4913	3.45613	35.9	39
HiC_scaffold_212	1	23000	133	8354	36.3217	0.833913	35.4	47.6
HiC_scaffold_213	1	23000	65	3760	16.3478	0.373913	35.7	50.7
HiC_scaffold_214	1	23000	171	4890	21.2609	1.08365	35.7	39.4
HiC_scaffold_215	1	23000	93	4008	17.4261	0.582957	35.7	55.2
HiC_scaffold_216	1	22979	11	1105	4.80874	0.0717612	36.5	38.8
HiC_scaffold_217	1	22964	209	3296	14.3529	1.35286	35.7	40.7
HiC_scaffold_218	1	22956	105	8387	36.5351	0.664576	35.9	52.2
HiC_scaffold_220	1	22604	229	13943	61.6838	1.49018	35.8	50.9
HiC_scaffold_221	1	22426	29	1698	7.57157	0.188888	36	58.2
HiC_scaffold_222	1	22303	235	10430	46.765	1.5441	35.3	48.5
HiC_scaffold_223	1	22199	128	4556	20.5234	0.839407	35.7	46.4
HiC_scaffold_224	1	22128	9	1033	4.66829	0.0545463	34.8	49
HiC_scaffold_225	1	22127	10	602	2.72066	0.0646269	35.9	42.7
HiC_scaffold_226	1	21688	227	7717	35.5819	1.53029	35.9	49.7
HiC_scaffold_227	1	21648	278	15581	71.9743	1.83929	35.8	53.6
HiC_scaffold_228	1	21608	244	11376	52.6472	1.53397	35.9	53.4
HiC_scaffold_229	1	21598	8	894	4.13927	0.0550051	35.2	38.6
HiC_scaffold_230	1	21510	28	1284	5.96932	0.182892	34.8	50.3
HiC_scaffold_231	1	21437	63	3613	16.854	0.42296	35.3	45.3
HiC_scaffold_232	1	21282	185	12094	56.8274	1.2597	35.8	49.5
HiC_scaffold_233	1	20959	214	4819	22.9925	1.3379	35.5	40.5
HiC_scaffold_234	1	20824	25	1358	6.52132	0.165386	34.5	54.9
HiC_scaffold_235	1	20622	61	3804	18.4463	0.430802	35.7	57.7
HiC_scaffold_236	1	20377	58	3989	19.576	0.396525	35.5	52.9
HiC_scaffold_237	1	20369	127	8742	42.9182	0.9133	35.5	49.4
HiC_scaffold_238	1	20340	37	2356	11.5831	0.267207	35.2	47.9
HiC_scaffold_239	1	20281	31	1571	7.74617	0.215719	34	43.3
HiC_scaffold_240	1	20166	48	3063	15.1889	0.339234	35.9	50.1
HiC_scaffold_241	1	20140	175	7512	37.2989	1.27135	35.4	50.5
HiC_scaffold_242	1	20135	289	16764	83.258	2.07609	35.8	59.6
HiC_scaffold_243	1	20122	27	1710	8.49816	0.18358	34.8	57.6
HiC_scaffold_244	1	20044	49	2243	11.1904	0.348833	35.3	44.1
HiC_scaffold_245	1	20021	53	2246	11.2182	0.379551	34.9	58.5
HiC_scaffold_246	1	20000	30	1804	9.02	0.19655	35.8	56.4
HiC_scaffold_247	1	20000	65	3962	19.81	0.45785	35.6	53.1
HiC_scaffold_248	1	19739	467	8981	45.4988	3.43705	35.6	44.5
HiC_scaffold_249	1	19737	157	11429	57.9065	1.14896	35.3	56.4
HiC_scaffold_250	1	19724	31	1532	7.76719	0.222014	36	52.8
HiC_scaffold_251	1	19667	103	2005	10.1947	0.758987	35.2	39.3
HiC_scaffold_252	1	19649	54	4764	24.2455	0.392081	36.1	50.5
HiC_scaffold_253	1	19394	54	5031	25.941	0.404042	35.5	52.2
HiC_scaffold_254	1	19304	100	4775	24.7358	0.735495	35.9	48.9
HiC_scaffold_255	1	19231	36	2328	12.1055	0.267069	35.8	48.1
HiC_scaffold_256	1	19176	200	8451	44.0707	1.54719	35.7	48.6
HiC_scaffold_257	1	19156	1621	7746	40.4364	11.7684	35.4	44.4
HiC_scaffold_258	1	19143	101	940	4.91041	0.69101	35.3	43.9
HiC_scaffold_259	1	19058	40	3833	20.1123	0.307377	35.1	47.7
HiC_scaffold_260	1	19000	141	4536	23.8737	1.09205	35.7	44.4
HiC_scaffold_261	1	18934	23	1753	9.25848	0.166737	36.2	52.2
HiC_scaffold_262	1	18930	1261	11135	58.822	9.61521	35.5	44.9
HiC_scaffold_263	1	18729	256	14880	79.449	2.00972	35.8	58.6
HiC_scaffold_264	1	18528	42	2223	11.9981	0.290641	35.3	60
HiC_scaffold_265	1	18283	49	2589	14.1607	0.399551	35.6	45
HiC_scaffold_266	1	18272	33	884	4.838	0.216123	36.1	43
HiC_scaffold_267	1	18066	53	3495	19.3457	0.428872	35	48.3
HiC_scaffold_268	1	18044	82	2460	13.6333	0.602084	35.7	42.9
HiC_scaffold_269	1	18026	86	4334	24.043	0.681016	35.4	53.6
HiC_scaffold_270	1	18000	111	4668	25.9333	0.878111	35.5	47.4
HiC_scaffold_271	1	18000	171	8718	48.4333	1.36761	35.9	49.4
HiC_scaffold_272	1	18000	62	2335	12.9722	0.506167	35.7	41.9
HiC_scaffold_273	1	17971	217	5908	32.8752	1.7639	35.8	45.6
HiC_scaffold_274	1	17888	56	3350	18.7276	0.46042	35.9	44.5
HiC_scaffold_275	1	17782	52	4167	23.4338	0.425768	35.2	53.3
HiC_scaffold_276	1	17690	64	5324	30.0961	0.516507	36.1	50.4
HiC_scaffold_277	1	17675	12	1165	6.59123	0.0978218	35.3	44.7
HiC_scaffold_278	1	17531	3	256	1.46027	0.0231019	34.3	46.7
HiC_scaffold_279	1	17508	257	3068	17.5234	1.31945	35.5	49.2
HiC_scaffold_280	1	17420	103	6634	38.0827	0.875316	35.7	52.7
HiC_scaffold_281	1	17399	49	2392	13.7479	0.406	35.8	58
HiC_scaffold_282	1	17398	82	6272	36.0501	0.637315	35.4	50.4
HiC_scaffold_283	1	17257	1020	8244	47.7719	7.43391	35.2	52.2
HiC_scaffold_284	1	17224	278	14854	86.2401	2.37146	35.8	53.7
HiC_scaffold_285	1	17131	100	5893	34.3996	0.837488	35.5	52.7
HiC_scaffold_286	1	17073	53	4500	26.3574	0.4643	35.7	49.8
HiC_scaffold_287	1	17000	46	2752	16.1882	0.391471	35	42.2
HiC_scaffold_288	1	16908	50	1676	9.91247	0.378637	35.5	53.5
HiC_scaffold_289	1	16758	121	2460	14.6796	0.964137	35.6	44.7
HiC_scaffold_290	1	16602	216	4799	28.9062	1.79599	35.7	42.5
HiC_scaffold_291	1	16449	213	836	5.08238	1.39285	35.4	45.5
HiC_scaffold_292	1	16346	48	2414	14.7681	0.426098	35.8	58.9
HiC_scaffold_293	1	16263	325	1507	9.26643	2.72508	35	44.1
HiC_scaffold_294	1	16061	141	8312	51.7527	1.24488	35.4	49.9
HiC_scaffold_295	1	16000	20	905	5.65625	0.160438	35.8	56.6
HiC_scaffold_296	1	16000	104	5236	32.725	0.931312	36	52.7
HiC_scaffold_297	1	16000	36	3205	20.0312	0.328437	35.1	54.6
HiC_scaffold_298	1	16000	77	3440	21.5	0.694125	35.5	46.7
HiC_scaffold_299	1	16000	24	1936	12.1	0.211812	35	49.6
HiC_scaffold_300	1	15603	149	5031	32.2438	1.37826	35.6	45.1
HiC_scaffold_301	1	15565	15	1129	7.25345	0.14372	35.6	54.8
HiC_scaffold_302	1	15554	320	4067	26.1476	3.05008	35.8	39.4
HiC_scaffold_303	1	15467	177	8283	53.5527	1.6241	35.3	46.3
HiC_scaffold_304	1	15433	64	2849	18.4604	0.613296	35.9	41.5
HiC_scaffold_305	1	15221	38	2276	14.953	0.35635	35.5	52.2
HiC_scaffold_306	1	15208	23	1071	7.04235	0.214755	36	59.1
HiC_scaffold_307	1	15128	15	975	6.445	0.142121	35.4	57.5
HiC_scaffold_308	1	15037	61	4760	31.6553	0.581299	36.1	51.6
HiC_scaffold_309	1	15027	106	4635	30.8445	1.00339	35.8	51.7
HiC_scaffold_310	1	15014	118	8093	53.903	1.13308	35.5	59.5
HiC_scaffold_311	1	15000	59	4176	27.84	0.5844	35.6	50.3
HiC_scaffold_312	1	14886	152	10021	67.3183	1.52089	35.7	49.8
HiC_scaffold_313	1	14872	64	1936	13.0178	0.619621	35.3	42.1
HiC_scaffold_314	1	14743	51	2215	15.0241	0.476362	35.8	60
HiC_scaffold_315	1	14719	28	1676	11.3866	0.270535	35.9	56.5
HiC_scaffold_316	1	14619	89	6125	41.8975	0.880703	35.6	53.8
HiC_scaffold_317	1	14567	39	2536	17.4092	0.394522	35.2	51.7
HiC_scaffold_318	1	14553	22	1748	12.0113	0.225864	35.9	45.7
HiC_scaffold_319	1	14548	213	7477	51.3954	2.13727	35.5	48.4
HiC_scaffold_320	1	14465	76	4502	31.1234	0.721673	36.1	49.9
HiC_scaffold_321	1	14408	95	5675	39.3878	0.944753	35.5	47.3
HiC_scaffold_322	1	14386	40	3127	21.7364	0.414709	35.9	46.2
HiC_scaffold_323	1	14298	136	4886	34.1726	1.12505	35.4	45.2
HiC_scaffold_324	1	14091	174	7576	53.7648	1.81761	35.7	48.7
HiC_scaffold_325	1	14000	86	3413	24.3786	0.900286	34.9	44.2
HiC_scaffold_326	1	14000	56	2639	18.85	0.566714	36.1	48.1
HiC_scaffold_327	1	13966	102	5669	40.5914	1.07189	36.1	45.8
HiC_scaffold_328	1	13312	254	12140	91.1959	2.76022	35.8	59.8
HiC_scaffold_329	1	13309	110	7933	59.6063	1.21256	35.6	48
HiC_scaffold_330	1	13245	111	6988	52.7595	1.23148	35.9	54.1
HiC_scaffold_331	1	13138	245	11729	89.2754	2.70627	35.5	59.5
HiC_scaffold_332	1	13083	2	120	0.917221	0.0183444	37	49
HiC_scaffold_333	1	13000	47	2680	20.6154	0.488846	35.7	50.9
HiC_scaffold_334	1	13000	60	3632	27.9385	0.667	35.8	52.1
HiC_scaffold_335	1	13000	39	2189	16.8385	0.429769	35.8	51.4
HiC_scaffold_336	1	12527	408	5852	46.7151	4.70176	35.5	41.6
HiC_scaffold_337	1	12325	24	2291	18.5882	0.292008	35.9	45.6
HiC_scaffold_338	1	12210	18	1395	11.4251	0.212285	34.1	50.2
HiC_scaffold_339	1	12140	183	8400	69.1928	2.1874	35.6	56.2
HiC_scaffold_340	1	12103	18	1184	9.7827	0.213583	34	54.2
HiC_scaffold_341	1	11792	14	425	3.60414	0.143233	35.3	57.1
HiC_scaffold_342	1	11769	50	1852	15.7363	0.635653	35.4	41.6
HiC_scaffold_343	1	11768	94	6189	52.5918	1.14132	35.5	54.2
HiC_scaffold_344	1	11552	157	9597	83.0765	1.96459	35.6	57.1
HiC_scaffold_345	1	11294	86	3005	26.607	1.08952	36	50.3
HiC_scaffold_346	1	11220	134	8062	71.8538	1.72879	35.6	58.7
HiC_scaffold_347	1	11009	1686	6389	58.0343	21.4871	35.3	42.6
HiC_scaffold_348	1	11007	101	5794	52.6392	1.28291	35.7	53
HiC_scaffold_349	1	11000	156	8669	78.8091	2.01982	35.9	56.2
HiC_scaffold_350	1	10932	104	3327	30.4336	1.39142	35.6	45
HiC_scaffold_351	1	10903	121	6471	59.3506	1.62203	35.6	54.8
HiC_scaffold_352	1	10862	174	8859	81.5596	2.27905	35.4	57.7
HiC_scaffold_353	1	10825	25	1925	17.7829	0.330069	35.4	53.1
HiC_scaffold_354	1	10780	131	7492	69.4991	1.7949	35.5	56.3
HiC_scaffold_355	1	10606	9	741	6.98661	0.114558	34.7	53.8
HiC_scaffold_356	1	10316	22	1136	11.012	0.300795	35.8	54.6
HiC_scaffold_357	1	10313	127	8060	78.1538	1.74644	35.7	55.2
HiC_scaffold_358	1	10116	28	1945	19.227	0.411526	35.8	50.9
HiC_scaffold_359	1	9728	1284	3512	36.102	17.9438	35.3	40.8
HiC_scaffold_360	1	9582	31	1690	17.6372	0.470883	35.1	52.8
HiC_scaffold_361	1	9577	55	4188	43.7298	0.825937	35.7	47.8
HiC_scaffold_362	1	9324	53	3196	34.2771	0.815423	35.6	47.2
HiC_scaffold_363	1	9309	175	8572	92.0829	2.71651	35.8	59.6
HiC_scaffold_364	1	9000	19	1495	16.6111	0.298667	36.3	52.7
HiC_scaffold_365	1	8972	37	2779	30.9741	0.597526	36.1	51.4
HiC_scaffold_366	1	8717	10	448	5.13938	0.171389	35.9	58.4
HiC_scaffold_367	1	8598	58	2709	31.5073	0.864154	35.4	49.1
HiC_scaffold_368	1	8517	37	2310	27.1222	0.637196	35.3	48.8
HiC_scaffold_369	1	8159	54	3781	46.3415	0.983944	35.9	53.9
HiC_scaffold_370	1	8000	33	766	9.575	0.533375	35.9	40.2
HiC_scaffold_371	1	7755	23	1954	25.1966	0.386589	35.1	53.9
HiC_scaffold_372	1	7349	51	3699	50.3334	0.988706	35.6	55.3
HiC_scaffold_373	1	7312	75	4635	63.3889	1.49658	35.8	52.1
HiC_scaffold_374	1	7226	16	1276	17.6585	0.329781	35.8	53.4
HiC_scaffold_375	1	7101	17	1128	15.8851	0.358541	36.2	53.1
HiC_scaffold_376	1	7000	193	3984	56.9143	3.904	35.6	39.2
HiC_scaffold_377	1	7000	58	3883	55.4714	1.21286	35.9	55.4
HiC_scaffold_378	1	7000	121	2082	29.7429	2.56629	35.7	40.4
HiC_scaffold_379	1	6605	164	4179	63.2702	3.3835	34.9	49.1
HiC_scaffold_380	1	6537	109	5856	89.5824	2.41885	35.6	58.9
HiC_scaffold_381	1	6484	78	3832	59.0993	1.71977	35.5	59.6
HiC_scaffold_382	1	6459	46	2970	45.9824	1.03437	35	52.7
HiC_scaffold_383	1	6245	31	2263	36.237	0.703283	35.6	51
HiC_scaffold_384	1	6125	104	5303	86.5796	2.47184	35.6	51.4
HiC_scaffold_385	1	6000	52	3962	66.0333	1.23783	35.3	55
HiC_scaffold_386	1	6000	27	1509	25.15	0.629833	35.6	59.3
HiC_scaffold_387	1	6000	134	5864	97.7333	3.25783	35.7	49.9
HiC_scaffold_388	1	5993	26	2171	36.2256	0.619556	35.6	45.8
HiC_scaffold_389	1	5821	81	4693	80.6219	2.03436	36.1	53.6
HiC_scaffold_390	1	5673	61	4028	71.003	1.57835	35.6	49.4
HiC_scaffold_391	1	5000	21	1386	27.72	0.5912	35.7	59
HiC_scaffold_392	1	5000	35	2661	53.22	1.0406	35.7	52.3
HiC_scaffold_393	1	4994	3085	4145	82.9996	84.1526	35.5	47.5
HiC_scaffold_394	1	4893	54	3506	71.6534	1.54976	35.9	53.1
HiC_scaffold_395	1	4891	49	2720	55.6123	1.44919	35.5	59.8
HiC_scaffold_396	1	4877	24	1717	35.2061	0.721755	35.7	49.6
HiC_scaffold_397	1	4000	41	1311	32.775	1.45775	34.7	39.7
HiC_scaffold_398	1	4000	71	3186	79.65	2.50175	35.9	56.6
HiC_scaffold_399	1	4000	51	2858	71.45	1.9105	36.4	53.9
HiC_scaffold_400	1	4000	301	1435	35.875	10.043	35.2	47.7
HiC_scaffold_401	1	3971	52	3123	78.6452	1.80635	35.1	59.3
HiC_scaffold_402	1	3919	27	1419	36.2082	0.985711	35.4	51.9
HiC_scaffold_403	1	3281	48	2858	87.1076	2.1085	35.9	58.6
HiC_scaffold_404	1	3264	7	599	18.3517	0.304841	35.6	50.4
HiC_scaffold_405	1	3259	61	2746	84.259	2.6502	35.6	60
HiC_scaffold_406	1	3042	10	752	24.7206	0.492439	35.4	50.3
HiC_scaffold_407	1	3035	49	2291	75.486	2.22405	35.3	60
HiC_scaffold_408	1	3003	4	520	17.316	0.193806	36.8	48
HiC_scaffold_409	1	3003	24	1807	60.1732	1.08225	35.8	51.3
HiC_scaffold_410	1	3000	32	2020	67.3333	1.54267	35	56.2
HiC_scaffold_411	1	3000	148	1194	39.8	7.13367	35.2	44.1
HiC_scaffold_412	1	3000	47	2533	84.4333	2.177	35.3	56.8
HiC_scaffold_413	1	3000	53	2669	88.9667	2.48767	35.9	58.5
HiC_scaffold_414	1	3000	50	2628	87.6	2.371	34.8	52
HiC_scaffold_415	1	2897	35	2092	72.2126	1.73524	35.5	51.9
HiC_scaffold_416	1	2563	148	1038	40.4994	7.5478	35.3	50.2
HiC_scaffold_417	1	2259	38	2118	93.7583	2.37716	35.3	60
HiC_scaffold_418	1	2125	9	532	25.0353	0.425412	36.2	55.6
HiC_scaffold_419	1	2021	35	1795	88.8174	2.48243	36.2	59.7
HiC_scaffold_420	1	2000	19	1390	69.5	1.1985	35.5	60
HiC_scaffold_421	1	2000	15	1172	58.6	1.0655	36	51.3
HiC_scaffold_422	1	2000	18	1296	64.8	1.2585	36.2	60
HiC_scaffold_424	1	1484	5	328	22.1024	0.34097	36	51.6
HiC_scaffold_425	1	1447	26	969	66.9661	2.57567	36.3	57.7
HiC_scaffold_427	1	1353	19	1146	84.7007	1.74353	35.9	60
HiC_scaffold_428	1	1184	12	876	73.9865	1.51689	36.1	50.5
HiC_scaffold_429	1	1175	19	868	73.8723	2.29447	36.4	60
HiC_scaffold_430	1	1138	30	995	87.4341	2.92091	35.9	57.8
HiC_scaffold_431	1	1108	14	958	86.4621	1.81227	35.4	60
HiC_scaffold_432	1	1097	41	1094	99.7265	5.34731	36	59.1
HiC_scaffold_433	1	1005	125	608	60.4975	17.5343	36	45.4
HiC_scaffold_434	1	1000	17	967	96.7	2.388	35.4	60
HiC_scaffold_435	1	1000	13	684	68.4	1.566	35.6	60
HiC_scaffold_436	1	1000	8	442	44.2	0.91	36.4	56.4
HiC_scaffold_437	1	1000	16	749	74.9	2.247	36.2	60
HiC_scaffold_438	1	1000	23	946	94.6	3.446	36.1	60
HiC_scaffold_439	1	1000	22	948	94.8	3.103	35.6	60
HiC_scaffold_440	1	1000	12	681	68.1	1.696	35.7	60
HiC_scaffold_441	1	1000	18	934	93.4	2.374	36	60
HiC_scaffold_442	1	1000	24	898	89.8	3.391	36.1	60
HiC_scaffold_443	1	1000	21	872	87.2	2.924	36.3	60
HiC_scaffold_444	1	1000	19	972	97.2	2.283	35.8	58.5
HiC_scaffold_445	1	1000	21	1000	100	3.037	35.9	60
HiC_scaffold_446	1	1000	16	720	72	2.375	35.9	38.8
HiC_scaffold_447	1	1000	35	1000	100	4.974	36.4	58.5
HiC_scaffold_448	1	1000	23	985	98.5	2.527	35.2	57.9
HiC_scaffold_449	1	1000	33	997	99.7	4.577	36.3	60
HiC_scaffold_450	1	1000	17	818	81.8	2.534	35.4	55.3
HiC_scaffold_451	1	1000	14	756	75.6	1.975	35	56.8
HiC_scaffold_452	1	1000	15	919	91.9	1.775	35.5	56.9
HiC_scaffold_453	1	1000	144	718	71.8	17.176	35.7	46.6
mitochondria	1	17813	85014	17682	99.2646	680.95	35.6	59.4
HiC_scaffold_165	1	25000	0	0	0	0	0	0
HiC_scaffold_219	1	22812	0	0	0	0	0	0
HiC_scaffold_423	1	1676	0	0	0	0	0	0
HiC_scaffold_426	1	1382	0	0	0	0	0	0
HiC_scaffold_454	1	2000	0	0	0	0	0	0
