#rname	startpos	endpos	numreads	covbases	coverage	meandepth	meanbaseq	meanmapq
HiC_scaffold_1	1	75050035	871011	57856340	77.0904	1.69452	35.5	59.1
HiC_scaffold_2	1	56816963	662328	43856929	77.1899	1.70054	35.5	59.2
HiC_scaffold_3	1	109611085	1221889	82293562	75.0778	1.6285	35.5	58.7
HiC_scaffold_4	1	81599725	938132	62437248	76.5165	1.6791	35.5	59.1
HiC_scaffold_5	1	72353455	847642	56217841	77.6989	1.71078	35.5	59.3
HiC_scaffold_6	1	67692486	793193	52386301	77.3886	1.71006	35.5	59.2
HiC_scaffold_7	1	59159807	686978	45313893	76.5957	1.69326	35.5	59
HiC_scaffold_8	1	13479537	80937	7444225	55.2261	0.880707	35.5	59.5
HiC_scaffold_9	1	58964884	691366	45512336	77.1855	1.71031	35.5	59.1
HiC_scaffold_10	1	36732878	427312	28036228	76.3246	1.69478	35.4	59
HiC_scaffold_11	1	27384	285	6547	23.9081	1.54174	35.2	42.4
HiC_scaffold_12	1	33592	1602	7646	22.7614	6.26396	35.1	44.8
HiC_scaffold_13	1	184337	7268	144124	78.1851	5.5215	35.5	52.2
HiC_scaffold_14	1	85992	3395	51417	59.7928	5.48377	34.8	46
HiC_scaffold_15	1	87022	999	29004	33.3295	1.56026	35.2	45.6
HiC_scaffold_16	1	89609	3585	11289	12.5981	4.27378	35.7	50.7
HiC_scaffold_17	1	164154	3075	57962	35.3095	2.69267	35.3	49.5
HiC_scaffold_18	1	104921	542	45503	43.3688	0.744274	35.3	53.2
HiC_scaffold_19	1	103720	480	33612	32.4065	0.666921	35.5	48.1
HiC_scaffold_20	1	90353	734	35091	38.8377	1.13547	35.1	48.4
HiC_scaffold_21	1	85252	335	20789	24.3854	0.551459	35.3	46
HiC_scaffold_22	1	80500	506	24339	30.2348	0.924671	35.4	48.5
HiC_scaffold_23	1	75743	338	22004	29.0509	0.650938	35.6	54
HiC_scaffold_24	1	75592	1638	18794	24.8624	3.04944	35.2	43.1
HiC_scaffold_25	1	72691	1363	35466	48.7901	2.67454	35.3	53.9
HiC_scaffold_26	1	71458	782	39426	55.1737	1.58404	35.5	46.5
HiC_scaffold_27	1	70045	2885	54019	77.1204	5.82631	35.3	51.5
HiC_scaffold_28	1	68558	111	5196	7.57898	0.217991	35.2	51.8
HiC_scaffold_29	1	68222	874	18922	27.7359	1.89926	35.5	45
HiC_scaffold_30	1	67017	800	37357	55.7426	1.73829	35.3	46.3
HiC_scaffold_31	1	65972	92	10472	15.8734	0.208073	35.2	45.7
HiC_scaffold_32	1	64000	774	38472	60.1125	1.69219	35.4	49.6
HiC_scaffold_33	1	62684	625	19472	31.0637	1.26581	35.4	41.8
HiC_scaffold_34	1	60035	388	26605	44.3158	0.875373	35.4	55.4
HiC_scaffold_35	1	59483	92	9826	16.519	0.227275	35.6	47.4
HiC_scaffold_36	1	58601	286	4776	8.15003	0.707787	35	43.8
HiC_scaffold_37	1	57907	154	11436	19.7489	0.374911	35.5	47.8
HiC_scaffold_38	1	57623	229	3176	5.51169	0.54211	35	38.1
HiC_scaffold_39	1	56881	825	21954	38.5964	1.65604	35.5	48.9
HiC_scaffold_40	1	56115	567	10378	18.4942	1.26961	35.5	39.1
HiC_scaffold_41	1	55753	591	15965	28.6352	1.49626	35.3	41.2
HiC_scaffold_42	1	55361	85	4516	8.15737	0.224219	34.7	45
HiC_scaffold_43	1	55333	605	12596	22.764	1.54991	35.2	40
HiC_scaffold_44	1	54697	1979	47791	87.3741	5.3577	35.6	55.7
HiC_scaffold_45	1	54079	94	3713	6.86588	0.183176	35.8	47
HiC_scaffold_46	1	53000	262	7241	13.6623	0.718868	35.4	38.9
HiC_scaffold_47	1	52728	1901	19958	37.8509	5.07681	34.8	46.5
HiC_scaffold_48	1	52696	380	24663	46.8024	1.06154	35.6	52.9
HiC_scaffold_49	1	52574	97	5009	9.52752	0.273824	35.2	37.7
HiC_scaffold_50	1	52452	46	1333	2.54137	0.0664798	35.6	52.4
HiC_scaffold_51	1	52291	286	6886	13.1686	0.721749	35.1	42.9
HiC_scaffold_52	1	50660	387	27242	53.7742	1.11936	35.6	56.7
HiC_scaffold_53	1	50444	1232	31358	62.164	3.59143	35.5	56.1
HiC_scaffold_54	1	50000	685	41811	83.622	1.9911	35.5	59.7
HiC_scaffold_55	1	49402	84	5882	11.9064	0.249464	35.3	44.2
HiC_scaffold_56	1	48994	229	7868	16.0591	0.64761	35.5	41.8
HiC_scaffold_57	1	48961	127	6217	12.6979	0.378403	35.4	42.2
HiC_scaffold_58	1	48913	279	14910	30.4827	0.840697	35.7	49
HiC_scaffold_59	1	48516	487	12906	26.6015	1.47883	35.3	48.6
HiC_scaffold_60	1	48449	412	29182	60.2324	1.26095	35.6	51.9
HiC_scaffold_61	1	48102	201	10040	20.8723	0.614881	35.2	46.8
HiC_scaffold_62	1	47095	481	34757	73.8019	1.49534	35.5	56.7
HiC_scaffold_63	1	45946	700	26408	57.4762	2.23856	35.3	49.6
HiC_scaffold_64	1	45702	176	5425	11.8704	0.534812	35.2	46.1
HiC_scaffold_65	1	45164	328	10156	22.4869	0.989992	35.2	44.4
HiC_scaffold_66	1	45000	1071	9043	20.0956	3.28138	35.4	47
HiC_scaffold_67	1	44932	798	10730	23.8805	2.2151	35.1	41.4
HiC_scaffold_68	1	44535	74	7181	16.1244	0.245605	35	43.3
HiC_scaffold_69	1	43359	543	14851	34.2513	1.83231	35.5	43.3
HiC_scaffold_70	1	43000	322	11511	26.7698	0.951465	35.3	42.4
HiC_scaffold_71	1	42000	448	14923	35.531	1.33038	35.4	47.1
HiC_scaffold_72	1	41780	32	2865	6.85735	0.11405	35	40.3
HiC_scaffold_73	1	41131	80	5751	13.9822	0.290414	35.3	45
HiC_scaffold_74	1	41000	164	12409	30.2659	0.59578	35.4	54
HiC_scaffold_75	1	40673	220	6107	15.0149	0.800384	35.5	41.3
HiC_scaffold_76	1	40021	277	6119	15.2895	0.958822	35	39.2
HiC_scaffold_77	1	40000	55	4331	10.8275	0.188875	34.4	53.7
HiC_scaffold_78	1	39995	177	16676	41.6952	0.653032	35.7	53.1
HiC_scaffold_79	1	39987	16	1382	3.45612	0.0544677	35.2	40.4
HiC_scaffold_80	1	39907	54	4392	11.0056	0.197409	35.2	52.7
HiC_scaffold_81	1	39785	314	6684	16.8003	0.918512	35.4	44.9
HiC_scaffold_82	1	39714	1359	11299	28.4509	4.70459	35.3	44.5
HiC_scaffold_83	1	39603	128	10127	25.5713	0.472439	35.7	53.1
HiC_scaffold_84	1	39032	1324	24590	62.9996	4.69692	35.2	48.6
HiC_scaffold_85	1	38821	333	10861	27.9771	1.22575	35.4	44.4
HiC_scaffold_86	1	38551	243	6333	16.4276	0.741615	35.4	46.8
HiC_scaffold_87	1	38336	293	7934	20.696	1.13669	35.4	40.8
HiC_scaffold_88	1	38081	245	6813	17.8908	0.890628	35.5	56.3
HiC_scaffold_89	1	37423	148	1541	4.11779	0.544692	35.3	42.5
HiC_scaffold_90	1	37049	353	10773	29.0777	1.4141	35.6	44
HiC_scaffold_91	1	37000	504	31013	83.8189	1.98203	35.4	59.9
HiC_scaffold_92	1	36719	26	2117	5.76541	0.106021	36.1	57
HiC_scaffold_93	1	36624	395	7863	21.4695	1.44812	35.3	40
HiC_scaffold_94	1	36550	138	3972	10.8673	0.559644	35.4	40.9
HiC_scaffold_95	1	35915	584	12851	35.7817	2.26095	35	42.5
HiC_scaffold_96	1	35569	388	12116	34.0634	1.61157	35.4	47.7
HiC_scaffold_97	1	35569	158	8263	23.2309	0.621328	35.4	47.4
HiC_scaffold_98	1	35521	257	5191	14.6139	0.749866	35.3	48.5
HiC_scaffold_99	1	35305	1075	25976	73.576	4.05297	35.3	58.2
HiC_scaffold_100	1	35285	366	24700	70.0014	1.51384	35.5	57.3
HiC_scaffold_101	1	35090	157	10913	31.1	0.606441	34.5	53.8
HiC_scaffold_102	1	34736	52	5579	16.0611	0.222363	35.9	47.1
HiC_scaffold_103	1	34662	918	17779	51.2925	3.62521	35.3	41.8
HiC_scaffold_104	1	34539	117	10838	31.379	0.506529	35.6	50.1
HiC_scaffold_105	1	34367	82	5553	16.1579	0.349638	35.1	50.8
HiC_scaffold_106	1	34092	17	1141	3.34683	0.061334	34.6	49.3
HiC_scaffold_107	1	34034	1149	29005	85.2236	4.87618	35.5	58.6
HiC_scaffold_108	1	34000	174	4770	14.0294	0.748853	35.2	39.5
HiC_scaffold_109	1	33013	349	11598	35.1316	1.48145	34.6	43.8
HiC_scaffold_110	1	32894	28	2341	7.1168	0.115553	35.8	49.3
HiC_scaffold_111	1	32703	72	7108	21.735	0.328777	35.3	48.3
HiC_scaffold_112	1	32055	140	9227	28.7849	0.622274	35.5	51.3
HiC_scaffold_113	1	31996	180	3315	10.3607	0.577353	35.4	42.7
HiC_scaffold_114	1	31869	199	7448	23.3707	0.779755	35.4	50.6
HiC_scaffold_115	1	31497	252	7126	22.6244	1.17459	35.3	41.2
HiC_scaffold_116	1	31452	246	16878	53.6627	1.15134	35.5	56.2
HiC_scaffold_117	1	31435	99	10263	32.6483	0.465341	35.8	51.1
HiC_scaffold_118	1	31168	281	16152	51.8224	1.28914	35.7	57.4
HiC_scaffold_119	1	31094	79	4387	14.1088	0.379623	35.3	48.9
HiC_scaffold_120	1	31000	112	7741	24.971	0.514484	35.6	48.1
HiC_scaffold_121	1	30892	51	3419	11.0676	0.238314	35.3	43.2
HiC_scaffold_122	1	30671	261	6538	21.3166	1.26755	35.3	40.1
HiC_scaffold_123	1	30159	418	26533	87.9771	2.04513	35.4	60
HiC_scaffold_124	1	30112	14	1710	5.6788	0.06964	35.8	38.9
HiC_scaffold_125	1	30000	147	2898	9.66	0.730533	35.3	37.4
HiC_scaffold_126	1	30000	43	2544	8.48	0.1895	35.2	52.1
HiC_scaffold_127	1	29632	350	5134	17.3259	1.56712	35.3	43
HiC_scaffold_128	1	29216	114	9535	32.6362	0.580025	35.6	51.3
HiC_scaffold_129	1	29000	27	2044	7.04828	0.136828	35.2	48.7
HiC_scaffold_130	1	28743	32	1888	6.56856	0.164423	35.2	54.5
HiC_scaffold_131	1	28267	484	9321	32.9748	2.53048	35.5	40.5
HiC_scaffold_132	1	28006	328	7047	25.1625	1.74355	35.4	40.2
HiC_scaffold_133	1	27859	112	9240	33.167	0.588786	35.1	56.8
HiC_scaffold_134	1	27837	344	22789	81.8659	1.75622	35.1	59.3
HiC_scaffold_135	1	27503	107	5163	18.7725	0.560593	35.4	41.1
HiC_scaffold_136	1	27405	384	22234	81.1312	2.01456	35.3	60
HiC_scaffold_137	1	27128	6	781	2.87894	0.0331761	36.3	40
HiC_scaffold_138	1	27000	121	9415	34.8704	0.649741	35.8	52.6
HiC_scaffold_139	1	26958	53	3450	12.7977	0.29112	35.3	45.9
HiC_scaffold_140	1	26822	61	2422	9.0299	0.332376	35.3	40.4
HiC_scaffold_141	1	26714	462	11008	41.2069	2.42285	35.3	44.4
HiC_scaffold_142	1	26597	98	7770	29.2138	0.50517	35.2	47.9
HiC_scaffold_143	1	26526	55	2460	9.27392	0.232677	35.7	55.9
HiC_scaffold_144	1	26403	261	4616	17.4829	1.47354	35.6	40.9
HiC_scaffold_145	1	26321	584	13474	51.1911	3.27818	35.3	41.2
HiC_scaffold_146	1	26302	166	3054	11.6113	0.822827	34.9	38.3
HiC_scaffold_147	1	26228	105	5427	20.6916	0.562872	35.7	51.8
HiC_scaffold_148	1	26220	420	6146	23.4401	2.38391	35.4	38.9
HiC_scaffold_149	1	26169	60	6278	23.9902	0.343307	35.5	50.7
HiC_scaffold_150	1	26140	342	21576	82.5402	1.92796	35.2	59.8
HiC_scaffold_151	1	25970	56	3600	13.8621	0.310474	36	40.8
HiC_scaffold_152	1	25914	69	4217	16.2731	0.354789	34.9	45.1
HiC_scaffold_153	1	25756	17	1943	7.54387	0.0989672	35.4	43.7
HiC_scaffold_154	1	25701	107	8748	34.0376	0.60912	35.4	51.8
HiC_scaffold_155	1	25484	869	13465	52.8371	4.96472	35.2	41.5
HiC_scaffold_156	1	25347	1134	11513	45.4215	6.15588	34.9	44.3
HiC_scaffold_157	1	25300	162	7876	31.1304	0.948933	35.3	43.4
HiC_scaffold_158	1	25137	493	11054	43.975	2.80929	35.3	41.4
HiC_scaffold_159	1	25068	46	2752	10.9781	0.273576	35.5	44.4
HiC_scaffold_160	1	25021	197	13987	55.901	1.15979	35.4	55.8
HiC_scaffold_161	1	25021	43	2847	11.3784	0.255346	35.5	49
HiC_scaffold_162	1	25013	531	1765	7.05633	2.39044	35.4	43.6
HiC_scaffold_163	1	25000	22	1028	4.112	0.1316	35.9	34.5
HiC_scaffold_164	1	25000	10	531	2.124	0.05984	35.3	38.6
HiC_scaffold_165	1	25000	26	1254	5.016	0.15368	35.8	38.1
HiC_scaffold_166	1	25000	141	3280	13.12	0.80916	34.8	37.9
HiC_scaffold_167	1	25000	315	18934	75.736	1.80392	35.4	59
HiC_scaffold_168	1	25000	354	21428	85.712	2.05616	35.3	59.9
HiC_scaffold_169	1	25000	393	21980	87.92	2.29504	35.5	59.5
HiC_scaffold_170	1	25000	318	20206	80.824	1.84472	35.5	59.7
HiC_scaffold_171	1	25000	326	21093	84.372	1.89664	35.4	60
HiC_scaffold_172	1	25000	285	19522	78.088	1.64928	35.3	59.7
HiC_scaffold_173	1	25000	333	20333	81.332	1.9394	35.5	60
HiC_scaffold_174	1	25000	321	20767	83.068	1.88664	35.4	59.9
HiC_scaffold_175	1	25000	352	21076	84.304	2.0696	35.6	60
HiC_scaffold_176	1	25000	313	19475	77.9	1.83608	35.4	58.9
HiC_scaffold_177	1	25000	342	20740	82.96	1.97252	35.7	59.7
HiC_scaffold_178	1	25000	342	20416	81.664	1.9826	35.4	59.5
HiC_scaffold_179	1	25000	270	19052	76.208	1.55584	35.3	59.9
HiC_scaffold_180	1	25000	297	17944	71.776	1.72528	35.6	56.2
HiC_scaffold_181	1	25000	322	21102	84.408	1.88928	35.5	59.8
HiC_scaffold_182	1	25000	354	21266	85.064	2.05176	35.4	59.9
HiC_scaffold_183	1	25000	130	4066	16.264	0.76244	35.9	43
HiC_scaffold_184	1	25000	329	20937	83.748	1.9306	35.7	60
HiC_scaffold_185	1	25000	619	24301	97.204	3.62568	35.6	59.8
HiC_scaffold_186	1	25000	309	20328	81.312	1.80324	35.7	59.8
HiC_scaffold_187	1	25000	6	885	3.54	0.03588	36.7	46.8
HiC_scaffold_188	1	24887	62	2357	9.47081	0.333226	35.7	43.4
HiC_scaffold_189	1	24881	607	14165	56.931	2.80443	35.2	43.1
HiC_scaffold_190	1	24860	195	14319	57.5986	1.14839	35.5	56.9
HiC_scaffold_191	1	24785	133	11076	44.6883	0.796046	35.6	48.7
HiC_scaffold_192	1	24606	21	1871	7.60384	0.127327	35.4	42.2
HiC_scaffold_193	1	24582	135	2972	12.0901	0.798755	35.1	47
HiC_scaffold_194	1	24552	508	13116	53.4213	2.83113	35.1	45.2
HiC_scaffold_195	1	24515	94	6886	28.0889	0.542321	35.5	53.8
HiC_scaffold_196	1	24429	118	5755	23.5581	0.653936	35.7	52.5
HiC_scaffold_197	1	24404	85	5784	23.701	0.5193	35.1	55.4
HiC_scaffold_198	1	24065	179	14686	61.0264	1.09499	35.5	56.4
HiC_scaffold_199	1	24034	90	7252	30.1739	0.545436	34.9	50.8
HiC_scaffold_200	1	24000	46	1217	5.07083	0.281083	35.8	42.8
HiC_scaffold_201	1	24000	773	4938	20.575	4.78246	35.4	46
HiC_scaffold_202	1	23940	379	5104	21.32	2.20543	35.3	38.5
HiC_scaffold_203	1	23878	61	1784	7.47131	0.377837	35.4	35.2
HiC_scaffold_204	1	23813	43	4245	17.8264	0.262462	35.4	54.3
HiC_scaffold_205	1	23764	67	4969	20.9098	0.392527	35	51.2
HiC_scaffold_206	1	23660	14	1274	5.38462	0.0819527	35.3	46.4
HiC_scaffold_207	1	23581	194	15521	65.8199	1.21297	35.5	54.1
HiC_scaffold_208	1	23490	76	3804	16.1941	0.469434	34.9	38.7
HiC_scaffold_209	1	23453	137	9363	39.9224	0.851703	35.3	56.6
HiC_scaffold_210	1	23041	49	3704	16.0757	0.302808	35.7	56.4
HiC_scaffold_211	1	23000	354	3756	16.3304	2.29561	35.7	38.7
HiC_scaffold_212	1	23000	88	6364	27.6696	0.545957	35.2	49.1
HiC_scaffold_213	1	23000	19	2131	9.26522	0.118043	36	53.9
HiC_scaffold_214	1	23000	70	4078	17.7304	0.455957	35.9	35.8
HiC_scaffold_215	1	23000	52	4241	18.4391	0.324043	35.1	56.3
HiC_scaffold_216	1	22979	11	1206	5.24827	0.0675399	33.9	43.5
HiC_scaffold_217	1	22964	101	4358	18.9775	0.642876	35.4	41.8
HiC_scaffold_218	1	22956	86	8054	35.0845	0.559287	35.1	48.4
HiC_scaffold_220	1	22604	125	11278	49.8938	0.815298	35.5	51.2
HiC_scaffold_221	1	22426	20	1856	8.27611	0.132436	35.7	49.4
HiC_scaffold_222	1	22303	182	9742	43.6802	1.20728	35.4	45.3
HiC_scaffold_223	1	22199	130	5297	23.8614	0.817649	35.5	48
HiC_scaffold_224	1	22128	14	1174	5.3055	0.0902928	33.8	51.4
HiC_scaffold_225	1	22127	2	300	1.35581	0.0135581	36.4	47.5
HiC_scaffold_226	1	21688	75	5271	24.3038	0.509498	35.3	52.5
HiC_scaffold_227	1	21648	281	15586	71.9974	1.8671	35.3	54.8
HiC_scaffold_228	1	21608	206	11242	52.027	1.33478	35.3	52.1
HiC_scaffold_229	1	21598	22	1148	5.31531	0.146727	34.4	38.2
HiC_scaffold_230	1	21510	15	1009	4.69084	0.0979544	34.6	55.9
HiC_scaffold_231	1	21437	26	2643	12.3292	0.180109	35.4	44.4
HiC_scaffold_232	1	21282	114	10256	48.191	0.794897	35.6	50.6
HiC_scaffold_233	1	20959	176	4798	22.8923	1.09032	34.9	38.9
HiC_scaffold_234	1	20824	28	1822	8.74952	0.196984	35.7	49.9
HiC_scaffold_235	1	20622	52	4189	20.3133	0.375036	35.3	54.7
HiC_scaffold_236	1	20377	35	3345	16.4156	0.257202	35.4	48.8
HiC_scaffold_237	1	20369	86	6317	31.0128	0.624184	35.1	52.5
HiC_scaffold_238	1	20340	35	2653	13.0433	0.24002	35	46.6
HiC_scaffold_239	1	20281	20	1235	6.08944	0.131207	35.3	43.8
HiC_scaffold_240	1	20166	22	2018	10.0069	0.156898	35.4	51.4
HiC_scaffold_241	1	20140	201	8502	42.2145	1.44667	35.4	49.3
HiC_scaffold_242	1	20135	234	14843	73.7174	1.67251	35.5	59.3
HiC_scaffold_243	1	20122	22	2021	10.0437	0.160123	35.1	52.1
HiC_scaffold_244	1	20044	34	1942	9.68868	0.234384	34	46.4
HiC_scaffold_245	1	20021	23	1564	7.8118	0.157934	35	60
HiC_scaffold_246	1	20000	41	2324	11.62	0.27165	35.2	51
HiC_scaffold_247	1	20000	37	3111	15.555	0.25845	35.6	49.5
HiC_scaffold_248	1	19739	466	10427	52.8244	3.48619	35.5	43.2
HiC_scaffold_249	1	19737	109	10421	52.7993	0.821756	35.4	57
HiC_scaffold_250	1	19724	20	1029	5.21699	0.14855	35.9	43.3
HiC_scaffold_251	1	19667	41	909	4.62196	0.304876	35.4	39.2
HiC_scaffold_252	1	19649	41	4320	21.9859	0.305715	35.9	49.6
HiC_scaffold_253	1	19394	24	2510	12.9421	0.182892	34.9	52.9
HiC_scaffold_254	1	19304	77	4463	23.1196	0.578481	35.8	49.8
HiC_scaffold_255	1	19231	14	1751	9.10509	0.109199	35.8	44.5
HiC_scaffold_256	1	19176	138	7103	37.0411	1.06644	35.8	49.6
HiC_scaffold_257	1	19156	2301	7957	41.5379	16.6823	35	43.5
HiC_scaffold_258	1	19143	96	1365	7.13054	0.663532	35.4	46.7
HiC_scaffold_259	1	19058	40	4209	22.0852	0.314409	35.7	47.2
HiC_scaffold_260	1	19000	107	5048	26.5684	0.813211	35.3	44
HiC_scaffold_261	1	18934	8	970	5.12306	0.0633781	34.6	49.2
HiC_scaffold_262	1	18930	466	8740	46.1701	3.54464	35.2	41.6
HiC_scaffold_263	1	18729	254	15989	85.3703	1.98014	35.5	57.2
HiC_scaffold_264	1	18528	28	2099	11.3288	0.199806	35.3	59.1
HiC_scaffold_265	1	18283	61	2657	14.5326	0.484275	35	42.2
HiC_scaffold_266	1	18272	31	538	2.9444	0.208954	35.1	44.5
HiC_scaffold_267	1	18066	34	3000	16.6058	0.277483	35.5	46.6
HiC_scaffold_268	1	18044	39	4150	22.9993	0.321381	35.6	42.7
HiC_scaffold_269	1	18026	122	5397	29.9401	0.997947	35.1	56.5
HiC_scaffold_270	1	18000	92	6696	37.2	0.751722	35.4	43.8
HiC_scaffold_271	1	18000	89	6442	35.7889	0.733556	35.8	52.3
HiC_scaffold_272	1	18000	119	3912	21.7333	0.979056	35.5	43.1
HiC_scaffold_273	1	17971	254	6605	36.7537	2.103	35.8	44.1
HiC_scaffold_274	1	17888	38	3202	17.9003	0.316413	35.7	42.8
HiC_scaffold_275	1	17782	25	2721	15.302	0.2092	35.6	57.4
HiC_scaffold_276	1	17690	51	4621	26.1221	0.430582	35.2	49.1
HiC_scaffold_277	1	17675	27	2241	12.6789	0.227949	35.6	42.7
HiC_scaffold_278	1	17531	5	268	1.52872	0.0338258	35.5	60
HiC_scaffold_279	1	17508	281	3000	17.135	1.34162	35	46.9
HiC_scaffold_280	1	17420	64	5339	30.6487	0.550574	35.8	51.7
HiC_scaffold_281	1	17399	48	2321	13.3398	0.409909	35.6	59.2
HiC_scaffold_282	1	17398	65	6158	35.3949	0.541614	35.6	52.1
HiC_scaffold_283	1	17257	1167	7378	42.7537	8.25103	34.9	51.2
HiC_scaffold_284	1	17224	203	13875	80.5562	1.75882	35.5	54.2
HiC_scaffold_285	1	17131	81	6944	40.5347	0.6992	36	50.6
HiC_scaffold_286	1	17073	23	2971	17.4017	0.201898	35.7	47.8
HiC_scaffold_287	1	17000	41	2358	13.8706	0.353412	35.4	42.8
HiC_scaffold_288	1	16908	31	1365	8.0731	0.227703	35.3	51.7
HiC_scaffold_289	1	16758	122	2478	14.787	0.955902	34.6	42.5
HiC_scaffold_290	1	16602	137	3413	20.5578	1.08704	35.1	40.7
HiC_scaffold_291	1	16449	155	542	3.29503	1.07101	34.8	41.2
HiC_scaffold_292	1	16346	29	2784	17.0317	0.262388	35.5	47.8
HiC_scaffold_293	1	16263	391	1495	9.19265	3.31126	34.8	42
HiC_scaffold_294	1	16061	128	6862	42.7246	1.13256	35.6	47.8
HiC_scaffold_295	1	16000	7	600	3.75	0.056625	35.3	60
HiC_scaffold_296	1	16000	71	4152	25.95	0.627812	35.6	50.2
HiC_scaffold_297	1	16000	25	1966	12.2875	0.217688	34.9	55.8
HiC_scaffold_298	1	16000	73	3014	18.8375	0.665063	35.5	40.6
HiC_scaffold_299	1	16000	51	2505	15.6562	0.44575	34.7	46.3
HiC_scaffold_300	1	15603	98	5226	33.4936	0.938858	35.6	46.4
HiC_scaffold_301	1	15565	12	887	5.69868	0.115516	35.8	56.7
HiC_scaffold_302	1	15554	135	3685	23.6917	1.28154	35.4	41
HiC_scaffold_303	1	15467	148	8331	53.8631	1.40661	35.1	48.4
HiC_scaffold_304	1	15433	49	3004	19.4648	0.455323	35.8	41.6
HiC_scaffold_305	1	15221	49	2917	19.1643	0.467118	35.4	44.3
HiC_scaffold_306	1	15208	16	886	5.82588	0.153932	35.8	60
HiC_scaffold_307	1	15128	21	1147	7.58197	0.193945	35.3	58.2
HiC_scaffold_308	1	15037	95	7499	49.8703	0.933032	35.5	51.8
HiC_scaffold_309	1	15027	77	4021	26.7585	0.749983	35.7	48.6
HiC_scaffold_310	1	15014	44	5129	34.1614	0.432463	35.2	60
HiC_scaffold_311	1	15000	34	3634	24.2267	0.336467	35.1	49.2
HiC_scaffold_312	1	14886	143	10099	67.8423	1.42496	35.6	49.4
HiC_scaffold_313	1	14872	76	2911	19.5737	0.76049	35.5	41.5
HiC_scaffold_314	1	14743	28	1695	11.497	0.28115	35.6	60
HiC_scaffold_315	1	14719	21	1332	9.04953	0.198994	36.3	48.7
HiC_scaffold_316	1	14619	46	4207	28.7776	0.424448	36	54.2
HiC_scaffold_317	1	14567	20	2212	15.185	0.205808	36.2	48.4
HiC_scaffold_318	1	14553	21	1833	12.5953	0.216175	35.9	43.2
HiC_scaffold_319	1	14548	258	8730	60.0082	2.62366	35.6	48.3
HiC_scaffold_320	1	14465	54	3884	26.851	0.54739	35.5	48.4
HiC_scaffold_321	1	14408	122	5734	39.7973	1.23827	35.5	45
HiC_scaffold_322	1	14386	26	2301	15.9947	0.270124	35.4	44.1
HiC_scaffold_323	1	14298	224	6419	44.8944	2.01958	34.3	50.5
HiC_scaffold_324	1	14091	145	6879	48.8184	1.51011	35.5	47.1
HiC_scaffold_325	1	14000	67	4582	32.7286	0.690571	35.5	46.2
HiC_scaffold_326	1	14000	48	3303	23.5929	0.471429	35.6	46
HiC_scaffold_327	1	13966	53	4314	30.8893	0.563655	35.5	45.4
HiC_scaffold_328	1	13312	164	10698	80.3636	1.79267	35.2	60
HiC_scaffold_329	1	13309	71	6334	47.5919	0.782703	35.7	49.1
HiC_scaffold_330	1	13245	91	6720	50.7361	1.01578	35.7	53.6
HiC_scaffold_331	1	13138	158	11031	83.9626	1.76793	35.2	59.6
HiC_scaffold_332	1	13083	4	582	4.44852	0.0444852	36.2	42
HiC_scaffold_333	1	13000	51	3624	27.8769	0.584846	35.4	48.2
HiC_scaffold_334	1	13000	19	1654	12.7231	0.210769	35.3	59.3
HiC_scaffold_335	1	13000	39	2960	22.7692	0.441538	34.9	52.2
HiC_scaffold_336	1	12527	266	5472	43.6816	3.06817	35.2	39.2
HiC_scaffold_337	1	12325	12	1798	14.5882	0.145882	35.7	43.9
HiC_scaffold_338	1	12210	16	1773	14.5209	0.190581	35.8	46.7
HiC_scaffold_339	1	12140	121	8386	69.0774	1.4355	35.4	58
HiC_scaffold_340	1	12103	34	2348	19.4001	0.403041	35.4	49.8
HiC_scaffold_341	1	11792	5	515	4.36737	0.0542741	36	56
HiC_scaffold_342	1	11769	92	2058	17.4866	1.13731	35.3	40.6
HiC_scaffold_343	1	11768	63	4737	40.2532	0.739888	35.3	52.4
HiC_scaffold_344	1	11552	80	5959	51.5841	1.0058	35.6	56.6
HiC_scaffold_345	1	11294	35	2637	23.3487	0.451479	35.7	52.9
HiC_scaffold_346	1	11220	109	8269	73.6988	1.42834	35.7	55.6
HiC_scaffold_347	1	11009	1273	6461	58.6883	16.3168	34.9	41.6
HiC_scaffold_348	1	11007	58	5031	45.7073	0.772781	35.8	48.7
HiC_scaffold_349	1	11000	112	7306	66.4182	1.49209	35.3	56.8
HiC_scaffold_350	1	10932	46	2706	24.753	0.605379	35.8	45.2
HiC_scaffold_351	1	10903	98	6044	55.4343	1.32908	35.2	59.6
HiC_scaffold_352	1	10862	131	7986	73.5224	1.75658	35.3	58.7
HiC_scaffold_353	1	10825	34	3295	30.4388	0.458661	35.7	52.9
HiC_scaffold_354	1	10780	89	6588	61.1132	1.18748	35.5	55.6
HiC_scaffold_355	1	10606	5	652	6.14746	0.0614746	36.5	54.2
HiC_scaffold_356	1	10316	17	554	5.3703	0.211419	35.8	60
HiC_scaffold_357	1	10313	130	7927	76.8642	1.84728	35.5	57.7
HiC_scaffold_358	1	10116	30	1707	16.8743	0.440688	35.4	49.3
HiC_scaffold_359	1	9728	703	3788	38.9391	9.63754	35.3	39.5
HiC_scaffold_360	1	9582	56	3055	31.8827	0.84617	35.6	52
HiC_scaffold_361	1	9577	20	2233	23.3163	0.312937	34.4	50
HiC_scaffold_362	1	9324	28	2719	29.1613	0.442728	35.5	47.2
HiC_scaffold_363	1	9309	113	7913	85.0038	1.76367	35.5	59.8
HiC_scaffold_364	1	9000	13	1011	11.2333	0.199556	36.2	49.9
HiC_scaffold_365	1	8972	20	1281	14.2778	0.298707	35.3	57
HiC_scaffold_366	1	8717	10	487	5.58678	0.143169	35.7	54.4
HiC_scaffold_367	1	8598	117	3163	36.7876	1.70702	34.4	47.2
HiC_scaffold_368	1	8517	48	2770	32.5232	0.812258	35.7	48
HiC_scaffold_369	1	8159	43	2648	32.455	0.785758	35.3	51.3
HiC_scaffold_370	1	8000	16	386	4.825	0.269625	36	42.3
HiC_scaffold_371	1	7755	15	1658	21.3798	0.280335	35.8	51.7
HiC_scaffold_372	1	7349	37	2315	31.5009	0.711525	34.9	56.3
HiC_scaffold_373	1	7312	46	3549	48.5367	0.856264	35.9	53.6
HiC_scaffold_374	1	7226	9	784	10.8497	0.176308	35.2	46
HiC_scaffold_375	1	7101	14	860	12.111	0.293057	33.9	57.3
HiC_scaffold_376	1	7000	104	3385	48.3571	2.13686	35.5	41.3
HiC_scaffold_377	1	7000	60	4021	57.4429	1.24971	35.1	58
HiC_scaffold_378	1	7000	101	2554	36.4857	2.15443	35.7	41
HiC_scaffold_379	1	6605	61	2253	34.1105	1.27676	35.3	49
HiC_scaffold_380	1	6537	78	4983	76.2276	1.74774	35.2	58.3
HiC_scaffold_381	1	6484	56	3925	60.5336	1.28609	35.5	59.6
HiC_scaffold_382	1	6459	32	2823	43.7065	0.738969	35.6	52.8
HiC_scaffold_383	1	6245	28	1662	26.6133	0.630424	35.3	49.1
HiC_scaffold_384	1	6125	93	5132	83.7878	2.26302	35	52
HiC_scaffold_385	1	6000	47	3171	52.85	1.1055	35.6	56.3
HiC_scaffold_386	1	6000	18	1783	29.7167	0.429	36.2	58.7
HiC_scaffold_387	1	6000	76	4851	80.85	1.87833	35.6	51.5
HiC_scaffold_388	1	5993	14	1096	18.288	0.325213	33.9	50.2
HiC_scaffold_389	1	5821	58	4750	81.6011	1.48102	35.4	50.5
HiC_scaffold_390	1	5673	113	5368	94.6237	2.97303	35.9	51
HiC_scaffold_391	1	5000	26	1480	29.6	0.7612	35.2	59.2
HiC_scaffold_392	1	5000	30	2325	46.5	0.8866	35.4	52.5
HiC_scaffold_393	1	4994	2958	3771	75.5106	79.6284	35	46.7
HiC_scaffold_394	1	4893	61	4119	84.1815	1.84856	35.3	54
HiC_scaffold_395	1	4891	42	3065	62.6661	1.22081	35.8	59.5
HiC_scaffold_396	1	4877	6	731	14.9887	0.184335	36.3	42.5
HiC_scaffold_397	1	4000	25	1414	35.35	0.8485	35.2	43.9
HiC_scaffold_398	1	4000	61	3335	83.375	2.05175	34.7	57.8
HiC_scaffold_400	1	4000	353	1298	32.45	11.4332	35.1	47
HiC_scaffold_401	1	3971	32	2443	61.521	1.19491	36.3	59
HiC_scaffold_402	1	3919	20	1181	30.1352	0.715489	35.4	53.4
HiC_scaffold_403	1	3281	36	2899	88.3572	1.60896	35.6	55.4
HiC_scaffold_404	1	3264	11	827	25.337	0.492341	34.9	47.8
HiC_scaffold_405	1	3259	48	2845	87.2967	2.18012	35.6	60
HiC_scaffold_406	1	3042	20	1471	48.3563	0.971072	35.7	55.7
HiC_scaffold_407	1	3035	23	2195	72.3229	1.09489	35.7	60
HiC_scaffold_408	1	3003	12	1331	44.3223	0.599068	35.4	45.6
HiC_scaffold_409	1	3003	16	1286	42.8238	0.791875	34.9	53.2
HiC_scaffold_410	1	3000	39	2243	74.7667	1.79133	35.6	56
HiC_scaffold_411	1	3000	67	1987	66.2333	3.16367	35.7	44.5
HiC_scaffold_412	1	3000	49	2322	77.4	2.26567	35.7	56.9
HiC_scaffold_413	1	3000	31	2342	78.0667	1.37267	35.6	58
HiC_scaffold_414	1	3000	27	2631	87.7	1.34267	35.5	49.9
HiC_scaffold_415	1	2897	22	1756	60.6144	1.05834	36.1	57.5
HiC_scaffold_416	1	2563	69	1022	39.8751	3.14241	35.2	47.1
HiC_scaffold_417	1	2259	33	1929	85.3918	1.81231	35.3	58.6
HiC_scaffold_418	1	2125	4	555	26.1176	0.282353	34.7	55.8
HiC_scaffold_419	1	2021	40	1962	97.0807	2.86937	35.6	60
HiC_scaffold_420	1	2000	27	1728	86.4	1.9235	35.8	60
HiC_scaffold_421	1	2000	12	1199	59.95	0.8585	35	52.2
HiC_scaffold_422	1	2000	48	1832	91.6	3.345	35.5	60
HiC_scaffold_423	1	1676	2	296	17.6611	0.176611	36.6	60
HiC_scaffold_424	1	1484	10	667	44.9461	0.849057	36.5	47.2
HiC_scaffold_425	1	1447	13	832	57.4983	1.34554	35.7	56.6
HiC_scaffold_426	1	1382	2	300	21.7077	0.217077	34.4	60
HiC_scaffold_427	1	1353	24	1181	87.2875	2.33259	35.5	60
HiC_scaffold_429	1	1175	9	681	57.9574	1.07489	35.1	60
HiC_scaffold_430	1	1138	7	564	49.5606	0.771529	35.3	57.6
HiC_scaffold_431	1	1108	25	1052	94.9458	3.17419	35.2	60
HiC_scaffold_432	1	1097	28	1074	97.9034	3.7639	35.6	59.5
HiC_scaffold_433	1	1005	50	486	48.3582	7.04478	35.2	45.2
HiC_scaffold_434	1	1000	9	731	73.1	1.309	33.9	60
HiC_scaffold_435	1	1000	13	730	73	1.734	35.5	60
HiC_scaffold_436	1	1000	5	384	38.4	0.589	32.7	60
HiC_scaffold_437	1	1000	11	724	72.4	1.602	35.5	60
HiC_scaffold_438	1	1000	13	922	92.2	1.891	35.6	60
HiC_scaffold_439	1	1000	8	653	65.3	1.104	35.1	60
HiC_scaffold_440	1	1000	10	634	63.4	1.195	34.6	60
HiC_scaffold_441	1	1000	10	713	71.3	1.453	34.8	60
HiC_scaffold_442	1	1000	10	725	72.5	1.478	35.4	60
HiC_scaffold_443	1	1000	21	984	98.4	2.959	35.6	60
HiC_scaffold_444	1	1000	12	918	91.8	1.7	36	60
HiC_scaffold_445	1	1000	15	886	88.6	2.014	36	60
HiC_scaffold_446	1	1000	24	801	80.1	3.354	35.6	48.8
HiC_scaffold_447	1	1000	14	861	86.1	1.887	36.4	58.1
HiC_scaffold_448	1	1000	20	866	86.6	2.054	35	55.8
HiC_scaffold_449	1	1000	10	786	78.6	1.413	35	60
HiC_scaffold_450	1	1000	8	741	74.1	1.183	36	57.4
HiC_scaffold_452	1	1000	9	772	77.2	1.35	35.1	60
HiC_scaffold_453	1	1000	40	666	66.6	4.755	34.7	46.2
HiC_scaffold_454	1	2000	20	842	42.1	1.472	34.2	43
mitochondria	1	17813	55332	17613	98.8772	449.299	35.4	59.4
HiC_scaffold_219	1	22812	0	0	0	0	0	0
HiC_scaffold_399	1	4000	0	0	0	0	0	0
HiC_scaffold_428	1	1184	0	0	0	0	0	0
HiC_scaffold_451	1	1000	0	0	0	0	0	0
