#rname	startpos	endpos	numreads	covbases	coverage	meandepth	meanbaseq	meanmapq
HiC_scaffold_1	1	75050035	839517	56977363	75.9192	1.63342	35.5	59.2
HiC_scaffold_2	1	56816963	635065	43046760	75.7639	1.63023	35.5	59.2
HiC_scaffold_3	1	109611085	1178505	80955489	73.857	1.57083	35.5	58.7
HiC_scaffold_4	1	81599725	900596	61254063	75.0665	1.61167	35.5	59.1
HiC_scaffold_5	1	72353455	814425	55166926	76.2464	1.64347	35.5	59.3
HiC_scaffold_6	1	67692486	763841	51455586	76.0137	1.64682	35.5	59.2
HiC_scaffold_7	1	59159807	660411	44511099	75.2387	1.62841	35.5	59
HiC_scaffold_8	1	13479537	77713	7221769	53.5758	0.84502	35.5	59.5
HiC_scaffold_9	1	58964884	662168	44674507	75.7646	1.63787	35.5	59.1
HiC_scaffold_10	1	36732878	409991	27553824	75.0113	1.62655	35.5	59
HiC_scaffold_11	1	27384	141	5572	20.3476	0.75084	35.1	45
HiC_scaffold_12	1	33592	2289	7973	23.7348	9.14262	35.1	45.9
HiC_scaffold_13	1	184337	6727	143594	77.8975	5.11442	35.5	52.5
HiC_scaffold_14	1	85992	3337	52641	61.2162	5.4009	34.9	45.6
HiC_scaffold_15	1	87022	1411	29340	33.7156	2.23722	35.2	46.1
HiC_scaffold_16	1	89609	2210	8788	9.80705	2.70622	35.7	51.1
HiC_scaffold_17	1	164154	2372	48394	29.4809	2.047	35.4	48.7
HiC_scaffold_18	1	104921	101	6899	6.57542	0.134778	35.6	44.1
HiC_scaffold_19	1	103720	462	33190	31.9996	0.636878	35.5	48.4
HiC_scaffold_20	1	90353	629	32753	36.25	0.995174	35.2	51.1
HiC_scaffold_21	1	85252	420	27126	31.8186	0.717356	35.6	48.2
HiC_scaffold_22	1	80500	370	22381	27.8025	0.678286	35.6	50.9
HiC_scaffold_23	1	75743	383	23413	30.9111	0.732041	35.3	55.2
HiC_scaffold_24	1	75592	1201	16600	21.96	2.25652	35.2	43.4
HiC_scaffold_25	1	72691	1601	36786	50.606	3.16356	35.3	54.2
HiC_scaffold_26	1	71458	683	39586	55.3976	1.39257	35.5	48.3
HiC_scaffold_27	1	70045	2783	51637	73.7198	5.65052	35.3	52.2
HiC_scaffold_28	1	68558	94	4844	7.06555	0.176668	35.5	55.9
HiC_scaffold_29	1	68222	981	19014	27.8708	2.13478	35.5	44.5
HiC_scaffold_30	1	67017	802	35442	52.8851	1.74538	35.2	46.4
HiC_scaffold_31	1	65972	63	6760	10.2468	0.140696	35.6	48
HiC_scaffold_32	1	64000	731	33576	52.4625	1.56205	35.5	49.8
HiC_scaffold_33	1	62684	554	18397	29.3488	1.10722	35.3	43.4
HiC_scaffold_34	1	60035	550	32469	54.0835	1.27427	35.4	56.4
HiC_scaffold_35	1	59483	128	12748	21.4313	0.308895	35.5	49.4
HiC_scaffold_36	1	58601	397	4530	7.73024	0.98756	35.2	43.1
HiC_scaffold_37	1	57907	155	10705	18.4865	0.389435	35.8	49.7
HiC_scaffold_38	1	57623	278	2968	5.15072	0.635076	35.4	38.6
HiC_scaffold_39	1	56881	544	17772	31.2442	1.03796	35.3	49.3
HiC_scaffold_40	1	56115	485	9585	17.081	1.09288	35.7	38.5
HiC_scaffold_41	1	55753	894	22041	39.5333	2.3087	35.4	41.2
HiC_scaffold_42	1	55361	69	3646	6.58586	0.164845	35.4	48.1
HiC_scaffold_43	1	55333	534	11037	19.9465	1.37594	34.9	39.2
HiC_scaffold_44	1	54697	2142	47430	86.7141	5.77979	35.6	56
HiC_scaffold_45	1	54079	79	3946	7.29673	0.169622	35.1	46.8
HiC_scaffold_46	1	53000	194	7423	14.0057	0.534434	35.4	42
HiC_scaffold_47	1	52728	1356	23511	44.5892	3.66568	35	47.6
HiC_scaffold_48	1	52696	273	19343	36.7068	0.757097	35.7	53.1
HiC_scaffold_49	1	52574	90	4064	7.73006	0.252958	35.1	39
HiC_scaffold_50	1	52452	28	1067	2.03424	0.0485396	35.7	55
HiC_scaffold_51	1	52291	138	6306	12.0594	0.354191	35.4	43.6
HiC_scaffold_52	1	50660	413	29018	57.2799	1.18873	35.4	57.1
HiC_scaffold_53	1	50444	1369	33074	65.5658	4.01382	35.5	56.4
HiC_scaffold_54	1	50000	577	39302	78.604	1.68374	35.5	59.8
HiC_scaffold_55	1	49402	103	5769	11.6777	0.31017	35.1	43.5
HiC_scaffold_56	1	48994	206	7354	15.01	0.597767	35.5	44.1
HiC_scaffold_57	1	48961	102	5605	11.4479	0.310247	35.1	45
HiC_scaffold_58	1	48913	622	37466	76.5972	1.88672	35.6	51.3
HiC_scaffold_59	1	48516	348	13610	28.0526	1.0633	35.6	48.8
HiC_scaffold_60	1	48449	343	26270	54.222	1.04165	35.7	52.6
HiC_scaffold_61	1	48102	151	8547	17.7685	0.458151	34.9	49
HiC_scaffold_62	1	47095	428	29923	63.5375	1.33747	35.5	55.9
HiC_scaffold_63	1	45946	576	27378	59.5873	1.85167	35.6	53
HiC_scaffold_64	1	45702	191	5617	12.2905	0.559035	35.5	47.3
HiC_scaffold_65	1	45164	233	10225	22.6397	0.714175	34.9	42.8
HiC_scaffold_66	1	45000	1831	8787	19.5267	5.69831	35.3	46.7
HiC_scaffold_67	1	44932	516	8830	19.6519	1.3528	35.3	40.5
HiC_scaffold_68	1	44535	49	5118	11.4921	0.156573	35.3	44.1
HiC_scaffold_69	1	43359	227	10885	25.1044	0.763809	35.6	43.1
HiC_scaffold_70	1	43000	282	7879	18.3233	0.842233	35.6	41.6
HiC_scaffold_71	1	42000	297	13858	32.9952	0.973929	35.3	50.2
HiC_scaffold_72	1	41780	41	2592	6.20393	0.145261	35.1	40.4
HiC_scaffold_73	1	41131	68	5054	12.2876	0.240451	35.5	43.9
HiC_scaffold_74	1	41000	169	12257	29.8951	0.602512	35.5	55.7
HiC_scaffold_75	1	40673	157	5907	14.5231	0.557028	35.4	41.8
HiC_scaffold_76	1	40021	205	5478	13.6878	0.690263	35.1	40.2
HiC_scaffold_77	1	40000	31	3311	8.2775	0.109575	35.7	53.5
HiC_scaffold_78	1	39995	161	15973	39.9375	0.588649	35.5	53.9
HiC_scaffold_79	1	39987	74	6244	15.6151	0.272439	35.8	44.9
HiC_scaffold_80	1	39907	51	4173	10.4568	0.178866	34.8	53.6
HiC_scaffold_81	1	39785	312	6575	16.5263	0.971974	35.3	43.2
HiC_scaffold_82	1	39714	1244	10703	26.9502	4.2831	35.3	44.4
HiC_scaffold_83	1	39603	119	9788	24.7153	0.440472	35.8	54.5
HiC_scaffold_84	1	39032	1043	23095	59.1694	3.72371	35.2	49.3
HiC_scaffold_85	1	38821	318	9521	24.5254	1.17256	35.3	46
HiC_scaffold_86	1	38551	271	4368	11.3304	0.924049	35	46.9
HiC_scaffold_87	1	38336	152	7229	18.8569	0.586994	35.4	41.2
HiC_scaffold_88	1	38081	182	6047	15.8793	0.677635	35.5	56.7
HiC_scaffold_89	1	37423	120	1672	4.46784	0.445902	35.5	45.8
HiC_scaffold_90	1	37049	376	8955	24.1707	1.50312	35.6	40.7
HiC_scaffold_91	1	37000	482	30039	81.1865	1.89438	35.5	60
HiC_scaffold_92	1	36719	43	3346	9.11245	0.171029	35.4	52.3
HiC_scaffold_93	1	36624	364	7550	20.6149	1.36001	35.1	41.7
HiC_scaffold_94	1	36550	95	3047	8.33653	0.385828	35.8	41.1
HiC_scaffold_95	1	35915	826	17655	49.1577	3.21481	35.1	43.8
HiC_scaffold_96	1	35569	417	11683	32.846	1.7468	35.6	43.1
HiC_scaffold_97	1	35569	179	9788	27.5183	0.717732	35.3	44.7
HiC_scaffold_98	1	35521	207	4549	12.8065	0.616086	35.5	49.1
HiC_scaffold_99	1	35305	1015	25529	72.3099	3.76139	35.4	58.1
HiC_scaffold_100	1	35285	349	25097	71.1265	1.45252	35.6	57.7
HiC_scaffold_101	1	35090	150	9381	26.7341	0.563408	35.2	54.4
HiC_scaffold_102	1	34736	31	3812	10.9742	0.133493	35.6	49.8
HiC_scaffold_103	1	34662	725	16452	47.4641	2.89083	35.3	41.5
HiC_scaffold_104	1	34539	146	11767	34.0687	0.628536	35.6	49.2
HiC_scaffold_105	1	34367	90	5704	16.5973	0.383333	35.5	47.8
HiC_scaffold_106	1	34092	5	425	1.24663	0.0219993	35.4	56
HiC_scaffold_107	1	34034	1335	29843	87.6858	5.64873	35.5	58.5
HiC_scaffold_108	1	34000	110	3728	10.9647	0.476618	35.5	39.8
HiC_scaffold_109	1	33013	279	10715	32.4569	1.19292	34.9	42.8
HiC_scaffold_110	1	32894	20	2018	6.13486	0.0867027	35.2	50.6
HiC_scaffold_111	1	32703	74	7209	22.0438	0.339204	35.8	48.9
HiC_scaffold_112	1	32055	144	9350	29.1686	0.642583	34.9	51
HiC_scaffold_113	1	31996	223	4103	12.8235	0.747156	35.3	43.9
HiC_scaffold_114	1	31869	138	8094	25.3977	0.563432	35.2	50.6
HiC_scaffold_115	1	31497	217	7130	22.6371	1.0027	35.3	40.4
HiC_scaffold_116	1	31452	206	15589	49.5644	0.957395	35.5	53.9
HiC_scaffold_117	1	31435	108	11007	35.0151	0.510132	35.7	51.7
HiC_scaffold_118	1	31168	271	18095	58.0563	1.26104	35.4	56.6
HiC_scaffold_119	1	31094	68	4848	15.5914	0.326365	35.9	47.5
HiC_scaffold_120	1	31000	193	11242	36.2645	0.926097	35.8	47.2
HiC_scaffold_121	1	30892	39	3464	11.2133	0.1805	35.7	44.2
HiC_scaffold_122	1	30671	86	4046	13.1916	0.412637	35.4	40.5
HiC_scaffold_123	1	30159	370	24020	79.6446	1.78593	35.3	60
HiC_scaffold_124	1	30112	10	1204	3.99841	0.0489506	36.7	41.5
HiC_scaffold_125	1	30000	147	3148	10.4933	0.730133	35.3	38.5
HiC_scaffold_126	1	30000	56	3316	11.0533	0.264667	35.6	47.9
HiC_scaffold_127	1	29632	306	5413	18.2674	1.38101	35.4	43.5
HiC_scaffold_128	1	29216	105	8021	27.4541	0.526116	35.6	49.5
HiC_scaffold_129	1	29000	30	2460	8.48276	0.145828	35.7	49.9
HiC_scaffold_130	1	28743	22	1877	6.53029	0.111888	35	45.2
HiC_scaffold_131	1	28267	458	9426	33.3463	2.40935	35.5	42
HiC_scaffold_132	1	28006	288	5741	20.4992	1.52153	35	37.8
HiC_scaffold_133	1	27859	96	8102	29.0822	0.503823	35.4	54.1
HiC_scaffold_134	1	27837	363	22154	79.5847	1.82516	35.6	59.6
HiC_scaffold_135	1	27503	142	5664	20.5941	0.765662	35.8	40.7
HiC_scaffold_136	1	27405	385	22610	82.5032	2.04003	35.7	60
HiC_scaffold_137	1	27128	1	145	0.534503	0.00534503	36.8	31
HiC_scaffold_138	1	27000	104	9106	33.7259	0.556074	35.9	53.1
HiC_scaffold_139	1	26958	23	2125	7.88263	0.127087	35.1	44.8
HiC_scaffold_140	1	26822	23	1122	4.18313	0.0991723	34.1	41.9
HiC_scaffold_141	1	26714	434	10182	38.1148	2.2742	35.5	44.3
HiC_scaffold_142	1	26597	188	10344	38.8916	0.976125	35.5	48
HiC_scaffold_143	1	26526	68	2970	11.1966	0.322024	35.2	50.1
HiC_scaffold_144	1	26403	119	4068	15.4073	0.671174	35.7	44.1
HiC_scaffold_145	1	26321	413	12135	46.1039	2.3194	35.6	43.3
HiC_scaffold_146	1	26302	191	3094	11.7634	0.96217	35	38.1
HiC_scaffold_147	1	26228	93	5602	21.3589	0.521122	35.4	51
HiC_scaffold_148	1	26220	275	5760	21.968	1.5659	35.5	39.2
HiC_scaffold_149	1	26169	69	6021	23.0081	0.388742	35.5	50
HiC_scaffold_150	1	26140	278	20298	77.6511	1.5251	35.4	60
HiC_scaffold_151	1	25970	85	5035	19.3878	0.461147	35.7	38.9
HiC_scaffold_152	1	25914	61	3590	13.8535	0.302423	35.2	41.1
HiC_scaffold_153	1	25756	22	2244	8.71253	0.128087	35.6	40.6
HiC_scaffold_154	1	25701	102	7144	27.7966	0.583479	35.3	52.9
HiC_scaffold_155	1	25484	338	10347	40.6019	1.93808	35	41.9
HiC_scaffold_156	1	25347	925	11500	45.3703	4.99846	35	44.9
HiC_scaffold_157	1	25300	117	7031	27.7905	0.678182	35.8	46.5
HiC_scaffold_158	1	25137	401	9378	37.3076	2.25441	35.1	41.3
HiC_scaffold_159	1	25068	43	2631	10.4955	0.253112	35	41.3
HiC_scaffold_160	1	25021	177	13246	52.9395	1.02562	35.1	54.9
HiC_scaffold_161	1	25021	18	1637	6.5425	0.101195	35.8	52
HiC_scaffold_162	1	25013	272	1352	5.40519	1.23692	35	44.2
HiC_scaffold_163	1	25000	14	792	3.168	0.084	35.3	34.9
HiC_scaffold_164	1	25000	20	940	3.76	0.11772	35.2	34.9
HiC_scaffold_165	1	25000	8	1063	4.252	0.0476	34.8	36.5
HiC_scaffold_166	1	25000	66	2068	8.272	0.38424	35	37.5
HiC_scaffold_167	1	25000	339	21103	84.412	1.964	35.7	58.4
HiC_scaffold_168	1	25000	315	20171	80.684	1.82884	35.5	59.9
HiC_scaffold_169	1	25000	274	19082	76.328	1.57564	35.3	59.6
HiC_scaffold_170	1	25000	296	20191	80.764	1.71728	35.7	59.8
HiC_scaffold_171	1	25000	324	20760	83.04	1.87304	35.8	59.8
HiC_scaffold_172	1	25000	337	21639	86.556	1.96204	35.5	59.9
HiC_scaffold_173	1	25000	255	18506	74.024	1.46564	35.5	59.8
HiC_scaffold_174	1	25000	309	21348	85.392	1.80264	35.2	59.8
HiC_scaffold_175	1	25000	304	21031	84.124	1.76596	35.5	60
HiC_scaffold_176	1	25000	290	19524	78.096	1.70592	35.4	59.3
HiC_scaffold_177	1	25000	404	21295	85.18	2.28752	35.4	59.3
HiC_scaffold_178	1	25000	286	18973	75.892	1.64348	35.2	59.4
HiC_scaffold_179	1	25000	306	20128	80.512	1.7698	35.8	59.9
HiC_scaffold_180	1	25000	273	17335	69.34	1.58044	35.7	55.9
HiC_scaffold_181	1	25000	351	21368	85.472	2.06484	35.6	60
HiC_scaffold_182	1	25000	354	21228	84.912	2.06664	35.5	60
HiC_scaffold_183	1	25000	114	4106	16.424	0.6688	35.7	43
HiC_scaffold_184	1	25000	311	19575	78.3	1.83992	35.3	59.9
HiC_scaffold_185	1	25000	307	20066	80.264	1.77252	35.7	59.7
HiC_scaffold_186	1	25000	304	20760	83.04	1.77236	35.4	60
HiC_scaffold_187	1	25000	16	1482	5.928	0.09112	36.3	51.4
HiC_scaffold_188	1	24887	100	4087	16.4222	0.534777	35.4	43.3
HiC_scaffold_189	1	24881	584	15476	62.2001	2.85334	35.2	44
HiC_scaffold_190	1	24860	198	14074	56.613	1.16754	35.4	55.4
HiC_scaffold_191	1	24785	109	10022	40.4357	0.655961	35.3	47
HiC_scaffold_192	1	24606	19	1712	6.95765	0.112981	34.9	43.6
HiC_scaffold_193	1	24582	179	2429	9.88121	1.06354	35.4	44
HiC_scaffold_194	1	24552	556	14043	57.197	3.16508	35.1	45.8
HiC_scaffold_195	1	24515	97	7225	29.4718	0.571936	35.5	53.5
HiC_scaffold_196	1	24429	94	5246	21.4745	0.512997	35.4	52.1
HiC_scaffold_197	1	24404	72	5257	21.5416	0.431282	35.8	54.5
HiC_scaffold_198	1	24065	208	14526	60.3615	1.28344	35.8	56.6
HiC_scaffold_199	1	24034	53	5332	22.1852	0.330032	35.5	48
HiC_scaffold_200	1	24000	32	1202	5.00833	0.17775	34.8	45.9
HiC_scaffold_201	1	24000	709	4432	18.4667	4.39508	35.4	45.6
HiC_scaffold_202	1	23940	244	4441	18.5505	1.38826	35.1	39.2
HiC_scaffold_203	1	23878	78	2396	10.0343	0.486473	36	36.2
HiC_scaffold_204	1	23813	106	7198	30.2272	0.651745	35.6	54.1
HiC_scaffold_205	1	23764	74	5475	23.0391	0.4466	35.8	53
HiC_scaffold_206	1	23660	12	1327	5.60862	0.0757819	35.2	40.5
HiC_scaffold_207	1	23581	221	16377	69.45	1.39065	35.5	53.5
HiC_scaffold_208	1	23490	74	3715	15.8152	0.456748	35.3	41.5
HiC_scaffold_209	1	23453	174	11019	46.9833	1.09521	35.4	54.9
HiC_scaffold_210	1	23041	40	2895	12.5646	0.246083	36.2	59.8
HiC_scaffold_211	1	23000	420	3010	13.087	2.73	35.7	38.8
HiC_scaffold_212	1	23000	54	5522	24.0087	0.346696	35.3	49.9
HiC_scaffold_213	1	23000	28	2816	12.2435	0.171217	34.5	46.7
HiC_scaffold_214	1	23000	60	3863	16.7957	0.390478	35.5	37.6
HiC_scaffold_215	1	23000	58	4365	18.9783	0.344522	35.5	56.3
HiC_scaffold_216	1	22979	18	1747	7.60259	0.112233	35.2	41.7
HiC_scaffold_217	1	22964	85	3287	14.3137	0.534315	35.1	42.8
HiC_scaffold_218	1	22956	86	8307	36.1866	0.558982	35.7	49.1
HiC_scaffold_220	1	22604	122	10695	47.3146	0.801849	35.4	51.3
HiC_scaffold_221	1	22426	17	1047	4.66869	0.108981	35.2	60
HiC_scaffold_222	1	22303	225	10418	46.7112	1.48908	35.6	47
HiC_scaffold_223	1	22199	51	3650	16.4422	0.337583	36	47.4
HiC_scaffold_224	1	22128	5	516	2.33189	0.0338937	35.4	52.8
HiC_scaffold_225	1	22127	6	881	3.98156	0.0406743	36.4	40.3
HiC_scaffold_226	1	21688	69	5245	24.1839	0.461684	35.7	50.5
HiC_scaffold_227	1	21648	131	8987	41.5142	0.883869	35.6	54.2
HiC_scaffold_228	1	21608	224	11400	52.7582	1.44775	35.5	52.8
HiC_scaffold_229	1	21598	9	821	3.80128	0.0622743	34.6	37.6
HiC_scaffold_230	1	21510	21	1246	5.79265	0.135983	35.3	52.6
HiC_scaffold_231	1	21437	55	2627	12.2545	0.365676	35.4	41.9
HiC_scaffold_232	1	21282	101	9226	43.3512	0.706466	35.7	49
HiC_scaffold_233	1	20959	140	4650	22.1862	0.901188	34.9	39.2
HiC_scaffold_234	1	20824	24	1478	7.09758	0.160392	35.1	54.2
HiC_scaffold_235	1	20622	46	3869	18.7615	0.331539	35.4	53.9
HiC_scaffold_236	1	20377	11	1107	5.4326	0.0768514	36	44.2
HiC_scaffold_237	1	20369	94	7544	37.0367	0.683539	35.2	51.4
HiC_scaffold_238	1	20340	15	1866	9.17404	0.110472	35.4	51.7
HiC_scaffold_239	1	20281	9	585	2.88447	0.064839	34.3	43.6
HiC_scaffold_240	1	20166	14	1793	8.8912	0.104136	36.2	51.1
HiC_scaffold_241	1	20140	184	7381	36.6485	1.33843	35.5	48.7
HiC_scaffold_242	1	20135	191	14184	70.4445	1.34428	35.8	59.6
HiC_scaffold_243	1	20122	28	1660	8.24968	0.204801	35.5	54.3
HiC_scaffold_244	1	20044	38	2128	10.6166	0.276591	35.8	41.5
HiC_scaffold_245	1	20021	31	2218	11.0784	0.230508	35.8	58.5
HiC_scaffold_246	1	20000	36	2176	10.88	0.23965	35.8	56.3
HiC_scaffold_247	1	20000	45	3369	16.845	0.3237	35.2	53.5
HiC_scaffold_248	1	19739	412	8641	43.7763	3.04098	35.3	43.9
HiC_scaffold_249	1	19737	5	591	2.99438	0.0372397	35.1	48
HiC_scaffold_250	1	19724	24	1353	6.85966	0.176232	35.5	50
HiC_scaffold_251	1	19667	61	1559	7.92698	0.443281	35.1	38.4
HiC_scaffold_252	1	19649	52	4629	23.5585	0.396712	35.9	52.9
HiC_scaffold_253	1	19394	24	2954	15.2315	0.184696	35.4	50.6
HiC_scaffold_254	1	19304	58	4048	20.9697	0.43478	35.3	48.4
HiC_scaffold_255	1	19231	20	2142	11.1383	0.15371	35.4	42.7
HiC_scaffold_256	1	19176	86	6928	36.1285	0.653212	35.8	50.2
HiC_scaffold_257	1	19156	1448	7164	37.3982	10.5198	35.2	44.5
HiC_scaffold_258	1	19143	43	1374	7.17756	0.317192	35.4	42.9
HiC_scaffold_259	1	19058	45	3483	18.2758	0.354025	35.7	49.2
HiC_scaffold_260	1	19000	115	4985	26.2368	0.891368	35.5	45.2
HiC_scaffold_261	1	18934	13	1485	7.84303	0.099662	35.6	49.2
HiC_scaffold_262	1	18930	789	9574	50.5758	6.08605	35.3	45.6
HiC_scaffold_263	1	18729	221	15043	80.3193	1.75055	35.6	58.1
HiC_scaffold_264	1	18528	50	2532	13.6658	0.365339	35.9	59.7
HiC_scaffold_265	1	18283	29	2097	11.4697	0.236613	35.6	40.1
HiC_scaffold_266	1	18272	33	995	5.44549	0.195655	35.9	44.5
HiC_scaffold_267	1	18066	36	2591	14.3419	0.294088	36	47.4
HiC_scaffold_268	1	18044	30	2131	11.81	0.243183	35.8	43.1
HiC_scaffold_269	1	18026	62	3780	20.9697	0.482303	35.6	58
HiC_scaffold_270	1	18000	98	6331	35.1722	0.801111	35	45.6
HiC_scaffold_271	1	18000	121	9108	50.6	1.00344	35.5	50
HiC_scaffold_272	1	18000	85	3355	18.6389	0.676167	35.4	43.4
HiC_scaffold_273	1	17971	239	6272	34.9007	1.97785	35.3	43.5
HiC_scaffold_274	1	17888	52	3748	20.9526	0.432133	35.6	45.9
HiC_scaffold_275	1	17782	39	3449	19.396	0.316837	35.5	54.6
HiC_scaffold_276	1	17690	55	4849	27.411	0.455342	35.6	47.5
HiC_scaffold_277	1	17675	42	2921	16.5262	0.354625	35.9	40.7
HiC_scaffold_278	1	17531	3	202	1.15224	0.0213907	36.2	60
HiC_scaffold_279	1	17508	279	2688	15.353	1.3836	35.2	47.1
HiC_scaffold_280	1	17420	72	6168	35.4076	0.614868	35.2	49
HiC_scaffold_281	1	17399	23	2224	12.7823	0.198172	36.2	58.8
HiC_scaffold_282	1	17398	47	4897	28.1469	0.393034	35	52.6
HiC_scaffold_283	1	17257	704	8289	48.0327	5.12099	35.1	51.3
HiC_scaffold_284	1	17224	205	13354	77.5314	1.75586	35.5	55.2
HiC_scaffold_285	1	17131	84	6338	36.9973	0.721207	35.5	50.7
HiC_scaffold_286	1	17073	39	3347	19.6041	0.328238	35.3	49.2
HiC_scaffold_287	1	17000	50	2293	13.4882	0.421941	35.7	42.4
HiC_scaffold_288	1	16908	23	1365	8.0731	0.1892	35.5	56.7
HiC_scaffold_289	1	16758	181	2811	16.7741	1.43591	34.8	42.7
HiC_scaffold_290	1	16602	199	4428	26.6715	1.61848	35.1	41.6
HiC_scaffold_291	1	16449	150	448	2.72357	0.972764	34.9	44.4
HiC_scaffold_292	1	16346	25	2256	13.8015	0.217179	35.5	48.9
HiC_scaffold_293	1	16263	377	1366	8.39943	3.15483	35	42.7
HiC_scaffold_294	1	16061	110	6937	43.1916	0.970861	35.8	53.2
HiC_scaffold_295	1	16000	13	605	3.78125	0.112687	35.1	59.5
HiC_scaffold_296	1	16000	49	3937	24.6062	0.438	35.3	52.9
HiC_scaffold_297	1	16000	24	2576	16.1	0.21975	35.8	53
HiC_scaffold_298	1	16000	23	2205	13.7812	0.213	35.5	49.5
HiC_scaffold_299	1	16000	34	2274	14.2125	0.311875	34.7	42.9
HiC_scaffold_300	1	15603	71	4311	27.6293	0.66468	35.4	49.1
HiC_scaffold_301	1	15565	6	690	4.43302	0.0575008	36.6	60
HiC_scaffold_302	1	15554	125	3658	23.5181	1.19397	35.4	39.6
HiC_scaffold_303	1	15467	145	8466	54.7359	1.38314	35.4	48.9
HiC_scaffold_304	1	15433	37	3394	21.9918	0.358971	35.4	41.3
HiC_scaffold_305	1	15221	31	2377	15.6166	0.301951	35.5	45.7
HiC_scaffold_306	1	15208	14	1003	6.59521	0.118425	35.5	58.6
HiC_scaffold_307	1	15128	28	1414	9.34691	0.241869	35.3	55.5
HiC_scaffold_308	1	15037	53	4737	31.5023	0.515927	35.7	54.1
HiC_scaffold_309	1	15027	56	4025	26.7851	0.532042	35.2	50
HiC_scaffold_310	1	15014	59	6350	42.2939	0.586985	35.2	60
HiC_scaffold_311	1	15000	105	7978	53.1867	1.03753	35.9	49.1
HiC_scaffold_312	1	14886	139	9585	64.3894	1.38741	35.6	49.7
HiC_scaffold_313	1	14872	52	2806	18.8677	0.518693	35.8	43.4
HiC_scaffold_314	1	14743	31	2441	16.557	0.305094	35.7	57.4
HiC_scaffold_315	1	14719	10	910	6.18249	0.0944358	34.3	59
HiC_scaffold_316	1	14619	63	5376	36.7741	0.625966	35.2	54.2
HiC_scaffold_317	1	14567	25	2578	17.6975	0.253861	35.7	49.9
HiC_scaffold_318	1	14553	33	2969	20.4013	0.328455	36	45.5
HiC_scaffold_319	1	14548	97	6100	41.9302	0.987696	35.9	49.1
HiC_scaffold_320	1	14465	71	4263	29.4711	0.689734	35	46.3
HiC_scaffold_321	1	14408	150	6973	48.3967	1.54386	35.4	44.5
HiC_scaffold_322	1	14386	24	2579	17.9272	0.248297	34.5	44.9
HiC_scaffold_323	1	14298	118	5380	37.6276	1.00615	34	48.3
HiC_scaffold_324	1	14091	119	6624	47.0087	1.25591	35.4	49.9
HiC_scaffold_325	1	14000	38	3572	25.5143	0.396929	36.1	43.8
HiC_scaffold_326	1	14000	53	2989	21.35	0.542429	35.2	47.7
HiC_scaffold_327	1	13966	60	4847	34.7057	0.632393	35.8	45.6
HiC_scaffold_328	1	13312	181	11157	83.8116	1.987	35.2	59.8
HiC_scaffold_329	1	13309	89	7410	55.6766	0.972199	35.3	49.4
HiC_scaffold_330	1	13245	93	7140	53.9071	1.03677	35.7	55.4
HiC_scaffold_331	1	13138	204	12192	92.7995	2.27462	35.3	59.3
HiC_scaffold_333	1	13000	30	2215	17.0385	0.341923	35.7	51
HiC_scaffold_334	1	13000	30	2906	22.3538	0.320462	35.3	52.4
HiC_scaffold_335	1	13000	58	2589	19.9154	0.621462	35.5	51.2
HiC_scaffold_336	1	12527	315	6182	49.3494	3.666	35.1	39.6
HiC_scaffold_337	1	12325	25	2806	22.7667	0.29712	35.7	46.8
HiC_scaffold_338	1	12210	15	1599	13.0958	0.175758	35.1	48.1
HiC_scaffold_339	1	12140	119	7722	63.6079	1.43526	35.7	56.9
HiC_scaffold_340	1	12103	70	3616	29.8769	0.855077	35.3	47.2
HiC_scaffold_341	1	11792	9	524	4.44369	0.0993894	36.4	57.8
HiC_scaffold_342	1	11769	52	1595	13.5526	0.65698	35.6	39
HiC_scaffold_343	1	11768	68	4755	40.4062	0.815007	34.9	53
HiC_scaffold_344	1	11552	119	8566	74.1517	1.50061	35.4	56.8
HiC_scaffold_345	1	11294	48	2738	24.243	0.608907	35.5	51.2
HiC_scaffold_346	1	11220	107	7256	64.6702	1.38699	35.5	58.4
HiC_scaffold_347	1	11009	913	5876	53.3745	11.6299	34.9	41.6
HiC_scaffold_348	1	11007	61	4755	43.1998	0.812846	35.8	54
HiC_scaffold_349	1	11000	40	3118	28.3455	0.523	35.2	51.7
HiC_scaffold_350	1	10932	65	3450	31.5587	0.867087	35.1	43
HiC_scaffold_351	1	10903	74	5440	49.8945	0.976062	35.5	59.2
HiC_scaffold_352	1	10862	130	8532	78.5491	1.75474	35.6	57.8
HiC_scaffold_353	1	10825	28	2463	22.7529	0.384573	35.4	54.6
HiC_scaffold_354	1	10780	81	6408	59.4434	1.09963	35.5	54.3
HiC_scaffold_355	1	10606	6	723	6.8169	0.0777862	35.6	53.2
HiC_scaffold_356	1	10316	12	642	6.22334	0.159946	35.5	60
HiC_scaffold_357	1	10313	122	8797	85.3001	1.72743	35.4	57.1
HiC_scaffold_358	1	10116	31	2202	21.7675	0.447113	35.6	49.5
HiC_scaffold_359	1	9728	792	4285	44.0481	10.7579	35.1	40.4
HiC_scaffold_360	1	9582	39	1882	19.641	0.57942	35.5	53.7
HiC_scaffold_361	1	9577	35	3120	32.5781	0.521458	35.6	50
HiC_scaffold_362	1	9324	43	3185	34.1592	0.688653	35.6	44.7
HiC_scaffold_363	1	9309	114	7452	80.0516	1.75239	35.5	59.3
HiC_scaffold_364	1	9000	14	541	6.01111	0.170556	35.9	60
HiC_scaffold_365	1	8972	17	1446	16.1168	0.278645	35.6	53.2
HiC_scaffold_366	1	8717	4	357	4.09545	0.068831	36.4	49.2
HiC_scaffold_367	1	8598	46	3068	35.6827	0.654222	35.3	46.5
HiC_scaffold_368	1	8517	25	2089	24.5274	0.395914	35.1	53.8
HiC_scaffold_369	1	8159	37	3425	41.9782	0.668587	36.1	48.5
HiC_scaffold_370	1	8000	9	855	10.6875	0.16725	36.5	38.3
HiC_scaffold_371	1	7755	11	1337	17.2405	0.2049	35.4	52.6
HiC_scaffold_372	1	7349	19	1405	19.1182	0.372432	35.1	60
HiC_scaffold_373	1	7312	40	3110	42.5328	0.782549	35.7	53.2
HiC_scaffold_374	1	7226	10	849	11.7492	0.16579	36.2	55.8
HiC_scaffold_375	1	7101	12	972	13.6882	0.248838	35.6	56
HiC_scaffold_376	1	7000	83	4195	59.9286	1.65314	35.2	46
HiC_scaffold_377	1	7000	74	4508	64.4	1.50614	35.5	55.6
HiC_scaffold_378	1	7000	52	1964	28.0571	1.10529	35.6	41
HiC_scaffold_379	1	6605	101	4240	64.1938	2.04739	35.3	55.2
HiC_scaffold_380	1	6537	85	5411	82.775	1.91403	35.8	58.5
HiC_scaffold_381	1	6484	47	3556	54.8427	1.02267	35.6	59.6
HiC_scaffold_382	1	6459	36	2395	37.08	0.833256	35.5	53.1
HiC_scaffold_383	1	6245	28	2242	35.9007	0.652042	35.8	51.1
HiC_scaffold_384	1	6125	68	4492	73.3388	1.65992	35.3	50.3
HiC_scaffold_385	1	6000	43	3438	57.3	1.00717	35.4	56.9
HiC_scaffold_386	1	6000	22	1571	26.1833	0.485333	35	58.8
HiC_scaffold_387	1	6000	70	4723	78.7167	1.72383	35.7	50.7
HiC_scaffold_388	1	5993	16	1617	26.9815	0.370599	36.2	48.8
HiC_scaffold_389	1	5821	46	4165	71.5513	1.17987	36.1	50.4
HiC_scaffold_390	1	5673	72	4175	73.5942	1.86903	35.7	49.6
HiC_scaffold_391	1	5000	16	1294	25.88	0.4452	35.3	58.8
HiC_scaffold_392	1	5000	21	1896	37.92	0.617	35.5	58.8
HiC_scaffold_393	1	4994	2418	3895	77.9936	65.5545	35.1	47
HiC_scaffold_394	1	4893	36	3418	69.8549	1.09319	36	51.4
HiC_scaffold_395	1	4891	46	3059	62.5434	1.35678	35.6	59.8
HiC_scaffold_396	1	4877	12	1129	23.1495	0.359852	36	45.1
HiC_scaffold_397	1	4000	16	1286	32.15	0.58875	35.9	45.8
HiC_scaffold_398	1	4000	78	3481	87.025	2.787	35.7	57.8
HiC_scaffold_399	1	4000	33	2678	66.95	1.22975	35.4	51.5
HiC_scaffold_400	1	4000	261	1281	32.025	8.2905	34.9	45.6
HiC_scaffold_401	1	3971	28	2738	68.9499	1.035	36.2	58.5
HiC_scaffold_402	1	3919	27	1241	31.6662	0.893085	35	46.4
HiC_scaffold_403	1	3281	40	2675	81.53	1.76288	35.8	56.6
HiC_scaffold_404	1	3264	8	723	22.1507	0.302696	35.2	52.5
HiC_scaffold_405	1	3259	33	2068	63.455	1.47254	35.5	60
HiC_scaffold_406	1	3042	8	1009	33.169	0.39382	35.9	48.4
HiC_scaffold_407	1	3035	29	1975	65.0741	1.42504	35.5	60
HiC_scaffold_408	1	3003	10	944	31.4352	0.495171	35.4	47.8
HiC_scaffold_409	1	3003	15	1469	48.9177	0.748585	36.1	45.4
HiC_scaffold_410	1	3000	28	2029	67.6333	1.331	35.4	54.1
HiC_scaffold_411	1	3000	93	1673	55.7667	4.59433	35.4	43.4
HiC_scaffold_412	1	3000	41	2589	86.3	1.954	35.8	57.3
HiC_scaffold_413	1	3000	30	2300	76.6667	1.40133	35.8	59.3
HiC_scaffold_414	1	3000	31	2129	70.9667	1.50867	34.9	55.8
HiC_scaffold_415	1	2897	40	2398	82.7753	2.04384	35.1	54.7
HiC_scaffold_416	1	2563	141	1681	65.5872	6.492	35.2	46.5
HiC_scaffold_417	1	2259	24	1759	77.8663	1.55467	35.8	60
HiC_scaffold_418	1	2125	9	1104	51.9529	0.629176	36.3	47.6
HiC_scaffold_419	1	2021	21	1416	70.0643	1.48392	34.9	59.7
HiC_scaffold_420	1	2000	27	1743	87.15	1.978	35.4	60
HiC_scaffold_421	1	2000	15	1243	62.15	1.1065	35.1	50.2
HiC_scaffold_422	1	2000	20	1362	68.1	1.391	35.3	60
HiC_scaffold_423	1	1676	4	540	32.2196	0.357995	35.4	47.8
HiC_scaffold_424	1	1484	5	550	37.062	0.504043	34.9	44.4
HiC_scaffold_425	1	1447	5	620	42.8473	0.517623	35.2	60
HiC_scaffold_426	1	1382	11	1113	80.5355	1.15919	34.6	60
HiC_scaffold_427	1	1353	16	985	72.8012	1.58241	36.2	60
HiC_scaffold_429	1	1175	18	839	71.4043	1.91915	36.2	60
HiC_scaffold_430	1	1138	17	1055	92.7065	1.89895	34.1	58.5
HiC_scaffold_431	1	1108	12	989	89.2599	1.49097	35.2	60
HiC_scaffold_432	1	1097	17	946	86.2352	2.16864	36.3	59.8
HiC_scaffold_433	1	1005	67	606	60.2985	9.49552	35.2	45
HiC_scaffold_434	1	1000	17	864	86.4	2.533	35.7	60
HiC_scaffold_435	1	1000	20	960	96	2.723	35.4	60
HiC_scaffold_436	1	1000	9	582	58.2	1.016	36.3	58.3
HiC_scaffold_437	1	1000	17	920	92	2.256	36	60
HiC_scaffold_438	1	1000	16	982	98.2	2.316	35.7	60
HiC_scaffold_439	1	1000	13	854	85.4	1.784	36	60
HiC_scaffold_440	1	1000	23	962	96.2	2.814	35.1	60
HiC_scaffold_441	1	1000	19	825	82.5	2.586	34.9	60
HiC_scaffold_442	1	1000	17	810	81	2.136	36.1	60
HiC_scaffold_443	1	1000	13	779	77.9	1.598	35.4	60
HiC_scaffold_444	1	1000	6	407	40.7	0.802	34.7	60
HiC_scaffold_445	1	1000	13	742	74.2	1.713	35.1	60
HiC_scaffold_446	1	1000	29	970	97	4.293	34.4	41.4
HiC_scaffold_447	1	1000	17	921	92.1	2.505	35.5	56.4
HiC_scaffold_448	1	1000	18	931	93.1	2.137	35.7	55.3
HiC_scaffold_449	1	1000	9	815	81.5	1.247	36.2	60
HiC_scaffold_450	1	1000	13	773	77.3	1.945	36.1	55.2
HiC_scaffold_451	1	1000	9	816	81.6	1.307	36.1	53
HiC_scaffold_452	1	1000	24	970	97	3.483	35	59.2
HiC_scaffold_453	1	1000	42	567	56.7	5.073	35.8	48.7
HiC_scaffold_454	1	2000	4	216	10.8	0.2285	30.1	38
mitochondria	1	17813	51797	17598	98.793	419.821	35.5	59.4
HiC_scaffold_219	1	22812	0	0	0	0	0	0
HiC_scaffold_332	1	13083	0	0	0	0	0	0
HiC_scaffold_428	1	1184	0	0	0	0	0	0
