#rname	startpos	endpos	numreads	covbases	coverage	meandepth	meanbaseq	meanmapq
HiC_scaffold_1	1	75050035	881076	57804743	77.0216	1.71367	35.6	59.2
HiC_scaffold_2	1	56816963	670755	43856226	77.1886	1.72123	35.5	59.2
HiC_scaffold_3	1	109611085	1239487	82223068	75.0135	1.65164	35.6	58.8
HiC_scaffold_4	1	81599725	952329	62351653	76.4116	1.70368	35.6	59.1
HiC_scaffold_5	1	72353455	860128	56177592	77.6433	1.73535	35.6	59.3
HiC_scaffold_6	1	67692486	802407	52330941	77.3069	1.73037	35.6	59.2
HiC_scaffold_7	1	59159807	694732	45241161	76.4728	1.71208	35.5	59.1
HiC_scaffold_8	1	13479537	82056	7424945	55.0831	0.891817	35.5	59.5
HiC_scaffold_9	1	58964884	696200	45341506	76.8958	1.72199	35.5	59.2
HiC_scaffold_10	1	36732878	428892	27918318	76.0036	1.70128	35.5	59
HiC_scaffold_11	1	27384	156	6231	22.7542	0.826212	35	46.4
HiC_scaffold_12	1	33592	2471	7992	23.7914	9.81293	35.1	46.1
HiC_scaffold_13	1	184337	7565	146284	79.3568	5.7025	35.5	52.1
HiC_scaffold_14	1	85992	2956	45440	52.8421	4.77579	35	46.3
HiC_scaffold_15	1	87022	1006	30000	34.474	1.59061	35.2	45.9
HiC_scaffold_16	1	89609	2369	10238	11.4252	2.85824	35.7	51.1
HiC_scaffold_17	1	164154	2316	53365	32.5091	2.04074	35.5	52.2
HiC_scaffold_18	1	104921	96	7438	7.08914	0.128144	35.6	43.4
HiC_scaffold_19	1	103720	497	32670	31.4983	0.684323	35.5	48
HiC_scaffold_20	1	90353	1056	35149	38.9019	1.64907	35.2	47.8
HiC_scaffold_21	1	85252	372	24861	29.1618	0.634108	35.3	47.1
HiC_scaffold_22	1	80500	521	22471	27.9143	0.956161	35.4	48.7
HiC_scaffold_23	1	75743	368	21721	28.6772	0.712119	35.7	54.4
HiC_scaffold_24	1	75592	1060	19784	26.1721	2.00124	35.3	43.9
HiC_scaffold_25	1	72691	1151	34719	47.7624	2.27244	35.4	53.7
HiC_scaffold_26	1	71458	683	38210	53.472	1.3895	35.6	48.6
HiC_scaffold_27	1	70045	2533	53000	75.6656	5.1051	35.3	51.9
HiC_scaffold_28	1	68558	156	6409	9.34829	0.313355	34.9	54.6
HiC_scaffold_29	1	68222	887	19675	28.8397	1.92689	35.4	46.1
HiC_scaffold_30	1	67017	701	36814	54.9323	1.52209	35.4	48.3
HiC_scaffold_31	1	65972	33	3784	5.73577	0.0738798	36.1	48.5
HiC_scaffold_32	1	64000	697	36596	57.1812	1.51028	35.4	51.1
HiC_scaffold_33	1	62684	592	18327	29.2371	1.18134	35.1	42.9
HiC_scaffold_34	1	60035	588	32531	54.1867	1.36007	35.4	55.8
HiC_scaffold_35	1	59483	145	12078	20.305	0.3598	35.5	51.1
HiC_scaffold_36	1	58601	534	4861	8.29508	1.31808	35.1	42.3
HiC_scaffold_37	1	57907	150	10761	18.5832	0.3722	35.6	49.2
HiC_scaffold_38	1	57623	228	3074	5.33468	0.545702	35.5	38.6
HiC_scaffold_39	1	56881	623	20498	36.0366	1.30534	35.4	49.7
HiC_scaffold_40	1	56115	502	9349	16.6604	1.12114	35.6	39.3
HiC_scaffold_41	1	55753	543	20294	36.3998	1.40034	35.2	42.2
HiC_scaffold_42	1	55361	144	5202	9.39651	0.355647	35.4	47.6
HiC_scaffold_43	1	55333	491	10062	18.1844	1.26366	35	39.6
HiC_scaffold_44	1	54697	1892	48861	89.3303	5.059	35.6	56
HiC_scaffold_45	1	54079	107	5488	10.1481	0.246103	35.6	47.8
HiC_scaffold_46	1	53000	194	6267	11.8245	0.543302	35.4	41.5
HiC_scaffold_47	1	52728	1132	20903	39.6431	3.00637	34.9	45.9
HiC_scaffold_48	1	52696	329	22376	42.4624	0.911777	35.6	52.4
HiC_scaffold_49	1	52574	97	3976	7.56267	0.270134	35.7	40.8
HiC_scaffold_50	1	52452	30	1260	2.4022	0.044841	34.8	53.4
HiC_scaffold_51	1	52291	189	6038	11.5469	0.467843	35.5	47.5
HiC_scaffold_52	1	50660	450	30685	60.5705	1.32114	35.5	56.6
HiC_scaffold_53	1	50444	1176	31896	63.2305	3.44786	35.5	55.9
HiC_scaffold_54	1	50000	577	39944	79.888	1.68436	35.6	59.8
HiC_scaffold_55	1	49402	63	5255	10.6372	0.189547	35.4	47.1
HiC_scaffold_56	1	48994	225	8037	16.404	0.663061	35.6	42
HiC_scaffold_57	1	48961	128	6114	12.4875	0.369682	35.4	43.7
HiC_scaffold_58	1	48913	138	10282	21.021	0.416822	35.8	48.5
HiC_scaffold_59	1	48516	482	14404	29.6892	1.46525	35.5	48.2
HiC_scaffold_60	1	48449	375	29059	59.9785	1.15065	35.5	52.6
HiC_scaffold_61	1	48102	167	10205	21.2153	0.506029	35	47.2
HiC_scaffold_62	1	47095	549	36021	76.4858	1.72192	35.6	56.4
HiC_scaffold_63	1	45946	534	25964	56.5098	1.70189	35.4	53.3
HiC_scaffold_64	1	45702	165	5539	12.1198	0.480395	35.1	46.2
HiC_scaffold_65	1	45164	428	10610	23.4922	1.29991	35	44.7
HiC_scaffold_66	1	45000	1173	8051	17.8911	3.64787	35.1	47.7
HiC_scaffold_67	1	44932	622	9012	20.057	1.7565	35.2	43.3
HiC_scaffold_68	1	44535	47	4226	9.48917	0.151634	35.4	43
HiC_scaffold_69	1	43359	169	9833	22.6781	0.566872	35.4	44.2
HiC_scaffold_70	1	43000	292	8809	20.486	0.872233	35.4	40.5
HiC_scaffold_71	1	42000	316	12462	29.6714	0.953381	35.4	48.1
HiC_scaffold_72	1	41780	39	2273	5.4404	0.135831	35.2	41.8
HiC_scaffold_73	1	41131	65	5078	12.3459	0.230167	35.4	48
HiC_scaffold_74	1	41000	182	10773	26.2756	0.654683	35.5	56.1
HiC_scaffold_75	1	40673	152	5339	13.1266	0.548177	35.6	41.8
HiC_scaffold_76	1	40021	212	5475	13.6803	0.737363	35.3	39
HiC_scaffold_77	1	40000	43	4387	10.9675	0.15515	35.5	48.2
HiC_scaffold_78	1	39995	167	16510	41.2802	0.619377	35.7	52.3
HiC_scaffold_79	1	39987	16	2134	5.33673	0.058469	35.3	44.2
HiC_scaffold_80	1	39907	67	4498	11.2712	0.244919	35.2	53.7
HiC_scaffold_81	1	39785	382	6791	17.0692	1.19708	35.1	43.8
HiC_scaffold_82	1	39714	1764	10709	26.9653	6.21421	35.2	44.6
HiC_scaffold_83	1	39603	132	10841	27.3742	0.49418	35.8	54.1
HiC_scaffold_84	1	39032	980	24181	61.9517	3.51786	35.3	49.6
HiC_scaffold_85	1	38821	275	8757	22.5574	1.02537	35.4	44.5
HiC_scaffold_86	1	38551	207	4534	11.761	0.627429	35.3	46.9
HiC_scaffold_87	1	38336	223	6682	17.4301	0.850428	35.6	40.4
HiC_scaffold_88	1	38081	179	6656	17.4785	0.672619	35.5	55.1
HiC_scaffold_89	1	37423	104	2125	5.67833	0.389814	35.1	47.5
HiC_scaffold_90	1	37049	215	10427	28.1438	0.834301	35.8	44.5
HiC_scaffold_91	1	37000	480	30619	82.7541	1.87046	35.5	59.9
HiC_scaffold_92	1	36719	76	4496	12.2443	0.30619	35.6	48.9
HiC_scaffold_93	1	36624	329	7539	20.5849	1.23255	35.3	42.9
HiC_scaffold_94	1	36550	128	3117	8.52804	0.514391	35.8	41.8
HiC_scaffold_95	1	35915	854	18170	50.5917	3.3173	34.9	42.8
HiC_scaffold_96	1	35569	289	11335	31.8676	1.19916	35.5	50.1
HiC_scaffold_97	1	35569	280	7460	20.9733	1.05361	35.2	46.2
HiC_scaffold_98	1	35521	112	4333	12.1984	0.288674	35.2	49.2
HiC_scaffold_99	1	35305	1162	25776	73.0095	4.36326	35.4	57.5
HiC_scaffold_100	1	35285	417	27678	78.4413	1.7364	35.5	57.4
HiC_scaffold_101	1	35090	141	10891	31.0373	0.555714	35.2	53.3
HiC_scaffold_102	1	34736	47	5081	14.6275	0.19985	36.3	49.2
HiC_scaffold_103	1	34662	725	18400	53.0841	2.9421	35.5	43.1
HiC_scaffold_104	1	34539	152	12799	37.0567	0.646226	35.6	50.1
HiC_scaffold_105	1	34367	92	5477	15.9368	0.391306	35.1	47.2
HiC_scaffold_106	1	34092	14	1230	3.60788	0.0610994	34.5	46.7
HiC_scaffold_107	1	34034	952	30750	90.3508	4.02753	35.4	58.2
HiC_scaffold_108	1	34000	133	3501	10.2971	0.574529	35.7	39.5
HiC_scaffold_109	1	33013	258	10173	30.8151	1.08736	34.7	41.3
HiC_scaffold_110	1	32894	27	1880	5.71533	0.114094	35	55.7
HiC_scaffold_111	1	32703	81	7550	23.0866	0.371006	35.8	48.9
HiC_scaffold_112	1	32055	157	9627	30.0328	0.701731	35.7	53.5
HiC_scaffold_113	1	31996	181	4261	13.3173	0.607576	35.1	44.2
HiC_scaffold_114	1	31869	139	6006	18.8459	0.556811	35.3	51.3
HiC_scaffold_115	1	31497	260	8493	26.9645	1.19945	35.4	41.1
HiC_scaffold_116	1	31452	238	17114	54.4131	1.10327	35.6	54.7
HiC_scaffold_117	1	31435	94	9824	31.2518	0.442469	35.8	48.2
HiC_scaffold_118	1	31168	254	16618	53.3175	1.1816	35.7	56.2
HiC_scaffold_119	1	31094	58	3336	10.7288	0.27597	35.4	45.3
HiC_scaffold_120	1	31000	119	9305	30.0161	0.562129	35.8	47.5
HiC_scaffold_121	1	30892	70	4117	13.3271	0.336268	35.7	46.1
HiC_scaffold_122	1	30671	233	5310	17.3128	1.12553	35.4	39
HiC_scaffold_123	1	30159	373	24381	80.8415	1.81541	35.5	60
HiC_scaffold_124	1	30112	10	1214	4.03162	0.049814	35.9	40.5
HiC_scaffold_125	1	30000	96	3327	11.09	0.4789	35.5	38.6
HiC_scaffold_126	1	30000	40	3428	11.4267	0.184267	35.6	49.6
HiC_scaffold_127	1	29632	351	5332	17.9941	1.57202	35	43.2
HiC_scaffold_128	1	29216	115	9011	30.8427	0.568387	35.6	49.8
HiC_scaffold_129	1	29000	48	3044	10.4966	0.240379	35.4	49.1
HiC_scaffold_130	1	28743	25	1298	4.51588	0.130084	35.5	54.2
HiC_scaffold_131	1	28267	761	10071	35.6281	4.01178	35.6	39.8
HiC_scaffold_132	1	28006	216	5953	21.2562	1.14097	35.4	40.7
HiC_scaffold_133	1	27859	150	11675	41.9075	0.772031	35.5	54.4
HiC_scaffold_134	1	27837	363	23064	82.8538	1.90261	35.5	59.7
HiC_scaffold_135	1	27503	134	5594	20.3396	0.720394	35.5	42.7
HiC_scaffold_136	1	27405	376	23289	84.9808	1.9977	35.5	60
HiC_scaffold_137	1	27128	10	1021	3.76364	0.0552934	35.6	40
HiC_scaffold_138	1	27000	117	8532	31.6	0.629889	35.9	48.2
HiC_scaffold_139	1	26958	56	3146	11.67	0.298724	34.9	45.5
HiC_scaffold_140	1	26822	48	2318	8.64216	0.247185	35.9	41.5
HiC_scaffold_141	1	26714	404	9535	35.6929	2.12907	35.5	45.2
HiC_scaffold_142	1	26597	149	6534	24.5667	0.778772	35.3	52.1
HiC_scaffold_143	1	26526	41	2446	9.22114	0.203838	35.7	53.5
HiC_scaffold_144	1	26403	157	4838	18.3237	0.888232	35.1	44.2
HiC_scaffold_145	1	26321	399	12841	48.7861	2.24843	35.3	44
HiC_scaffold_146	1	26302	232	2860	10.8737	1.15486	35	39
HiC_scaffold_147	1	26228	76	4937	18.8234	0.429007	35.7	51.2
HiC_scaffold_148	1	26220	401	5626	21.4569	2.2749	35.4	39.2
HiC_scaffold_149	1	26169	58	6118	23.3788	0.329627	35.2	49.5
HiC_scaffold_150	1	26140	383	22368	85.57	2.10807	35.3	59.7
HiC_scaffold_151	1	25970	86	4755	18.3096	0.484213	35.3	39.4
HiC_scaffold_152	1	25914	93	3945	15.2234	0.479702	35.3	43.6
HiC_scaffold_153	1	25756	23	1964	7.62541	0.129911	35.8	48.6
HiC_scaffold_154	1	25701	93	6934	26.9795	0.527645	35.8	53.2
HiC_scaffold_155	1	25484	222	8622	33.833	1.26589	35.5	41.8
HiC_scaffold_156	1	25347	1369	13312	52.519	7.49276	35	44.3
HiC_scaffold_157	1	25300	156	6791	26.8419	0.907115	35.2	45.9
HiC_scaffold_158	1	25137	440	9927	39.4916	2.51466	35.2	41.5
HiC_scaffold_159	1	25068	60	2905	11.5885	0.357747	35.3	46.9
HiC_scaffold_160	1	25021	214	14427	57.6596	1.24272	35.6	55.5
HiC_scaffold_161	1	25021	34	3294	13.1649	0.185724	36.1	51.2
HiC_scaffold_162	1	25013	376	1834	7.33219	1.78619	34.9	43.7
HiC_scaffold_163	1	25000	10	932	3.728	0.05892	36	32.6
HiC_scaffold_164	1	25000	14	746	2.984	0.08308	34.1	34.3
HiC_scaffold_165	1	25000	20	925	3.7	0.11716	35.4	41.1
HiC_scaffold_166	1	25000	124	2259	9.036	0.70804	35	38.9
HiC_scaffold_167	1	25000	260	17346	69.384	1.50376	35.3	59.2
HiC_scaffold_168	1	25000	321	21102	84.408	1.88764	35.5	59.8
HiC_scaffold_169	1	25000	310	20474	81.896	1.79832	35.4	59.2
HiC_scaffold_170	1	25000	311	20188	80.752	1.80448	35.4	59.8
HiC_scaffold_171	1	25000	313	20722	82.888	1.7966	35.5	60
HiC_scaffold_172	1	25000	314	19884	79.536	1.80616	35.7	59.7
HiC_scaffold_173	1	25000	315	20283	81.132	1.81472	35.2	59.8
HiC_scaffold_174	1	25000	332	21160	84.64	1.92508	35.4	59.8
HiC_scaffold_175	1	25000	359	21956	87.824	2.084	35.6	59.8
HiC_scaffold_176	1	25000	329	20425	81.7	1.92996	35.6	59.4
HiC_scaffold_177	1	25000	324	20592	82.368	1.87992	35.6	59.8
HiC_scaffold_178	1	25000	287	18954	75.816	1.67152	35.1	59.6
HiC_scaffold_179	1	25000	320	19565	78.26	1.88976	35.4	59.9
HiC_scaffold_180	1	25000	280	16332	65.328	1.6104	35.5	56.6
HiC_scaffold_181	1	25000	293	20528	82.112	1.7112	35.6	59.9
HiC_scaffold_182	1	25000	313	20373	81.492	1.81164	35.4	59.9
HiC_scaffold_183	1	25000	172	4643	18.572	1.0158	35.7	43.7
HiC_scaffold_184	1	25000	317	20329	81.316	1.79288	35.7	60
HiC_scaffold_185	1	25000	659	24232	96.928	3.7858	35.4	59.7
HiC_scaffold_186	1	25000	338	20318	81.272	1.97432	35.5	59.9
HiC_scaffold_187	1	25000	14	924	3.696	0.08232	34.5	41.9
HiC_scaffold_188	1	24887	42	2204	8.85603	0.218427	35.4	43
HiC_scaffold_189	1	24881	625	15887	63.8519	3.04184	35.2	43.3
HiC_scaffold_190	1	24860	212	15159	60.9775	1.24348	35.4	56.7
HiC_scaffold_191	1	24785	151	11635	46.9437	0.889167	35.6	50.3
HiC_scaffold_192	1	24606	38	2667	10.8388	0.230554	35.8	44.8
HiC_scaffold_193	1	24582	175	3128	12.7248	1.02994	35.3	44.9
HiC_scaffold_194	1	24552	443	12094	49.2587	2.49585	35.2	44.2
HiC_scaffold_195	1	24515	122	8020	32.7147	0.712299	35.4	53.9
HiC_scaffold_196	1	24429	84	4865	19.9149	0.454869	36	51.9
HiC_scaffold_197	1	24404	118	5888	24.1272	0.713981	35.3	53.1
HiC_scaffold_198	1	24065	182	13318	55.3418	1.07164	35.6	56.5
HiC_scaffold_199	1	24034	63	4259	17.7207	0.383332	35.2	53.4
HiC_scaffold_200	1	24000	70	1512	6.3	0.419542	35.7	43.9
HiC_scaffold_201	1	24000	694	4856	20.2333	4.31517	35.5	46.1
HiC_scaffold_202	1	23940	307	4777	19.9541	1.77899	35.3	39.5
HiC_scaffold_203	1	23878	63	1502	6.29031	0.384077	35.8	35.8
HiC_scaffold_204	1	23813	61	5472	22.979	0.368748	35.7	51.9
HiC_scaffold_205	1	23764	53	4841	20.3711	0.323557	35.5	53.5
HiC_scaffold_206	1	23660	8	1062	4.48859	0.0507185	36.1	42.1
HiC_scaffold_207	1	23581	219	16462	69.8104	1.37492	35.6	53.7
HiC_scaffold_208	1	23490	61	3459	14.7254	0.385696	35.9	38.7
HiC_scaffold_209	1	23453	122	9985	42.5745	0.767535	35.5	55.3
HiC_scaffold_210	1	23041	45	3053	13.2503	0.279762	35.8	58.9
HiC_scaffold_211	1	23000	398	3485	15.1522	2.57691	35.7	39.2
HiC_scaffold_212	1	23000	150	10426	45.3304	0.951217	35.7	46.7
HiC_scaffold_213	1	23000	33	2396	10.4174	0.197739	35.3	50.2
HiC_scaffold_214	1	23000	109	4889	21.2565	0.707174	35.7	37.1
HiC_scaffold_215	1	23000	77	4222	18.3565	0.485348	35.8	55.6
HiC_scaffold_216	1	22979	9	852	3.70773	0.0551373	35.4	44.9
HiC_scaffold_217	1	22964	96	3446	15.0061	0.62463	35.6	40.4
HiC_scaffold_218	1	22956	97	8979	39.114	0.628071	35.2	49.1
HiC_scaffold_220	1	22604	145	12261	54.2426	0.95399	35.8	51.5
HiC_scaffold_221	1	22426	28	2113	9.4221	0.182734	34.9	54.6
HiC_scaffold_222	1	22303	163	8916	39.9767	1.08313	35.9	47.2
HiC_scaffold_223	1	22199	85	4218	19.0009	0.566962	35.3	45.7
HiC_scaffold_224	1	22128	11	1007	4.5508	0.0682393	35.3	52.5
HiC_scaffold_225	1	22127	10	1098	4.96226	0.0674741	35.7	41.1
HiC_scaffold_226	1	21688	62	4384	20.2139	0.410872	35.1	54.5
HiC_scaffold_227	1	21648	185	10708	49.4642	1.22279	35.5	53.4
HiC_scaffold_228	1	21608	221	11380	52.6657	1.40221	35.4	51.1
HiC_scaffold_229	1	21598	17	1154	5.34309	0.117557	34.5	34.8
HiC_scaffold_230	1	21510	24	1651	7.6755	0.156299	35.8	51.8
HiC_scaffold_231	1	21437	25	2020	9.42296	0.156692	34.5	49.3
HiC_scaffold_232	1	21282	152	12297	57.7812	1.05812	35.6	49.4
HiC_scaffold_233	1	20959	141	3956	18.8749	0.852092	35.4	39.8
HiC_scaffold_234	1	20824	23	1406	6.75182	0.155638	35.5	51.7
HiC_scaffold_235	1	20622	43	3586	17.3892	0.311851	35.1	54.7
HiC_scaffold_236	1	20377	39	3755	18.4276	0.271433	35.2	47.5
HiC_scaffold_237	1	20369	74	7030	34.5132	0.541755	35.1	50.4
HiC_scaffold_238	1	20340	22	2173	10.6834	0.156047	35.4	46.5
HiC_scaffold_239	1	20281	4	380	1.87367	0.0275134	35.3	50
HiC_scaffold_240	1	20166	20	1861	9.2284	0.147178	35.8	51.8
HiC_scaffold_241	1	20140	167	8351	41.4647	1.21395	35.4	47.3
HiC_scaffold_242	1	20135	206	14474	71.8848	1.4739	35.4	59.9
HiC_scaffold_243	1	20122	22	1592	7.91174	0.154309	36	56.4
HiC_scaffold_244	1	20044	36	2229	11.1205	0.265067	35.6	42.2
HiC_scaffold_245	1	20021	18	1338	6.68298	0.12367	35.5	59.6
HiC_scaffold_246	1	20000	49	2313	11.565	0.34535	35.4	53.2
HiC_scaffold_247	1	20000	39	2789	13.945	0.2612	35.6	50.4
HiC_scaffold_248	1	19739	419	8059	40.8278	3.09423	35.5	43.6
HiC_scaffold_249	1	19737	1	59	0.298931	0.00298931	35.5	44
HiC_scaffold_250	1	19724	11	1098	5.56682	0.081018	35.1	46.5
HiC_scaffold_251	1	19667	28	1042	5.29822	0.211674	35.8	39
HiC_scaffold_252	1	19649	53	4695	23.8943	0.40226	36.3	50.1
HiC_scaffold_253	1	19394	34	4057	20.9188	0.262504	35	50.3
HiC_scaffold_254	1	19304	83	4033	20.892	0.632252	36	51.3
HiC_scaffold_255	1	19231	16	1942	10.0983	0.124643	36.3	44.2
HiC_scaffold_256	1	19176	61	4801	25.0365	0.451867	35.6	53.3
HiC_scaffold_257	1	19156	1545	7584	39.5907	11.2339	35.1	44
HiC_scaffold_258	1	19143	62	1365	7.13054	0.44528	35.2	45.6
HiC_scaffold_259	1	19058	30	3293	17.2788	0.224368	36.2	45.7
HiC_scaffold_260	1	19000	123	4275	22.5	0.956316	35.4	41.2
HiC_scaffold_261	1	18934	25	2317	12.2372	0.18855	36.3	49.9
HiC_scaffold_262	1	18930	178	6084	32.1395	1.33502	35.5	42.6
HiC_scaffold_263	1	18729	245	15782	84.265	1.93705	35.5	57.4
HiC_scaffold_264	1	18528	38	2655	14.3297	0.268135	35.4	58.5
HiC_scaffold_265	1	18283	32	2396	13.1051	0.247224	35.1	45.8
HiC_scaffold_266	1	18272	14	783	4.28525	0.0802868	35.5	41
HiC_scaffold_267	1	18066	57	3962	21.9307	0.460478	36	45.1
HiC_scaffold_268	1	18044	46	2262	12.536	0.371204	35.9	41.1
HiC_scaffold_269	1	18026	69	3976	22.057	0.545046	35.7	59.1
HiC_scaffold_270	1	18000	135	6898	38.3222	1.10167	35.4	45.2
HiC_scaffold_271	1	18000	107	8631	47.95	0.862056	35.8	51.4
HiC_scaffold_272	1	18000	71	3236	17.9778	0.576611	35.7	44
HiC_scaffold_273	1	17971	167	5809	32.3243	1.36865	35.7	45.2
HiC_scaffold_274	1	17888	37	2651	14.82	0.308978	36.2	43.6
HiC_scaffold_275	1	17782	32	3128	17.5908	0.261444	35.6	54.4
HiC_scaffold_276	1	17690	61	5067	28.6433	0.511475	34.8	51.6
HiC_scaffold_277	1	17675	106	3406	19.2702	0.893635	35.2	39.5
HiC_scaffold_278	1	17531	5	561	3.20005	0.0357082	35.7	52
HiC_scaffold_279	1	17508	245	2701	15.4272	1.19842	35.2	47.5
HiC_scaffold_280	1	17420	68	5926	34.0184	0.577899	35.1	50.4
HiC_scaffold_281	1	17399	28	2216	12.7364	0.239784	35	55.4
HiC_scaffold_282	1	17398	54	5234	30.0839	0.458731	35.2	50.3
HiC_scaffold_283	1	17257	922	8525	49.4002	6.54175	35	51.1
HiC_scaffold_284	1	17224	275	14903	86.5246	2.37314	35.5	54.5
HiC_scaffold_285	1	17131	79	6370	37.1841	0.673282	35.8	51
HiC_scaffold_286	1	17073	51	3912	22.9134	0.442219	35.9	50.9
HiC_scaffold_287	1	17000	91	3801	22.3588	0.764059	35.4	42
HiC_scaffold_288	1	16908	12	878	5.19281	0.091436	34.7	56.7
HiC_scaffold_289	1	16758	91	1847	11.0216	0.691133	35	44.3
HiC_scaffold_290	1	16602	111	3344	20.1422	0.911577	35.3	42.8
HiC_scaffold_291	1	16449	106	874	5.31339	0.735911	34.5	43.1
HiC_scaffold_292	1	16346	34	2251	13.771	0.295546	35.7	57.2
HiC_scaffold_293	1	16263	286	1524	9.37096	2.37638	35	44
HiC_scaffold_294	1	16061	120	6568	40.8941	1.1056	35.9	49
HiC_scaffold_295	1	16000	12	804	5.025	0.104438	36.1	53.6
HiC_scaffold_296	1	16000	55	4428	27.675	0.490187	35.4	51.1
HiC_scaffold_297	1	16000	34	3119	19.4937	0.307125	35.9	55.5
HiC_scaffold_298	1	16000	58	3392	21.2	0.513	35.3	44.3
HiC_scaffold_299	1	16000	53	2892	18.075	0.49275	35.3	42.1
HiC_scaffold_300	1	15603	76	4748	30.43	0.715696	35.6	48.2
HiC_scaffold_301	1	15565	10	590	3.79056	0.0871185	35.8	60
HiC_scaffold_302	1	15554	163	3432	22.0651	1.55188	35.5	40.4
HiC_scaffold_303	1	15467	140	6390	41.3138	1.33206	35	49.1
HiC_scaffold_304	1	15433	40	1960	12.7001	0.384954	35.8	36.7
HiC_scaffold_305	1	15221	38	2622	17.2262	0.370015	35.2	46.2
HiC_scaffold_306	1	15208	12	797	5.24066	0.118293	34.4	60
HiC_scaffold_307	1	15128	34	1361	8.99656	0.326348	35.7	50.4
HiC_scaffold_308	1	15037	57	5404	35.938	0.561748	35.3	51.2
HiC_scaffold_309	1	15027	86	4964	33.0339	0.825115	35.6	50.8
HiC_scaffold_310	1	15014	77	7052	46.9695	0.760623	35.1	58.4
HiC_scaffold_311	1	15000	81	6912	46.08	0.806933	35.9	48.9
HiC_scaffold_312	1	14886	144	10636	71.4497	1.44075	35.4	48.9
HiC_scaffold_313	1	14872	86	2445	16.4403	0.860812	35.4	39
HiC_scaffold_314	1	14743	26	1867	12.6636	0.249271	34.6	60
HiC_scaffold_315	1	14719	29	1158	7.86738	0.27135	35.2	51
HiC_scaffold_316	1	14619	58	5255	35.9464	0.561119	35.3	52.8
HiC_scaffold_317	1	14567	35	3561	24.4457	0.347155	36	50.3
HiC_scaffold_318	1	14553	38	3832	26.3313	0.378822	35.3	44.9
HiC_scaffold_319	1	14548	168	7524	51.7184	1.7056	35.8	49.8
HiC_scaffold_320	1	14465	45	2887	19.9585	0.462565	35.3	42.9
HiC_scaffold_321	1	14408	115	6067	42.1086	1.11348	35.5	48
HiC_scaffold_322	1	14386	12	1561	10.8508	0.120256	35.5	43.2
HiC_scaffold_323	1	14298	273	8040	56.2316	2.44349	34.1	47.6
HiC_scaffold_324	1	14091	83	5168	36.6759	0.852246	35.6	56.5
HiC_scaffold_325	1	14000	69	2580	18.4286	0.735286	35.4	44.2
HiC_scaffold_326	1	14000	43	2598	18.5571	0.450214	35.3	44.2
HiC_scaffold_327	1	13966	90	5696	40.7848	0.950738	35.6	45.9
HiC_scaffold_328	1	13312	197	11330	85.1112	2.13364	35.3	59.7
HiC_scaffold_329	1	13309	88	7155	53.7606	0.984897	35.5	48
HiC_scaffold_330	1	13245	101	7033	53.0993	1.10419	35.6	54.9
HiC_scaffold_331	1	13138	159	10652	81.0778	1.76047	35.4	59.6
HiC_scaffold_333	1	13000	47	3230	24.8462	0.528846	35.8	48.5
HiC_scaffold_334	1	13000	47	3683	28.3308	0.539538	35.8	51.9
HiC_scaffold_335	1	13000	38	2481	19.0846	0.423769	35.9	54.3
HiC_scaffold_336	1	12527	234	5939	47.4096	2.68476	35.4	40.1
HiC_scaffold_337	1	12325	19	1680	13.6308	0.231156	35.7	45.8
HiC_scaffold_338	1	12210	21	2178	17.8378	0.254791	34.3	46.7
HiC_scaffold_339	1	12140	138	9714	80.0165	1.64481	35.8	57.3
HiC_scaffold_340	1	12103	102	2719	22.4655	1.24862	35.5	47.3
HiC_scaffold_341	1	11792	2	170	1.44166	0.0252714	35.2	60
HiC_scaffold_342	1	11769	38	1466	12.4565	0.465035	35.7	42.1
HiC_scaffold_343	1	11768	72	6076	51.6315	0.895479	35.7	53.1
HiC_scaffold_344	1	11552	97	8116	70.2562	1.21858	35.9	55.9
HiC_scaffold_345	1	11294	48	2696	23.8711	0.619798	36.2	49.1
HiC_scaffold_346	1	11220	103	7728	68.877	1.3082	35.8	58.2
HiC_scaffold_347	1	11009	1138	6579	59.7602	14.5316	35	41.6
HiC_scaffold_348	1	11007	53	4586	41.6644	0.699646	35.9	49.4
HiC_scaffold_349	1	11000	50	3256	29.6	0.662182	34.9	53.4
HiC_scaffold_350	1	10932	77	3469	31.7325	1.02955	36	46.2
HiC_scaffold_351	1	10903	69	4500	41.273	0.896175	35.7	56
HiC_scaffold_352	1	10862	120	8282	76.2475	1.6149	35.6	58.4
HiC_scaffold_353	1	10825	57	4289	39.6212	0.764249	35	52.5
HiC_scaffold_354	1	10780	108	7378	68.4416	1.48386	35.3	54.7
HiC_scaffold_355	1	10606	12	967	9.11748	0.154629	35.1	52
HiC_scaffold_356	1	10316	13	554	5.3703	0.159849	34.4	59.9
HiC_scaffold_357	1	10313	95	7228	70.0863	1.36275	35.5	55.9
HiC_scaffold_358	1	10116	27	2086	20.6208	0.395117	35.4	54.7
HiC_scaffold_359	1	9728	676	4039	41.5193	9.46515	35.1	40.7
HiC_scaffold_360	1	9582	97	3736	38.9898	1.44145	35.4	50.1
HiC_scaffold_361	1	9577	62	5268	55.0068	0.951342	35.3	48.4
HiC_scaffold_362	1	9324	42	3068	32.9043	0.666667	35.5	47
HiC_scaffold_363	1	9309	129	7750	83.2528	1.94704	35.5	59.7
HiC_scaffold_364	1	9000	11	682	7.57778	0.154222	34.1	60
HiC_scaffold_365	1	8972	26	1517	16.9082	0.401248	34.9	58
HiC_scaffold_366	1	8717	15	860	9.86578	0.230928	35.6	53.3
HiC_scaffold_367	1	8598	75	3309	38.4857	1.15515	34	50.4
HiC_scaffold_368	1	8517	31	2530	29.7053	0.537513	35.4	46.9
HiC_scaffold_369	1	8159	37	3481	42.6645	0.655472	35.4	49.8
HiC_scaffold_370	1	8000	16	570	7.125	0.266625	35.1	39.1
HiC_scaffold_371	1	7755	19	1858	23.9587	0.364797	35.4	52.6
HiC_scaffold_372	1	7349	29	2503	34.0591	0.589876	35	56.6
HiC_scaffold_373	1	7312	77	4946	67.6422	1.47484	35.2	52
HiC_scaffold_374	1	7226	30	2194	30.3626	0.619845	34.4	58.7
HiC_scaffold_375	1	7101	18	1355	19.0818	0.368258	35.3	56
HiC_scaffold_376	1	7000	133	5002	71.4571	2.742	35	39.2
HiC_scaffold_377	1	7000	60	4587	65.5286	1.23186	35.7	54.2
HiC_scaffold_378	1	7000	114	2704	38.6286	2.414	35.6	40.2
HiC_scaffold_379	1	6605	107	3460	52.3846	2.23573	35.1	48.5
HiC_scaffold_380	1	6537	77	5473	83.7234	1.6942	35.6	59
HiC_scaffold_381	1	6484	47	4195	64.6977	1.06616	35.3	57.1
HiC_scaffold_382	1	6459	34	2873	44.4806	0.785725	36	55.4
HiC_scaffold_383	1	6245	18	1406	22.514	0.410088	36	54.1
HiC_scaffold_384	1	6125	88	5015	81.8776	2.14939	35.6	50.9
HiC_scaffold_385	1	6000	56	4057	67.6167	1.3445	35.5	55.9
HiC_scaffold_386	1	6000	43	2167	36.1167	1.06633	35.8	59.5
HiC_scaffold_387	1	6000	64	3755	62.5833	1.58817	36	49.4
HiC_scaffold_388	1	5993	18	1620	27.0315	0.439513	34.3	47.6
HiC_scaffold_389	1	5821	50	3911	67.1878	1.27727	35.9	49.4
HiC_scaffold_390	1	5673	52	3643	64.2165	1.37106	35.3	52
HiC_scaffold_391	1	5000	19	1429	28.58	0.5418	35.6	57.9
HiC_scaffold_392	1	5000	37	2345	46.9	1.0886	35.2	55.2
HiC_scaffold_393	1	4994	2447	3902	78.1338	65.6231	35.1	47
HiC_scaffold_394	1	4893	48	3739	76.4153	1.46086	35.9	50
HiC_scaffold_395	1	4891	44	3251	66.469	1.31405	35.8	58
HiC_scaffold_396	1	4877	12	1476	30.2645	0.360468	36.4	45.4
HiC_scaffold_397	1	4000	20	1104	27.6	0.7465	35.1	38.6
HiC_scaffold_398	1	4000	56	2971	74.275	1.86675	35.4	56.6
HiC_scaffold_399	1	4000	39	2543	63.575	1.37625	35.4	55.9
HiC_scaffold_400	1	4000	296	1158	28.95	9.796	35	46.9
HiC_scaffold_401	1	3971	46	3084	77.6631	1.64467	35.7	59.3
HiC_scaffold_402	1	3919	12	1046	26.6905	0.407502	34.5	50.6
HiC_scaffold_403	1	3281	32	2313	70.4968	1.39043	36	57.4
HiC_scaffold_404	1	3264	9	760	23.2843	0.382659	35.3	43.2
HiC_scaffold_405	1	3259	52	2792	85.6705	2.28414	35.9	60
HiC_scaffold_406	1	3042	6	656	21.5648	0.295858	33.6	49.5
HiC_scaffold_407	1	3035	50	2808	92.5206	2.4603	35.6	60
HiC_scaffold_408	1	3003	8	748	24.9084	0.365634	35.3	47.5
HiC_scaffold_409	1	3003	7	799	26.6067	0.327006	33.9	46
HiC_scaffold_410	1	3000	36	2168	72.2667	1.73167	35.8	57.6
HiC_scaffold_411	1	3000	60	1864	62.1333	2.82033	35.6	48.3
HiC_scaffold_412	1	3000	43	2723	90.7667	1.97967	35.4	58
HiC_scaffold_413	1	3000	45	2459	81.9667	2.127	35.5	58.1
HiC_scaffold_414	1	3000	17	2072	69.0667	0.835333	35.7	47.6
HiC_scaffold_415	1	2897	27	1742	60.1312	1.39765	35.5	58.9
HiC_scaffold_416	1	2563	76	1283	50.0585	3.59618	34.8	48.5
HiC_scaffold_417	1	2259	34	1830	81.0093	2.13059	36	60
HiC_scaffold_418	1	2125	11	976	45.9294	0.678118	35.9	60
HiC_scaffold_419	1	2021	23	1729	85.5517	1.58832	34.8	59.1
HiC_scaffold_420	1	2000	27	1546	77.3	1.7915	35.7	60
HiC_scaffold_421	1	2000	22	1467	73.35	1.6285	34.7	51.4
HiC_scaffold_422	1	2000	32	1804	90.2	2.2015	36.2	59.2
HiC_scaffold_423	1	1676	5	540	32.2196	0.446301	36.6	49.2
HiC_scaffold_424	1	1484	10	696	46.9003	0.995957	36.3	47.7
HiC_scaffold_425	1	1447	12	988	68.2792	1.23497	35.6	56.7
HiC_scaffold_426	1	1382	2	277	20.0434	0.200434	36.5	57.5
HiC_scaffold_427	1	1353	17	1108	81.8921	1.69697	36.3	60
HiC_scaffold_428	1	1184	4	355	29.9831	0.506757	36.3	55.2
HiC_scaffold_429	1	1175	15	969	82.4681	1.84936	35.3	60
HiC_scaffold_430	1	1138	22	1077	94.6397	2.27153	35.6	59.7
HiC_scaffold_431	1	1108	11	923	83.3032	1.43863	34.9	60
HiC_scaffold_432	1	1097	27	1071	97.6299	3.4649	35.6	60
HiC_scaffold_433	1	1005	38	754	75.0249	5.37214	36.1	42
HiC_scaffold_434	1	1000	21	940	94	2.882	35.9	59.7
HiC_scaffold_435	1	1000	25	1000	100	3.183	34.9	59.2
HiC_scaffold_436	1	1000	15	754	75.4	1.673	35.9	59
HiC_scaffold_437	1	1000	8	606	60.6	1.002	36.3	60
HiC_scaffold_438	1	1000	15	819	81.9	1.946	35.3	56.6
HiC_scaffold_439	1	1000	17	944	94.4	2.509	35.8	60
HiC_scaffold_440	1	1000	22	939	93.9	2.856	35.4	60
HiC_scaffold_441	1	1000	19	952	95.2	2.742	35.9	60
HiC_scaffold_442	1	1000	14	834	83.4	1.845	36.4	60
HiC_scaffold_443	1	1000	22	951	95.1	3.039	36	60
HiC_scaffold_444	1	1000	9	855	85.5	1.306	35.2	60
HiC_scaffold_445	1	1000	16	923	92.3	2.182	36	60
HiC_scaffold_446	1	1000	23	819	81.9	3.397	35.1	41.7
HiC_scaffold_447	1	1000	26	974	97.4	3.555	35.8	58.1
HiC_scaffold_448	1	1000	14	760	76	1.73	35.3	55.5
HiC_scaffold_449	1	1000	9	666	66.6	1.216	36	60
HiC_scaffold_450	1	1000	4	501	50.1	0.598	36.5	55
HiC_scaffold_451	1	1000	5	409	40.9	0.748	36.5	53
HiC_scaffold_452	1	1000	14	828	82.8	1.959	36.1	59.5
HiC_scaffold_453	1	1000	39	565	56.5	4.979	35.5	43.3
mitochondria	1	17813	74908	17690	99.3095	611.181	35.5	59.4
HiC_scaffold_219	1	22812	0	0	0	0	0	0
HiC_scaffold_332	1	13083	0	0	0	0	0	0
HiC_scaffold_454	1	2000	0	0	0	0	0	0
