#rname	startpos	endpos	numreads	covbases	coverage	meandepth	meanbaseq	meanmapq
HiC_scaffold_1	1	75050035	951916	58941838	78.5367	1.84668	35.6	59.2
HiC_scaffold_2	1	56816963	724083	44712970	78.6965	1.85389	35.6	59.2
HiC_scaffold_3	1	109611085	1335966	83835404	76.4844	1.77521	35.6	58.8
HiC_scaffold_4	1	81599725	1025956	63594855	77.9351	1.83	35.6	59.1
HiC_scaffold_5	1	72353455	925615	57204736	79.0629	1.86287	35.6	59.3
HiC_scaffold_6	1	67692486	866573	53375230	78.8496	1.86341	35.6	59.2
HiC_scaffold_7	1	59159807	749685	46179579	78.059	1.84287	35.6	59.1
HiC_scaffold_8	1	13479537	88586	7664356	56.8592	0.961082	35.5	59.5
HiC_scaffold_9	1	58964884	753150	46261125	78.4554	1.85828	35.6	59.2
HiC_scaffold_10	1	36732878	463226	28456411	77.4685	1.83292	35.5	59
HiC_scaffold_11	1	27384	209	5642	20.6033	1.1208	35.4	43.8
HiC_scaffold_12	1	33592	3431	9630	28.6675	13.8384	35.1	46.7
HiC_scaffold_13	1	184337	7765	144853	78.5805	5.89434	35.6	52.5
HiC_scaffold_14	1	85992	3869	47081	54.7504	6.2664	35	46.1
HiC_scaffold_15	1	87022	1012	26813	30.8117	1.60921	35.4	45.1
HiC_scaffold_16	1	89609	2407	9406	10.4967	2.95887	35.7	51
HiC_scaffold_17	1	164154	4543	59509	36.2519	3.98146	35.5	50.5
HiC_scaffold_18	1	104921	670	50727	48.3478	0.936009	35.5	53.1
HiC_scaffold_19	1	103720	517	31746	30.6074	0.708311	35.6	47.1
HiC_scaffold_20	1	90353	771	34045	37.68	1.22484	35.3	50.2
HiC_scaffold_21	1	85252	370	24242	28.4357	0.622613	35.4	47.5
HiC_scaffold_22	1	80500	465	23604	29.3217	0.851068	35.5	49.9
HiC_scaffold_23	1	75743	309	19424	25.6446	0.593533	35.9	54.8
HiC_scaffold_24	1	75592	1176	17426	23.0527	2.20461	35.4	43.4
HiC_scaffold_25	1	72691	2075	36674	50.4519	4.11739	35.5	54.4
HiC_scaffold_26	1	71458	731	39586	55.3976	1.48386	35.6	48.2
HiC_scaffold_27	1	70045	3339	54895	78.371	6.74572	35.4	52.6
HiC_scaffold_28	1	68558	63	4398	6.41501	0.132588	35.3	52.5
HiC_scaffold_29	1	68222	932	22043	32.3107	2.02892	35.5	46.4
HiC_scaffold_30	1	67017	841	37579	56.0738	1.82172	35.3	46.7
HiC_scaffold_31	1	65972	86	8468	12.8357	0.193067	35.8	46.5
HiC_scaffold_32	1	64000	698	34082	53.2531	1.53609	35.6	49.4
HiC_scaffold_33	1	62684	588	18627	29.7157	1.18713	35.5	43.7
HiC_scaffold_34	1	60035	452	29441	49.0397	1.04624	35.5	55.3
HiC_scaffold_35	1	59483	144	12292	20.6647	0.351126	35.6	50.7
HiC_scaffold_36	1	58601	843	6943	11.8479	2.1042	35.4	50.9
HiC_scaffold_37	1	57907	215	13357	23.0663	0.528295	35.7	48
HiC_scaffold_38	1	57623	188	3033	5.26352	0.449196	35.5	37.5
HiC_scaffold_39	1	56881	638	17678	31.0789	1.25288	35.4	48.5
HiC_scaffold_40	1	56115	422	5120	9.12412	0.948303	35.6	38
HiC_scaffold_41	1	55753	666	21617	38.7728	1.72566	35.4	42.1
HiC_scaffold_42	1	55361	90	4239	7.65701	0.23885	35.5	45.9
HiC_scaffold_43	1	55333	471	9809	17.7272	1.22337	35.1	39.7
HiC_scaffold_44	1	54697	2745	49681	90.8295	7.36656	35.6	55.9
HiC_scaffold_45	1	54079	75	4601	8.50792	0.174079	35.2	46.9
HiC_scaffold_46	1	53000	190	7479	14.1113	0.519	35.7	41.2
HiC_scaffold_47	1	52728	1639	21383	40.5534	4.38617	35.2	48.2
HiC_scaffold_48	1	52696	253	19168	36.3747	0.706828	35.3	51.5
HiC_scaffold_49	1	52574	133	5337	10.1514	0.369498	35.1	39.6
HiC_scaffold_50	1	52452	22	879	1.67582	0.0269961	36	52.3
HiC_scaffold_51	1	52291	206	6079	11.6253	0.533935	35.4	43.9
HiC_scaffold_52	1	50660	378	25978	51.2791	1.09443	35.6	57.9
HiC_scaffold_53	1	50444	1784	36208	71.7786	5.19751	35.6	55.9
HiC_scaffold_54	1	50000	658	40724	81.448	1.92828	35.4	59.8
HiC_scaffold_55	1	49402	73	5739	11.6169	0.214485	34.8	46.1
HiC_scaffold_56	1	48994	255	7366	15.0345	0.715761	35.4	45.3
HiC_scaffold_57	1	48961	115	6480	13.235	0.344213	35.5	43.3
HiC_scaffold_58	1	48913	476	32223	65.8782	1.43712	35.8	50.9
HiC_scaffold_59	1	48516	461	15838	32.6449	1.39894	35.7	49
HiC_scaffold_60	1	48449	465	32773	67.6443	1.4132	35.5	52.4
HiC_scaffold_61	1	48102	105	7964	16.5565	0.323542	35.5	50.7
HiC_scaffold_62	1	47095	475	30280	64.2956	1.49056	35.5	56.4
HiC_scaffold_63	1	45946	606	26266	57.1671	1.92469	35.5	52.8
HiC_scaffold_64	1	45702	185	5044	11.0367	0.536694	35.3	48.6
HiC_scaffold_65	1	45164	324	9865	21.8426	0.988243	35.1	44.5
HiC_scaffold_66	1	45000	1417	9243	20.54	4.38176	35.2	46.4
HiC_scaffold_67	1	44932	510	7659	17.0458	1.40561	35.1	40.4
HiC_scaffold_68	1	44535	47	4884	10.9667	0.154867	35.6	44.1
HiC_scaffold_69	1	43359	402	12661	29.2004	1.36366	35.3	43.6
HiC_scaffold_70	1	43000	276	8877	20.6442	0.828419	35	41.3
HiC_scaffold_71	1	42000	338	13358	31.8048	1.04595	35.5	48.4
HiC_scaffold_72	1	41780	41	2910	6.96506	0.144064	34.9	41.6
HiC_scaffold_73	1	41131	97	6504	15.8129	0.340473	35.8	45.2
HiC_scaffold_74	1	41000	200	11828	28.8488	0.709512	35.6	56.2
HiC_scaffold_75	1	40673	201	5600	13.7683	0.716938	35.5	40.6
HiC_scaffold_76	1	40021	208	4274	10.6794	0.700757	35.4	39.7
HiC_scaffold_77	1	40000	58	5747	14.3675	0.2131	35.8	47.9
HiC_scaffold_78	1	39995	187	16982	42.4603	0.693612	35.5	52.2
HiC_scaffold_79	1	39987	36	2970	7.42741	0.131793	35.8	42.9
HiC_scaffold_80	1	39907	75	4778	11.9728	0.268174	35.1	53.5
HiC_scaffold_81	1	39785	175	5201	13.0728	0.524167	35.4	44.1
HiC_scaffold_82	1	39714	1747	12846	32.3463	6.08236	35.2	44.2
HiC_scaffold_83	1	39603	146	10158	25.6496	0.546474	35.6	54.6
HiC_scaffold_84	1	39032	1177	24294	62.2412	4.25453	35.4	49.4
HiC_scaffold_85	1	38821	358	10571	27.2301	1.32562	35.4	43.9
HiC_scaffold_86	1	38551	193	5340	13.8518	0.619699	35.1	46
HiC_scaffold_87	1	38336	173	7117	18.5648	0.655676	35.2	41.6
HiC_scaffold_88	1	38081	189	7142	18.7548	0.702634	35.5	55.3
HiC_scaffold_89	1	37423	133	1544	4.1258	0.473933	35.5	44.2
HiC_scaffold_90	1	37049	535	10653	28.7538	2.14961	35.6	42.6
HiC_scaffold_91	1	37000	472	28686	77.5297	1.84657	35.6	59.9
HiC_scaffold_92	1	36719	44	2900	7.89782	0.166317	36	55.5
HiC_scaffold_93	1	36624	351	6289	17.1718	1.27569	35.4	39.9
HiC_scaffold_94	1	36550	139	3456	9.45554	0.564077	35.8	40.6
HiC_scaffold_95	1	35915	1127	17253	48.0384	4.40273	35.2	44.3
HiC_scaffold_96	1	35569	391	12119	34.0718	1.62734	35.6	48.6
HiC_scaffold_97	1	35569	163	9213	25.9018	0.626697	35.4	48.4
HiC_scaffold_98	1	35521	153	4310	12.1337	0.403367	35.6	47.8
HiC_scaffold_99	1	35305	1122	26763	75.8051	4.20533	35.5	58.2
HiC_scaffold_100	1	35285	391	24798	70.2792	1.60856	35.6	57.8
HiC_scaffold_101	1	35090	178	8241	23.4853	0.670362	35.3	53.8
HiC_scaffold_102	1	34736	61	5763	16.5909	0.262984	35.8	48
HiC_scaffold_103	1	34662	809	17114	49.374	3.18294	35.6	42
HiC_scaffold_104	1	34539	166	11294	32.6993	0.706882	35.7	51.8
HiC_scaffold_105	1	34367	96	5438	15.8233	0.407222	35.8	46.1
HiC_scaffold_106	1	34092	7	785	2.30259	0.0264285	35.2	44
HiC_scaffold_107	1	34034	1642	30208	88.7583	6.92866	35.6	58.9
HiC_scaffold_108	1	34000	185	4130	12.1471	0.804029	35.2	38.4
HiC_scaffold_109	1	33013	238	10625	32.1843	0.991852	35.1	45.5
HiC_scaffold_110	1	32894	32	1897	5.76701	0.139539	35.6	56.7
HiC_scaffold_111	1	32703	140	10422	31.8686	0.636425	35.7	47.5
HiC_scaffold_112	1	32055	120	8529	26.6074	0.544938	35.3	52.8
HiC_scaffold_113	1	31996	215	3111	9.72309	0.677991	35.3	44.2
HiC_scaffold_114	1	31869	156	7035	22.0747	0.623678	35.8	51.7
HiC_scaffold_115	1	31497	300	10062	31.9459	1.37873	35.8	41.3
HiC_scaffold_116	1	31452	270	17573	55.8724	1.26501	35.8	54.5
HiC_scaffold_117	1	31435	134	13324	42.3859	0.626499	35.5	49.8
HiC_scaffold_118	1	31168	226	14099	45.2355	1.0487	35.7	57.4
HiC_scaffold_119	1	31094	65	4081	13.1247	0.304785	35.5	47.2
HiC_scaffold_120	1	31000	76	6320	20.3871	0.353742	35.8	48.1
HiC_scaffold_121	1	30892	79	4038	13.0713	0.379904	35.6	42.2
HiC_scaffold_122	1	30671	369	8101	26.4126	1.79212	35.3	39.6
HiC_scaffold_123	1	30159	447	26325	87.2874	2.15601	35.6	59.9
HiC_scaffold_124	1	30112	16	1768	5.87141	0.0777431	36	43.8
HiC_scaffold_125	1	30000	114	3757	12.5233	0.561467	35.3	41
HiC_scaffold_126	1	30000	42	3690	12.3	0.2053	35.6	49.5
HiC_scaffold_127	1	29632	407	5138	17.3394	1.84156	35.2	43.4
HiC_scaffold_128	1	29216	112	8134	27.8409	0.56339	36	50.3
HiC_scaffold_129	1	29000	41	2458	8.47586	0.207414	35.3	52
HiC_scaffold_130	1	28743	13	1215	4.22712	0.0669032	35.8	54
HiC_scaffold_131	1	28267	853	9187	32.5008	4.48236	35.7	39.4
HiC_scaffold_132	1	28006	337	6743	24.077	1.78876	35.2	40.2
HiC_scaffold_133	1	27859	113	9566	34.3372	0.598945	35.5	53.4
HiC_scaffold_134	1	27837	407	21972	78.9309	2.05776	35.7	59.7
HiC_scaffold_135	1	27503	131	4369	15.8855	0.708323	35.6	41
HiC_scaffold_136	1	27405	349	22076	80.5546	1.85773	35.9	60
HiC_scaffold_137	1	27128	11	1554	5.7284	0.0607859	34.7	41.7
HiC_scaffold_138	1	27000	176	13147	48.6926	0.963407	35.5	51.2
HiC_scaffold_139	1	26958	63	4385	16.266	0.344647	35.3	41.7
HiC_scaffold_140	1	26822	88	3308	12.3332	0.457833	34.7	43
HiC_scaffold_141	1	26714	466	10475	39.2116	2.44014	35.3	44.1
HiC_scaffold_142	1	26597	236	10324	38.8164	1.23488	35.4	48
HiC_scaffold_143	1	26526	41	2505	9.44356	0.205006	35.1	51.9
HiC_scaffold_144	1	26403	228	4000	15.1498	1.27963	35.4	41.5
HiC_scaffold_145	1	26321	475	12318	46.7991	2.61563	35.4	44.5
HiC_scaffold_146	1	26302	174	3272	12.4401	0.864649	35.1	39.2
HiC_scaffold_147	1	26228	94	4968	18.9416	0.516776	35.4	52.1
HiC_scaffold_148	1	26220	264	5049	19.2563	1.49062	35.6	39.6
HiC_scaffold_149	1	26169	87	7761	29.6572	0.49616	35.4	50.2
HiC_scaffold_150	1	26140	379	22340	85.4629	2.07927	35.5	60
HiC_scaffold_151	1	25970	52	4295	16.5383	0.294879	35.4	39.5
HiC_scaffold_152	1	25914	90	4337	16.7361	0.463379	35	44.6
HiC_scaffold_153	1	25756	26	2232	8.66594	0.1475	35.8	45.2
HiC_scaffold_154	1	25701	93	7105	27.6448	0.53033	35.4	53.9
HiC_scaffold_155	1	25484	309	10569	41.4731	1.7633	35.3	43.3
HiC_scaffold_156	1	25347	1352	14153	55.837	7.47398	35.1	44.1
HiC_scaffold_157	1	25300	153	6390	25.2569	0.901067	35.3	45
HiC_scaffold_158	1	25137	423	10268	40.8482	2.42272	35.2	40.6
HiC_scaffold_159	1	25068	24	1293	5.15797	0.141934	36.2	47.5
HiC_scaffold_160	1	25021	218	14822	59.2382	1.27017	35.4	55.4
HiC_scaffold_161	1	25021	20	1837	7.34183	0.117901	35.1	49.3
HiC_scaffold_162	1	25013	409	1662	6.64454	1.92384	35.2	43.8
HiC_scaffold_163	1	25000	8	715	2.86	0.04728	35.6	34.5
HiC_scaffold_164	1	25000	28	827	3.308	0.1664	35.3	36.7
HiC_scaffold_165	1	25000	6	569	2.276	0.03584	35	40
HiC_scaffold_166	1	25000	104	2846	11.384	0.59864	35.3	38.1
HiC_scaffold_167	1	25000	351	19874	79.496	2.01428	35.2	58.8
HiC_scaffold_168	1	25000	387	22063	88.252	2.25892	35.4	60
HiC_scaffold_169	1	25000	377	20682	82.728	2.1798	35.8	59.2
HiC_scaffold_170	1	25000	348	20751	83.004	2.0158	35.8	59.8
HiC_scaffold_171	1	25000	323	19671	78.684	1.84976	35.7	59.7
HiC_scaffold_172	1	25000	301	19774	79.096	1.7872	35.4	59.6
HiC_scaffold_173	1	25000	355	20011	80.044	2.0508	35.4	59.8
HiC_scaffold_174	1	25000	367	21418	85.672	2.09724	35.3	59.6
HiC_scaffold_175	1	25000	373	21378	85.512	2.17348	35.6	60
HiC_scaffold_176	1	25000	296	18500	74	1.73152	35.2	59.3
HiC_scaffold_177	1	25000	432	21830	87.32	2.46396	35.6	59.7
HiC_scaffold_178	1	25000	374	21149	84.596	2.15592	35.5	59.3
HiC_scaffold_179	1	25000	301	19994	79.976	1.72988	35.6	59.7
HiC_scaffold_180	1	25000	337	15846	63.384	1.9296	35.5	57
HiC_scaffold_181	1	25000	342	20815	83.26	1.98664	35.5	60
HiC_scaffold_182	1	25000	314	20982	83.928	1.82896	35.5	60
HiC_scaffold_183	1	25000	104	3779	15.116	0.6132	35.6	44
HiC_scaffold_184	1	25000	300	19718	78.872	1.76784	35.4	60
HiC_scaffold_185	1	25000	716	24051	96.204	4.16132	35.6	59.7
HiC_scaffold_186	1	25000	373	21880	87.52	2.19512	35.7	60
HiC_scaffold_187	1	25000	12	717	2.868	0.06612	36.2	43.2
HiC_scaffold_188	1	24887	121	3811	15.3132	0.667577	35.6	41.5
HiC_scaffold_189	1	24881	576	12468	50.1105	2.86287	35.3	41.8
HiC_scaffold_190	1	24860	235	13805	55.531	1.38552	35.4	56.6
HiC_scaffold_191	1	24785	146	10657	42.9978	0.870204	35.5	48.9
HiC_scaffold_192	1	24606	30	1976	8.03056	0.176867	35.8	41.7
HiC_scaffold_193	1	24582	181	2515	10.2311	1.067	35.1	46.2
HiC_scaffold_194	1	24552	699	13976	56.9241	3.95968	35.3	46.5
HiC_scaffold_195	1	24515	127	8461	34.5136	0.763492	35.5	52.5
HiC_scaffold_196	1	24429	130	5824	23.8405	0.72897	35.7	51.7
HiC_scaffold_197	1	24404	97	6471	26.5161	0.580724	35.7	55.5
HiC_scaffold_198	1	24065	233	15750	65.4477	1.42689	35.6	56.8
HiC_scaffold_199	1	24034	67	6382	26.554	0.413622	35.7	50.1
HiC_scaffold_200	1	24000	13	1012	4.21667	0.0749167	36	50.8
HiC_scaffold_201	1	24000	984	4534	18.8917	6.09183	35.5	46.4
HiC_scaffold_202	1	23940	288	5291	22.1011	1.69795	35.4	39.6
HiC_scaffold_203	1	23878	50	2029	8.49736	0.307773	35.7	38.3
HiC_scaffold_204	1	23813	75	6390	26.8341	0.461933	35.2	55
HiC_scaffold_205	1	23764	62	5562	23.4052	0.375147	36	52
HiC_scaffold_206	1	23660	18	1598	6.75402	0.104396	35	43.4
HiC_scaffold_207	1	23581	214	14713	62.3935	1.33612	35.8	54.1
HiC_scaffold_208	1	23490	49	2089	8.89315	0.304002	36.1	38.1
HiC_scaffold_209	1	23453	113	7809	33.2964	0.692363	35.2	56.7
HiC_scaffold_210	1	23041	36	2880	12.4995	0.227117	35.1	57.1
HiC_scaffold_211	1	23000	448	3778	16.4261	2.91613	35.7	39
HiC_scaffold_212	1	23000	101	7687	33.4217	0.652435	35.9	51.5
HiC_scaffold_213	1	23000	18	2048	8.90435	0.115087	34.3	47
HiC_scaffold_214	1	23000	119	5390	23.4348	0.762348	35.6	38.5
HiC_scaffold_215	1	23000	73	3896	16.9391	0.462043	35.3	53.3
HiC_scaffold_216	1	22979	5	556	2.4196	0.0299404	35.8	40.8
HiC_scaffold_217	1	22964	99	3053	13.2947	0.637258	35.4	41.1
HiC_scaffold_218	1	22956	111	8227	35.8381	0.71062	35.6	49.2
HiC_scaffold_220	1	22604	144	11326	50.1062	0.94793	35.6	51.6
HiC_scaffold_221	1	22426	19	1510	6.73326	0.119727	35.5	52.6
HiC_scaffold_222	1	22303	261	10343	46.3749	1.70735	35.5	48.1
HiC_scaffold_223	1	22199	80	4478	20.1721	0.504032	35.3	47.6
HiC_scaffold_224	1	22128	27	1405	6.34942	0.177106	34.9	54.8
HiC_scaffold_225	1	22127	10	971	4.3883	0.0677905	36.2	43.2
HiC_scaffold_226	1	21688	108	6645	30.6391	0.732202	35.5	54.4
HiC_scaffold_227	1	21648	212	14714	67.9693	1.41805	35.5	53.7
HiC_scaffold_228	1	21608	227	10380	48.0378	1.41193	35.4	49.6
HiC_scaffold_229	1	21598	13	891	4.12538	0.0810723	35.5	45.8
HiC_scaffold_230	1	21510	23	1558	7.24314	0.153789	35.7	52.5
HiC_scaffold_231	1	21437	34	2186	10.1973	0.22755	35.3	48
HiC_scaffold_232	1	21282	106	9190	43.182	0.730476	35.7	46.5
HiC_scaffold_233	1	20959	113	2944	14.0465	0.669593	35.1	40.2
HiC_scaffold_234	1	20824	15	1417	6.80465	0.104831	36.5	47.9
HiC_scaffold_235	1	20622	63	4437	21.5159	0.455096	35.5	53.1
HiC_scaffold_236	1	20377	26	2102	10.3156	0.180252	35.5	47.5
HiC_scaffold_237	1	20369	97	8067	39.6043	0.71167	36	47.9
HiC_scaffold_238	1	20340	36	3339	16.4159	0.258309	35.5	47.8
HiC_scaffold_239	1	20281	19	1304	6.42966	0.13239	35.4	46.1
HiC_scaffold_240	1	20166	28	2033	10.0813	0.20728	35.8	54.3
HiC_scaffold_241	1	20140	133	6725	33.3913	0.954369	35.4	49.3
HiC_scaffold_242	1	20135	228	14672	72.8681	1.61679	35.5	59.6
HiC_scaffold_243	1	20122	36	2499	12.4192	0.26727	35.3	51.4
HiC_scaffold_244	1	20044	26	1049	5.23349	0.185891	35.7	43.2
HiC_scaffold_245	1	20021	37	2539	12.6817	0.255781	35	56
HiC_scaffold_246	1	20000	37	2190	10.95	0.263	35	55.2
HiC_scaffold_247	1	20000	56	3755	18.775	0.409	35.7	50.7
HiC_scaffold_248	1	19739	428	7839	39.7133	3.18279	35.7	44.1
HiC_scaffold_249	1	19737	9	893	4.5245	0.0620662	36.2	50.1
HiC_scaffold_250	1	19724	23	1132	5.7392	0.17243	35.5	53.5
HiC_scaffold_251	1	19667	6	532	2.70504	0.044745	36.6	37
HiC_scaffold_252	1	19649	72	5812	29.5791	0.543895	35.7	50.9
HiC_scaffold_253	1	19394	42	3756	19.3668	0.307621	35.2	52.3
HiC_scaffold_254	1	19304	69	4117	21.3272	0.53103	35.1	48.9
HiC_scaffold_255	1	19231	6	750	3.89995	0.0467994	36.4	44.8
HiC_scaffold_256	1	19176	117	7731	40.316	0.891948	35.9	50.9
HiC_scaffold_257	1	19156	1106	6424	33.5352	8.01942	35.2	44
HiC_scaffold_258	1	19143	61	1188	6.20592	0.434833	35.8	45.3
HiC_scaffold_259	1	19058	28	3111	16.3239	0.220275	36.3	45.3
HiC_scaffold_260	1	19000	119	4836	25.4526	0.910105	35.1	43.4
HiC_scaffold_261	1	18934	9	861	4.54738	0.065385	36.5	57.8
HiC_scaffold_262	1	18930	845	9062	47.8711	6.56873	35.4	45.5
HiC_scaffold_263	1	18729	199	14786	78.9471	1.55897	35.7	57.1
HiC_scaffold_264	1	18528	28	2019	10.897	0.19484	35.4	60
HiC_scaffold_265	1	18283	42	2426	13.2692	0.337253	35.9	47.3
HiC_scaffold_266	1	18272	35	1318	7.21322	0.203809	36.1	44.5
HiC_scaffold_267	1	18066	63	4583	25.3681	0.519097	35.7	45.1
HiC_scaffold_268	1	18044	43	2317	12.8408	0.305974	35	41.4
HiC_scaffold_269	1	18026	90	5633	31.2493	0.710529	35.2	55.5
HiC_scaffold_270	1	18000	178	7985	44.3611	1.46678	35.8	44.1
HiC_scaffold_271	1	18000	106	7936	44.0889	0.866167	35.2	52.2
HiC_scaffold_272	1	18000	103	2642	14.6778	0.805833	35.4	42.3
HiC_scaffold_273	1	17971	147	5905	32.8585	1.20194	35.7	44.8
HiC_scaffold_274	1	17888	62	4001	22.3669	0.511069	34.7	42.1
HiC_scaffold_275	1	17782	34	3094	17.3996	0.27809	35.5	58.1
HiC_scaffold_276	1	17690	67	5615	31.7411	0.565235	35.1	48.2
HiC_scaffold_277	1	17675	29	2362	13.3635	0.239264	35.7	42.4
HiC_scaffold_278	1	17531	9	600	3.42251	0.0642861	34	53.2
HiC_scaffold_279	1	17508	319	2420	13.8223	1.56831	35.2	48.5
HiC_scaffold_280	1	17420	65	5539	31.7968	0.5593	36	50.7
HiC_scaffold_281	1	17399	25	2072	11.9087	0.209955	35.3	56.1
HiC_scaffold_282	1	17398	41	4056	23.313	0.338372	35.5	49.1
HiC_scaffold_283	1	17257	985	7204	41.7454	7.12285	35	50.8
HiC_scaffold_284	1	17224	224	13655	79.2789	1.9247	35.8	54.7
HiC_scaffold_285	1	17131	72	5692	33.2263	0.619112	35.4	47.9
HiC_scaffold_286	1	17073	53	4256	24.9282	0.456979	35.5	50.4
HiC_scaffold_287	1	17000	23	1658	9.75294	0.174824	35.4	54.3
HiC_scaffold_288	1	16908	30	1327	7.84836	0.215283	35.3	53.4
HiC_scaffold_289	1	16758	236	3072	18.3315	1.76537	35.3	43.9
HiC_scaffold_290	1	16602	166	4342	26.1535	1.35183	35.4	42.1
HiC_scaffold_291	1	16449	159	512	3.11265	1.0417	34.8	44.3
HiC_scaffold_292	1	16346	45	2766	16.9216	0.406827	34.5	54.4
HiC_scaffold_293	1	16263	354	1647	10.1273	2.9478	35.3	42.2
HiC_scaffold_294	1	16061	130	6969	43.3908	1.17346	35.9	50.7
HiC_scaffold_295	1	16000	8	494	3.0875	0.0551875	35.4	59.2
HiC_scaffold_296	1	16000	80	4165	26.0312	0.730688	35.7	51.4
HiC_scaffold_297	1	16000	17	1973	12.3313	0.153312	35.4	56.3
HiC_scaffold_298	1	16000	53	2774	17.3375	0.473562	35.6	43.7
HiC_scaffold_299	1	16000	38	1992	12.45	0.3405	35.1	42.1
HiC_scaffold_300	1	15603	54	3664	23.4827	0.486765	35.4	50
HiC_scaffold_301	1	15565	16	693	4.4523	0.128943	36.4	58.8
HiC_scaffold_302	1	15554	173	4410	28.3528	1.66022	35.7	40.6
HiC_scaffold_303	1	15467	138	8011	51.7941	1.28784	35.8	48.7
HiC_scaffold_304	1	15433	37	2603	16.8665	0.353463	35.4	40.7
HiC_scaffold_305	1	15221	40	2210	14.5194	0.384403	36	47.1
HiC_scaffold_306	1	15208	22	1155	7.59469	0.201276	36	60
HiC_scaffold_307	1	15128	37	1304	8.61978	0.347435	34.8	55.4
HiC_scaffold_308	1	15037	67	5780	38.4385	0.661036	35.6	52.6
HiC_scaffold_309	1	15027	73	4740	31.5432	0.713649	35.7	50
HiC_scaffold_310	1	15014	57	5385	35.8665	0.543093	35.5	59.3
HiC_scaffold_311	1	15000	83	7444	49.6267	0.811733	35.9	50.3
HiC_scaffold_312	1	14886	158	10344	69.4881	1.57813	35.8	49.3
HiC_scaffold_313	1	14872	64	2583	17.3682	0.639995	35.4	43.1
HiC_scaffold_314	1	14743	19	1663	11.2799	0.191413	35.7	60
HiC_scaffold_315	1	14719	42	1884	12.7998	0.403764	35.6	49.4
HiC_scaffold_316	1	14619	65	4758	32.5467	0.628908	35.6	54.8
HiC_scaffold_317	1	14567	12	1511	10.3728	0.122606	34.2	44.3
HiC_scaffold_318	1	14553	9	1265	8.69237	0.0920085	34.8	38.9
HiC_scaffold_319	1	14548	175	8021	55.1347	1.77969	35.6	47.6
HiC_scaffold_320	1	14465	46	3162	21.8597	0.464501	35.6	53.2
HiC_scaffold_321	1	14408	147	7321	50.812	1.49056	35.4	47.5
HiC_scaffold_322	1	14386	24	2460	17.1	0.247741	35.5	45.4
HiC_scaffold_323	1	14298	163	4430	30.9834	1.29018	34.6	47.9
HiC_scaffold_324	1	14091	105	6722	47.7042	1.07899	35.7	53.7
HiC_scaffold_325	1	14000	60	3606	25.7571	0.629357	35.3	47.5
HiC_scaffold_326	1	14000	46	2143	15.3071	0.470429	35.6	48.3
HiC_scaffold_327	1	13966	55	4268	30.5599	0.574681	35.8	45.7
HiC_scaffold_328	1	13312	199	11366	85.3816	2.17518	35.6	59.9
HiC_scaffold_329	1	13309	128	7287	54.7524	1.39259	35.6	50.8
HiC_scaffold_330	1	13245	110	7287	55.017	1.23096	35.7	57.4
HiC_scaffold_331	1	13138	206	12186	92.7538	2.28878	35.3	59.4
HiC_scaffold_332	1	13083	2	197	1.50577	0.0229305	34.1	40
HiC_scaffold_333	1	13000	43	2818	21.6769	0.492154	35.8	49.5
HiC_scaffold_334	1	13000	45	4051	31.1615	0.483385	36	52.8
HiC_scaffold_335	1	13000	38	2279	17.5308	0.429538	35.3	49.2
HiC_scaffold_336	1	12527	241	5459	43.5779	2.76922	35.7	39.7
HiC_scaffold_337	1	12325	20	1666	13.5172	0.243327	35.5	46.1
HiC_scaffold_338	1	12210	14	883	7.23178	0.149304	36.1	53.6
HiC_scaffold_339	1	12140	117	7804	64.2834	1.34349	35.8	57.8
HiC_scaffold_340	1	12103	121	3429	28.3318	1.48112	34.8	49.3
HiC_scaffold_341	1	11792	2	299	2.53562	0.0253562	36.6	50
HiC_scaffold_342	1	11769	66	1583	13.4506	0.821565	35.6	41
HiC_scaffold_343	1	11768	73	5898	50.119	0.90916	35.7	52.8
HiC_scaffold_344	1	11552	83	6438	55.7306	1.06527	35.5	58.4
HiC_scaffold_345	1	11294	32	1928	17.071	0.405791	35.6	56
HiC_scaffold_346	1	11220	89	6322	56.3458	1.12576	35.5	59.2
HiC_scaffold_347	1	11009	1074	5418	49.2143	13.6679	35.2	41.7
HiC_scaffold_348	1	11007	36	3624	32.9245	0.490143	36	51
HiC_scaffold_349	1	11000	58	3683	33.4818	0.762091	35.7	54.4
HiC_scaffold_350	1	10932	64	3150	28.8145	0.861325	35.5	46.3
HiC_scaffold_351	1	10903	109	5987	54.9115	1.43291	35.7	58.7
HiC_scaffold_352	1	10862	116	8041	74.0287	1.56251	35.4	57.9
HiC_scaffold_353	1	10825	26	2255	20.8314	0.316674	35.6	53.5
HiC_scaffold_354	1	10780	115	7210	66.8831	1.55315	35.6	54.4
HiC_scaffold_355	1	10606	7	1022	9.63606	0.0969263	36.3	51.4
HiC_scaffold_356	1	10316	15	962	9.32532	0.196006	35.9	56.3
HiC_scaffold_357	1	10313	100	7763	75.2739	1.43751	35.6	58.1
HiC_scaffold_358	1	10116	33	1897	18.7525	0.470937	36.1	49.5
HiC_scaffold_359	1	9728	1032	3210	32.9975	14.4236	35.3	40.6
HiC_scaffold_360	1	9582	28	1552	16.197	0.417449	35.1	53.4
HiC_scaffold_361	1	9577	61	5124	53.5032	0.936097	35.3	47.3
HiC_scaffold_362	1	9324	34	2781	29.8263	0.522201	35.5	47.4
HiC_scaffold_363	1	9309	151	8353	89.7304	2.33043	35.3	59.4
HiC_scaffold_364	1	9000	16	978	10.8667	0.190333	35.8	55.3
HiC_scaffold_365	1	8972	19	1314	14.6456	0.315983	35.3	53.2
HiC_scaffold_366	1	8717	11	412	4.7264	0.173798	34.9	57
HiC_scaffold_367	1	8598	31	2463	28.6462	0.507327	34	53
HiC_scaffold_368	1	8517	27	1613	18.9386	0.469532	35.4	52.1
HiC_scaffold_369	1	8159	48	3582	43.9024	0.847285	35	53.3
HiC_scaffold_370	1	8000	15	842	10.525	0.25075	36.2	41.9
HiC_scaffold_371	1	7755	18	1946	25.0935	0.312444	36.2	53.4
HiC_scaffold_372	1	7349	35	2386	32.467	0.684719	35.7	56.4
HiC_scaffold_373	1	7312	45	3584	49.0153	0.874726	35.7	51.1
HiC_scaffold_374	1	7226	34	2939	40.6726	0.644478	35.6	56.8
HiC_scaffold_375	1	7101	11	1070	15.0683	0.230953	36.1	49.8
HiC_scaffold_376	1	7000	149	4524	64.6286	3.02714	34.9	40
HiC_scaffold_377	1	7000	65	4520	64.5714	1.35943	35.3	57.1
HiC_scaffold_378	1	7000	136	1843	26.3286	2.86143	35.7	41.4
HiC_scaffold_379	1	6605	73	2918	44.1787	1.53565	35.1	50.6
HiC_scaffold_380	1	6537	78	5516	84.3812	1.68717	35.6	57.3
HiC_scaffold_381	1	6484	66	3686	56.8476	1.39451	35.3	58.1
HiC_scaffold_382	1	6459	33	2524	39.0773	0.752129	34.9	55.1
HiC_scaffold_383	1	6245	14	1564	25.044	0.327462	34.5	48.1
HiC_scaffold_384	1	6125	84	5002	81.6653	2.04327	35.4	52
HiC_scaffold_385	1	6000	55	3804	63.4	1.305	35.1	54.9
HiC_scaffold_386	1	6000	30	1576	26.2667	0.711833	35.9	60
HiC_scaffold_387	1	6000	84	5337	88.95	2.04	35.4	50.2
HiC_scaffold_388	1	5993	18	1692	28.2329	0.440681	35.7	43.8
HiC_scaffold_389	1	5821	4	600	10.3075	0.103075	35.9	42
HiC_scaffold_390	1	5673	54	3363	59.2808	1.41142	36	52.9
HiC_scaffold_391	1	5000	14	952	19.04	0.4016	35.7	60
HiC_scaffold_392	1	5000	22	1550	31	0.6278	36.4	57.5
HiC_scaffold_393	1	4994	2785	4243	84.962	76.0018	35.2	46.9
HiC_scaffold_394	1	4893	64	3558	72.7161	1.93113	35.8	53
HiC_scaffold_395	1	4891	64	3950	80.7606	1.89164	35.5	58.5
HiC_scaffold_396	1	4877	12	1049	21.5091	0.368874	36.2	43.5
HiC_scaffold_397	1	4000	19	1111	27.775	0.69725	35.3	45.8
HiC_scaffold_398	1	4000	65	3009	75.225	2.27975	35.4	56
HiC_scaffold_399	1	4000	15	1617	40.425	0.562	35.7	52.5
HiC_scaffold_400	1	4000	278	1085	27.125	8.947	35.1	48.2
HiC_scaffold_401	1	3971	46	3332	83.9083	1.63989	35.3	59
HiC_scaffold_402	1	3919	18	1295	33.0441	0.688951	35.4	51.9
HiC_scaffold_403	1	3281	36	2918	88.9363	1.59067	35.5	56.1
HiC_scaffold_404	1	3264	7	614	18.8113	0.312194	35.2	47.7
HiC_scaffold_405	1	3259	51	2623	80.4848	2.32065	36.1	60
HiC_scaffold_406	1	3042	16	1559	51.2492	0.772189	35.2	47.1
HiC_scaffold_407	1	3035	33	2211	72.8501	1.44712	35.4	57.4
HiC_scaffold_408	1	3003	6	789	26.2737	0.299367	35.6	35.3
HiC_scaffold_409	1	3003	8	733	24.4089	0.398268	35.8	52.1
HiC_scaffold_410	1	3000	37	2125	70.8333	1.832	35.8	57.4
HiC_scaffold_411	1	3000	125	1529	50.9667	6.207	35.7	42.2
HiC_scaffold_412	1	3000	65	2648	88.2667	2.88733	36	57.6
HiC_scaffold_413	1	3000	57	2779	92.6333	2.561	36	57.8
HiC_scaffold_414	1	3000	20	1542	51.4	1	35.6	54.2
HiC_scaffold_415	1	2897	35	2375	81.9814	1.78081	36	55.4
HiC_scaffold_416	1	2563	156	1823	71.1276	7.22552	35.1	50.6
HiC_scaffold_417	1	2259	49	2213	97.9637	3.09872	35.3	60
HiC_scaffold_419	1	2021	15	1292	63.9287	1.10985	35.6	60
HiC_scaffold_420	1	2000	24	1519	75.95	1.55	36.2	59.8
HiC_scaffold_421	1	2000	27	1388	69.4	1.915	34.7	52.9
HiC_scaffold_422	1	2000	46	1793	89.65	3.205	35.1	60
HiC_scaffold_423	1	1676	4	287	17.1241	0.357995	36.4	50
HiC_scaffold_424	1	1484	4	415	27.965	0.404313	34.5	52.8
HiC_scaffold_425	1	1447	16	851	58.8113	1.6586	36.1	60
HiC_scaffold_427	1	1353	20	1205	89.0613	2.07465	35.9	60
HiC_scaffold_429	1	1175	11	830	70.6383	1.18298	36.1	60
HiC_scaffold_430	1	1138	33	1136	99.8243	3.68805	36.3	58
HiC_scaffold_431	1	1108	13	788	71.1191	1.22653	33.4	60
HiC_scaffold_432	1	1097	38	1097	100	4.88879	35.9	59.3
HiC_scaffold_433	1	1005	62	818	81.393	8.28458	35.2	43.5
HiC_scaffold_434	1	1000	16	887	88.7	2.358	35	60
HiC_scaffold_435	1	1000	25	973	97.3	3.543	35.5	60
HiC_scaffold_436	1	1000	9	583	58.3	1.026	35	57.6
HiC_scaffold_437	1	1000	21	967	96.7	2.544	35.2	59
HiC_scaffold_438	1	1000	12	847	84.7	1.723	35.2	60
HiC_scaffold_439	1	1000	7	608	60.8	0.889	36	60
HiC_scaffold_440	1	1000	6	389	38.9	0.792	35.3	60
HiC_scaffold_441	1	1000	11	805	80.5	1.617	35.3	60
HiC_scaffold_442	1	1000	25	999	99.9	3.333	35.5	60
HiC_scaffold_443	1	1000	12	721	72.1	1.6	35.9	60
HiC_scaffold_444	1	1000	11	930	93	1.517	35.8	60
HiC_scaffold_445	1	1000	11	752	75.2	1.61	34.1	60
HiC_scaffold_446	1	1000	22	637	63.7	3.158	34.4	41.5
HiC_scaffold_447	1	1000	21	944	94.4	3.058	35.8	56.2
HiC_scaffold_448	1	1000	23	922	92.2	2.53	34.7	55.3
HiC_scaffold_449	1	1000	10	682	68.2	1.243	36.3	60
HiC_scaffold_450	1	1000	7	473	47.3	1.038	36.7	51.4
HiC_scaffold_451	1	1000	7	533	53.3	1.05	35	59
HiC_scaffold_452	1	1000	9	663	66.3	1.221	34.6	60
HiC_scaffold_453	1	1000	19	428	42.8	2.3	35.4	50.7
mitochondria	1	17813	66983	17625	98.9446	543.729	35.5	59.5
HiC_scaffold_219	1	22812	0	0	0	0	0	0
HiC_scaffold_418	1	2125	0	0	0	0	0	0
HiC_scaffold_426	1	1382	0	0	0	0	0	0
HiC_scaffold_428	1	1184	0	0	0	0	0	0
HiC_scaffold_454	1	2000	0	0	0	0	0	0
