#rname	startpos	endpos	numreads	covbases	coverage	meandepth	meanbaseq	meanmapq
HiC_scaffold_1	1	75050035	614000	49214325	65.5754	1.19465	35.5	59.1
HiC_scaffold_2	1	56816963	466503	37363289	65.7608	1.19791	35.5	59.2
HiC_scaffold_3	1	109611085	863314	69878779	63.7516	1.15059	35.5	58.7
HiC_scaffold_4	1	81599725	662283	53176285	65.1672	1.18582	35.5	59.1
HiC_scaffold_5	1	72353455	597077	47900578	66.2036	1.20553	35.5	59.3
HiC_scaffold_6	1	67692486	557918	44590284	65.8718	1.20297	35.5	59.2
HiC_scaffold_7	1	59159807	483731	38600322	65.2475	1.1925	35.5	59
HiC_scaffold_8	1	13479537	57314	5875119	43.5855	0.623169	35.5	59.5
HiC_scaffold_9	1	58964884	485011	38707796	65.6455	1.19999	35.5	59.1
HiC_scaffold_10	1	36732878	300447	23920858	65.1211	1.19191	35.5	59
HiC_scaffold_11	1	27384	150	5357	19.5625	0.811569	35.3	42.7
HiC_scaffold_12	1	33592	2006	7694	22.9043	8.00732	35	46.3
HiC_scaffold_13	1	184337	5999	142035	77.0518	4.52628	35.5	52.4
HiC_scaffold_14	1	85992	1613	44262	51.4722	2.60364	34.9	45.8
HiC_scaffold_15	1	87022	790	25510	29.3144	1.24888	35.2	46.3
HiC_scaffold_16	1	89609	2591	8325	9.29036	3.11003	35.7	51.2
HiC_scaffold_17	1	164154	2389	44626	27.1854	2.11057	35.3	48.9
HiC_scaffold_18	1	104921	299	29357	27.9801	0.412711	35.6	52.5
HiC_scaffold_19	1	103720	376	29441	28.3851	0.517017	35.3	48.3
HiC_scaffold_20	1	90353	428	25462	28.1806	0.684714	35.1	50.3
HiC_scaffold_21	1	85252	279	20896	24.5109	0.470312	35.2	47.5
HiC_scaffold_22	1	80500	333	20819	25.8621	0.60564	35.6	48.2
HiC_scaffold_23	1	75743	276	20346	26.8619	0.53531	35.2	53.1
HiC_scaffold_24	1	75592	1249	16687	22.0751	2.32556	35.4	43.2
HiC_scaffold_25	1	72691	1063	33770	46.4569	2.08224	35.3	53.3
HiC_scaffold_26	1	71458	616	33873	47.4027	1.24002	35.4	46.6
HiC_scaffold_27	1	70045	1878	52366	74.7605	3.79479	35.3	51.6
HiC_scaffold_28	1	68558	88	5272	7.68984	0.152353	35.2	54.2
HiC_scaffold_29	1	68222	749	18361	26.9136	1.62921	35.3	44.9
HiC_scaffold_30	1	67017	535	31646	47.2209	1.16357	35.2	46.2
HiC_scaffold_31	1	65972	66	6786	10.2862	0.149579	35.6	48.6
HiC_scaffold_32	1	64000	615	32467	50.7297	1.31661	35.4	49.6
HiC_scaffold_33	1	62684	566	17633	28.13	1.14066	35.3	42.3
HiC_scaffold_34	1	60035	360	25723	42.8467	0.815441	35.5	56.5
HiC_scaffold_35	1	59483	103	10320	17.3495	0.257603	36	50.1
HiC_scaffold_36	1	58601	501	4276	7.2968	1.24355	35.1	42.9
HiC_scaffold_37	1	57907	125	10488	18.1118	0.304005	35.3	49.6
HiC_scaffold_38	1	57623	207	3330	5.77894	0.479027	35.6	38.3
HiC_scaffold_39	1	56881	613	18807	33.0638	1.21524	35.2	49
HiC_scaffold_40	1	56115	436	8729	15.5556	0.976192	35.7	40
HiC_scaffold_41	1	55753	428	20067	35.9927	1.10694	35.1	41.4
HiC_scaffold_42	1	55361	84	3347	6.04577	0.202001	34.8	44.7
HiC_scaffold_43	1	55333	429	10183	18.4031	1.08816	34.9	40.6
HiC_scaffold_44	1	54697	1421	45169	82.5804	3.82957	35.5	55.8
HiC_scaffold_45	1	54079	70	4469	8.26384	0.157603	35.4	48.7
HiC_scaffold_46	1	53000	132	5897	11.1264	0.361113	35.3	41.1
HiC_scaffold_47	1	52728	925	20179	38.27	2.47303	34.9	47.2
HiC_scaffold_48	1	52696	150	13150	24.9545	0.416274	35.5	52.8
HiC_scaffold_49	1	52574	83	4776	9.08434	0.23232	35.4	39.9
HiC_scaffold_50	1	52452	36	1337	2.549	0.0558415	34.7	52.9
HiC_scaffold_51	1	52291	141	6083	11.633	0.362586	35.5	46.5
HiC_scaffold_52	1	50660	272	22067	43.559	0.778602	35.4	57.8
HiC_scaffold_53	1	50444	966	30164	59.797	2.82545	35.6	56
HiC_scaffold_54	1	50000	413	33123	66.246	1.20874	35.5	59.8
HiC_scaffold_55	1	49402	60	4583	9.27695	0.170641	34.5	44.9
HiC_scaffold_56	1	48994	130	5666	11.5647	0.360391	35.9	46.8
HiC_scaffold_57	1	48961	77	3896	7.95735	0.234799	35.5	42.1
HiC_scaffold_58	1	48913	252	21877	44.7264	0.761577	35.6	51.5
HiC_scaffold_59	1	48516	412	10885	22.4359	1.26536	35.4	47.8
HiC_scaffold_60	1	48449	247	21873	45.1464	0.752977	35.6	52.4
HiC_scaffold_61	1	48102	101	7843	16.3049	0.304374	35.4	46
HiC_scaffold_62	1	47095	317	25887	54.9676	0.995668	35.5	56.9
HiC_scaffold_63	1	45946	461	24548	53.4279	1.46457	35.2	53.1
HiC_scaffold_64	1	45702	147	4148	9.07619	0.428668	35.5	43.3
HiC_scaffold_65	1	45164	451	13515	29.9243	1.33586	35.2	43.5
HiC_scaffold_66	1	45000	1204	8705	19.3444	3.73689	35.3	47.9
HiC_scaffold_67	1	44932	559	9086	20.2217	1.51894	35.5	41
HiC_scaffold_68	1	44535	61	5648	12.6822	0.20238	34.9	44.4
HiC_scaffold_69	1	43359	285	10708	24.6961	0.963422	35.3	43
HiC_scaffold_70	1	43000	180	5520	12.8372	0.518744	35.2	40
HiC_scaffold_71	1	42000	268	12388	29.4952	0.826	35.4	48.2
HiC_scaffold_72	1	41780	29	1850	4.42796	0.100072	35.5	41.9
HiC_scaffold_73	1	41131	26	1644	3.99699	0.0868202	35.5	53.7
HiC_scaffold_74	1	41000	143	11736	28.6244	0.518293	35.2	55.3
HiC_scaffold_75	1	40673	152	4686	11.5212	0.533179	35.2	40.3
HiC_scaffold_76	1	40021	196	6003	14.9996	0.669848	35.3	39.5
HiC_scaffold_77	1	40000	44	3688	9.22	0.15995	35.5	54.4
HiC_scaffold_78	1	39995	106	11004	27.5134	0.385898	35.8	54.3
HiC_scaffold_79	1	39987	13	1640	4.10133	0.0487408	35.8	42.1
HiC_scaffold_80	1	39907	39	3578	8.96585	0.141128	34.7	54.6
HiC_scaffold_81	1	39785	265	6797	17.0843	0.805228	35.4	44.5
HiC_scaffold_82	1	39714	1794	9480	23.8707	6.20887	35.2	44.9
HiC_scaffold_83	1	39603	69	6023	15.2084	0.253466	35.8	55.8
HiC_scaffold_84	1	39032	828	21809	55.8747	3.00082	35.4	48.6
HiC_scaffold_85	1	38821	251	6821	17.5704	0.923572	35.3	43.3
HiC_scaffold_86	1	38551	184	4808	12.4718	0.586574	35.3	46.9
HiC_scaffold_87	1	38336	194	6753	17.6153	0.754121	35.1	41
HiC_scaffold_88	1	38081	149	4636	12.1741	0.557496	35.2	57.8
HiC_scaffold_89	1	37423	87	1340	3.58069	0.318547	35.3	44.3
HiC_scaffold_90	1	37049	294	10116	27.3044	1.16165	35.6	43.5
HiC_scaffold_91	1	37000	349	26506	71.6378	1.38278	35.3	60
HiC_scaffold_92	1	36719	28	2862	7.79433	0.109807	34.9	50.2
HiC_scaffold_93	1	36624	231	6298	17.1964	0.833634	35.2	40.6
HiC_scaffold_94	1	36550	100	3191	8.73051	0.406074	35.3	40
HiC_scaffold_95	1	35915	505	14734	41.0246	1.93643	35.2	44.1
HiC_scaffold_96	1	35569	276	10157	28.5558	1.15536	35.5	46.2
HiC_scaffold_97	1	35569	184	9413	26.4641	0.711996	35.3	47.8
HiC_scaffold_98	1	35521	122	3745	10.5431	0.327299	35.6	49.7
HiC_scaffold_99	1	35305	695	21423	60.6798	2.6194	35.3	57.6
HiC_scaffold_100	1	35285	241	19862	56.2902	0.99487	35.2	56.6
HiC_scaffold_101	1	35090	183	11507	32.7928	0.730892	34.9	54.2
HiC_scaffold_102	1	34736	66	6002	17.2789	0.28184	35.5	48.8
HiC_scaffold_103	1	34662	710	15977	46.0937	2.81784	35.4	41.7
HiC_scaffold_104	1	34539	93	9630	27.8815	0.391152	35.5	50.4
HiC_scaffold_105	1	34367	49	3666	10.6672	0.194111	35.9	46.8
HiC_scaffold_106	1	34092	5	600	1.75994	0.0219406	34.9	46.8
HiC_scaffold_107	1	34034	766	28518	83.7927	3.27164	35.5	58.3
HiC_scaffold_108	1	34000	116	3894	11.4529	0.504588	35.2	39.4
HiC_scaffold_109	1	33013	228	9042	27.3892	0.93657	34.8	42
HiC_scaffold_110	1	32894	8	954	2.90022	0.0307655	35.3	52.5
HiC_scaffold_111	1	32703	82	8164	24.9641	0.372626	35.6	45.6
HiC_scaffold_112	1	32055	88	7222	22.53	0.4034	35.3	54.6
HiC_scaffold_113	1	31996	164	3765	11.7671	0.55707	35.1	42.4
HiC_scaffold_114	1	31869	139	5494	17.2393	0.554489	35.8	51.9
HiC_scaffold_115	1	31497	276	7921	25.1484	1.30047	35.6	43.1
HiC_scaffold_116	1	31452	137	12727	40.4648	0.646318	35.6	56.1
HiC_scaffold_117	1	31435	89	9934	31.6017	0.415969	35.7	50.5
HiC_scaffold_118	1	31168	174	13513	43.3554	0.811185	35.1	58.4
HiC_scaffold_119	1	31094	46	4030	12.9607	0.219657	36.2	49.3
HiC_scaffold_120	1	31000	72	6439	20.771	0.341903	35.3	47.2
HiC_scaffold_121	1	30892	33	1938	6.27347	0.160009	35.9	41.4
HiC_scaffold_122	1	30671	165	5813	18.9528	0.801539	35.6	39.7
HiC_scaffold_123	1	30159	305	23389	77.5523	1.48851	35.5	59.9
HiC_scaffold_124	1	30112	8	1199	3.9818	0.039818	36.5	37
HiC_scaffold_125	1	30000	60	2287	7.62333	0.2988	35.3	38
HiC_scaffold_126	1	30000	28	2783	9.27667	0.131633	35	50.1
HiC_scaffold_127	1	29632	269	4817	16.2561	1.20005	35.2	42.8
HiC_scaffold_128	1	29216	76	7072	24.2059	0.388143	35.4	49
HiC_scaffold_129	1	29000	20	1790	6.17241	0.0991379	35.4	47.3
HiC_scaffold_130	1	28743	21	1539	5.35435	0.104617	36.3	57.5
HiC_scaffold_131	1	28267	360	7954	28.1388	1.89185	35.7	41.2
HiC_scaffold_132	1	28006	192	5933	21.1847	1.01996	35.4	40.4
HiC_scaffold_133	1	27859	67	6302	22.6211	0.354248	36	55.4
HiC_scaffold_134	1	27837	246	18349	65.9159	1.26425	35.4	59.8
HiC_scaffold_135	1	27503	96	4637	16.86	0.522525	35.5	37.7
HiC_scaffold_136	1	27405	257	19748	72.0598	1.37351	35.6	59.9
HiC_scaffold_137	1	27128	2	300	1.10587	0.0110587	36.1	39
HiC_scaffold_138	1	27000	105	9492	35.1556	0.575333	35.7	52.4
HiC_scaffold_139	1	26958	35	3070	11.3881	0.185362	35.2	44.5
HiC_scaffold_140	1	26822	30	1953	7.28134	0.160913	35.5	40.9
HiC_scaffold_141	1	26714	560	10169	38.0662	2.93603	35.1	43.2
HiC_scaffold_142	1	26597	187	9643	36.256	0.977366	35.2	44.7
HiC_scaffold_143	1	26526	48	2530	9.53781	0.225062	34.6	49.8
HiC_scaffold_144	1	26403	116	3480	13.1803	0.651933	35.6	42.2
HiC_scaffold_145	1	26321	365	11452	43.509	2.04791	35.1	41.8
HiC_scaffold_146	1	26302	143	2124	8.07543	0.724812	34.7	37.8
HiC_scaffold_147	1	26228	90	5356	20.4209	0.495501	35.4	49.9
HiC_scaffold_148	1	26220	224	4511	17.2044	1.27471	35.3	38.8
HiC_scaffold_149	1	26169	36	4147	15.847	0.20551	35.8	48.2
HiC_scaffold_150	1	26140	230	18337	70.1492	1.28233	35.7	59.8
HiC_scaffold_151	1	25970	70	4029	15.5141	0.402657	35.3	39.7
HiC_scaffold_152	1	25914	45	3202	12.3563	0.231612	35.5	40.3
HiC_scaffold_153	1	25756	3	449	1.74328	0.0174328	36.1	53.3
HiC_scaffold_154	1	25701	52	5144	20.0148	0.2789	35.5	53.1
HiC_scaffold_155	1	25484	304	10125	39.7308	1.72394	35.2	41.9
HiC_scaffold_156	1	25347	862	12205	48.1517	4.75157	35.1	43.5
HiC_scaffold_157	1	25300	116	5299	20.9447	0.678854	35.1	41.5
HiC_scaffold_158	1	25137	545	10031	39.9053	3.11493	35.3	40.7
HiC_scaffold_159	1	25068	24	1948	7.77086	0.141894	35.4	49.5
HiC_scaffold_160	1	25021	109	10426	41.669	0.621438	35.9	54.4
HiC_scaffold_161	1	25021	25	2152	8.60078	0.149674	36	53.4
HiC_scaffold_162	1	25013	497	1686	6.74049	2.42318	35.1	41.8
HiC_scaffold_163	1	25000	12	917	3.668	0.07104	35	37.8
HiC_scaffold_164	1	25000	4	498	1.992	0.02388	36.5	38.5
HiC_scaffold_165	1	25000	18	905	3.62	0.10792	35.5	41.3
HiC_scaffold_166	1	25000	57	1878	7.512	0.3316	35.2	38.5
HiC_scaffold_167	1	25000	220	17046	68.184	1.25152	35.4	59.2
HiC_scaffold_168	1	25000	243	18517	74.068	1.42528	35.5	60
HiC_scaffold_169	1	25000	212	16844	67.376	1.2156	35.2	59
HiC_scaffold_170	1	25000	233	17250	69	1.36404	35.3	59.7
HiC_scaffold_171	1	25000	204	17831	71.324	1.20156	35.8	60
HiC_scaffold_172	1	25000	225	18075	72.3	1.31128	35.8	59.8
HiC_scaffold_173	1	25000	271	20065	80.26	1.585	35.5	59.8
HiC_scaffold_174	1	25000	213	16217	64.868	1.22956	35.1	59.8
HiC_scaffold_175	1	25000	221	18000	72	1.28888	35.4	59.9
HiC_scaffold_176	1	25000	258	18661	74.644	1.50416	35.3	59.3
HiC_scaffold_177	1	25000	223	17617	70.468	1.3088	35.6	59.6
HiC_scaffold_178	1	25000	203	16729	66.916	1.19616	35.4	59.2
HiC_scaffold_179	1	25000	190	15710	62.84	1.10092	35.7	59.5
HiC_scaffold_180	1	25000	179	13723	54.892	1.035	35.5	57.1
HiC_scaffold_181	1	25000	228	18509	74.036	1.32264	35.5	59.9
HiC_scaffold_182	1	25000	224	17327	69.308	1.31036	35.5	60
HiC_scaffold_183	1	25000	64	3012	12.048	0.38372	35.7	42.4
HiC_scaffold_184	1	25000	256	18915	75.66	1.50568	35.6	59.9
HiC_scaffold_185	1	25000	579	23585	94.34	3.37152	35.4	59.8
HiC_scaffold_186	1	25000	217	18026	72.104	1.2696	35.5	59.8
HiC_scaffold_187	1	25000	5	608	2.432	0.02996	34.8	52
HiC_scaffold_188	1	24887	91	3519	14.1399	0.490296	35	42.1
HiC_scaffold_189	1	24881	518	13884	55.8016	2.4585	35.1	43.9
HiC_scaffold_190	1	24860	126	10694	43.0169	0.745173	35.3	56.6
HiC_scaffold_191	1	24785	77	8185	33.024	0.462134	35.7	48.1
HiC_scaffold_192	1	24606	20	1470	5.97415	0.121759	35.7	44.5
HiC_scaffold_193	1	24582	87	2042	8.30689	0.504597	34.8	45.9
HiC_scaffold_194	1	24552	420	11131	45.3364	2.4018	35.2	46.9
HiC_scaffold_195	1	24515	40	4348	17.7361	0.240914	34.1	53.5
HiC_scaffold_196	1	24429	87	4391	17.9745	0.453068	35.2	50.3
HiC_scaffold_197	1	24404	80	5685	23.2954	0.45595	35.4	55.1
HiC_scaffold_198	1	24065	158	14089	58.5456	0.975358	35.6	56
HiC_scaffold_199	1	24034	33	2951	12.2784	0.195057	35.4	53.5
HiC_scaffold_200	1	24000	20	894	3.725	0.113875	36.1	44.3
HiC_scaffold_201	1	24000	517	4791	19.9625	3.18471	35.2	46.2
HiC_scaffold_202	1	23940	264	4338	18.1203	1.53434	35.3	39.7
HiC_scaffold_203	1	23878	51	2399	10.0469	0.309657	35.4	38.1
HiC_scaffold_204	1	23813	72	6300	26.4561	0.443581	35.4	54
HiC_scaffold_205	1	23764	44	3806	16.0158	0.268936	35.8	48.7
HiC_scaffold_206	1	23660	18	1632	6.89772	0.111792	34.7	44.7
HiC_scaffold_207	1	23581	161	13261	56.236	1.00288	35.3	54
HiC_scaffold_208	1	23490	48	2986	12.7118	0.29685	34.6	38.4
HiC_scaffold_209	1	23453	81	6666	28.4228	0.493753	35.6	56.1
HiC_scaffold_210	1	23041	33	3098	13.4456	0.198863	35.5	56.5
HiC_scaffold_211	1	23000	241	4084	17.7565	1.55796	35.5	39.8
HiC_scaffold_212	1	23000	73	7354	31.9739	0.464217	35.9	48.1
HiC_scaffold_213	1	23000	28	3056	13.287	0.176261	35.8	45.2
HiC_scaffold_214	1	23000	95	5210	22.6522	0.604826	35.2	41.3
HiC_scaffold_215	1	23000	50	3941	17.1348	0.319478	35.4	55.3
HiC_scaffold_216	1	22979	6	897	3.90356	0.0390356	36	38.3
HiC_scaffold_217	1	22964	84	2874	12.5152	0.543546	35.2	39.8
HiC_scaffold_218	1	22956	65	6552	28.5416	0.419585	35.4	49.3
HiC_scaffold_220	1	22604	65	6711	29.6894	0.426385	36	51.6
HiC_scaffold_221	1	22426	25	2357	10.5101	0.166592	34.8	50.5
HiC_scaffold_222	1	22303	129	8434	37.8155	0.846344	35.1	46.2
HiC_scaffold_223	1	22199	70	3527	15.8881	0.469436	35.6	43.8
HiC_scaffold_224	1	22128	2	300	1.35575	0.0135575	35.6	54
HiC_scaffold_225	1	22127	4	507	2.29132	0.0271162	36.6	42.5
HiC_scaffold_226	1	21688	69	5023	23.1603	0.474364	35.7	50.5
HiC_scaffold_227	1	21648	176	9351	43.1957	1.15503	35.5	55.6
HiC_scaffold_228	1	21608	152	9228	42.7064	0.942336	35.5	51.7
HiC_scaffold_229	1	21598	19	862	3.99111	0.131725	34.7	35
HiC_scaffold_230	1	21510	11	1316	6.11808	0.0764296	33.6	48.2
HiC_scaffold_231	1	21437	25	1785	8.32672	0.172039	35.4	54
HiC_scaffold_232	1	21282	75	7982	37.5059	0.523306	35.8	47
HiC_scaffold_233	1	20959	132	4704	22.4438	0.827568	35.1	38.4
HiC_scaffold_234	1	20824	17	1622	7.78909	0.119526	35.2	52.2
HiC_scaffold_235	1	20622	59	4274	20.7254	0.428426	35.5	54.9
HiC_scaffold_236	1	20377	50	4330	21.2494	0.366884	34.8	45.8
HiC_scaffold_237	1	20369	87	7791	38.2493	0.638274	35.8	48.6
HiC_scaffold_238	1	20340	31	2743	13.4857	0.225221	35.1	50.2
HiC_scaffold_239	1	20281	13	798	3.93472	0.0854001	34.7	41.1
HiC_scaffold_240	1	20166	24	2332	11.564	0.17108	35.7	48.6
HiC_scaffold_241	1	20140	155	8035	39.8957	1.14285	35.5	46.3
HiC_scaffold_242	1	20135	164	12756	63.3524	1.17293	35.6	60
HiC_scaffold_243	1	20122	7	920	4.57211	0.0520823	35.5	51.7
HiC_scaffold_244	1	20044	13	1315	6.56057	0.0910497	36	47.2
HiC_scaffold_245	1	20021	33	2428	12.1273	0.245892	35	56.1
HiC_scaffold_246	1	20000	14	1008	5.04	0.099	35.9	54
HiC_scaffold_247	1	20000	32	2630	13.15	0.21875	35	52.6
HiC_scaffold_248	1	19739	209	7189	36.4203	1.51786	35.6	44
HiC_scaffold_249	1	19737	3	397	2.01145	0.0226478	36.6	60
HiC_scaffold_250	1	19724	15	1172	5.942	0.109258	36	44.5
HiC_scaffold_251	1	19667	8	746	3.79316	0.0516601	34.8	40.8
HiC_scaffold_252	1	19649	23	2415	12.2907	0.172833	35.3	49.9
HiC_scaffold_253	1	19394	18	1953	10.0701	0.136125	35.9	50.9
HiC_scaffold_254	1	19304	55	3268	16.9291	0.412246	35.1	49.8
HiC_scaffold_255	1	19231	16	1388	7.21751	0.113567	35.4	48.2
HiC_scaffold_256	1	19176	50	4637	24.1813	0.376669	36.1	49.8
HiC_scaffold_257	1	19156	1081	7094	37.0328	7.83786	35.3	44.5
HiC_scaffold_258	1	19143	39	1056	5.51638	0.268871	35.4	44.8
HiC_scaffold_259	1	19058	11	1215	6.37528	0.0787596	36	45.3
HiC_scaffold_260	1	19000	107	4272	22.4842	0.828789	35.5	43.1
HiC_scaffold_261	1	18934	10	1087	5.741	0.0734129	35.7	47.3
HiC_scaffold_262	1	18930	831	9855	52.0602	6.43619	35.3	44.6
HiC_scaffold_263	1	18729	146	11955	63.8315	1.11239	35.6	58.4
HiC_scaffold_264	1	18528	44	3020	16.2997	0.313849	35.9	57.2
HiC_scaffold_265	1	18283	21	1855	10.146	0.162063	35.4	42.8
HiC_scaffold_266	1	18272	19	685	3.74891	0.0942973	36.3	46.1
HiC_scaffold_267	1	18066	21	1638	9.06676	0.173032	35.9	51
HiC_scaffold_268	1	18044	37	2875	15.9333	0.262525	35.5	43.8
HiC_scaffold_269	1	18026	49	3959	21.9627	0.383668	35.6	57
HiC_scaffold_270	1	18000	101	5633	31.2944	0.8315	35.5	44.5
HiC_scaffold_271	1	18000	63	5961	33.1167	0.524	35.6	49.6
HiC_scaffold_272	1	18000	53	3109	17.2722	0.427	35.5	45.4
HiC_scaffold_273	1	17971	165	5276	29.3584	1.3632	35.6	44.6
HiC_scaffold_274	1	17888	42	4200	23.4794	0.351017	35.2	41.5
HiC_scaffold_275	1	17782	33	2737	15.392	0.251603	34.3	56.2
HiC_scaffold_276	1	17690	22	2407	13.6066	0.18632	36	52
HiC_scaffold_277	1	17675	32	1742	9.85573	0.270778	35.8	41.1
HiC_scaffold_278	1	17531	3	105	0.598939	0.013633	34.8	60
HiC_scaffold_279	1	17508	234	2532	14.462	1.16787	35.3	48.9
HiC_scaffold_280	1	17420	33	3813	21.8886	0.283467	34.2	49.1
HiC_scaffold_281	1	17399	17	1789	10.2822	0.146445	36.3	56
HiC_scaffold_282	1	17398	39	4178	24.0143	0.334061	35.1	49.4
HiC_scaffold_283	1	17257	656	7066	40.9457	4.55363	35.1	50.9
HiC_scaffold_284	1	17224	140	11371	66.0183	1.20762	35.6	53.1
HiC_scaffold_285	1	17131	53	4591	26.7994	0.45263	35.3	50.9
HiC_scaffold_286	1	17073	26	2439	14.2857	0.205763	36.1	48.9
HiC_scaffold_287	1	17000	17	1722	10.1294	0.136647	35.8	51.2
HiC_scaffold_288	1	16908	17	941	5.56541	0.137745	35.4	45.8
HiC_scaffold_289	1	16758	155	2722	16.243	1.17425	35	43.7
HiC_scaffold_290	1	16602	109	3582	21.5757	0.90206	35.3	42.6
HiC_scaffold_291	1	16449	100	464	2.82084	0.668977	35.1	46.3
HiC_scaffold_292	1	16346	37	2491	15.2392	0.334149	35	51
HiC_scaffold_293	1	16263	220	1253	7.70461	1.83539	35.2	42.3
HiC_scaffold_294	1	16061	85	6016	37.4572	0.7606	35.4	50.1
HiC_scaffold_295	1	16000	10	885	5.53125	0.088125	35.8	58.3
HiC_scaffold_296	1	16000	43	3929	24.5562	0.377437	35.8	49.7
HiC_scaffold_297	1	16000	16	1440	9	0.129188	35	55.4
HiC_scaffold_298	1	16000	25	2116	13.225	0.23025	34.6	40.8
HiC_scaffold_299	1	16000	32	2365	14.7812	0.286	33.8	47.3
HiC_scaffold_300	1	15603	42	4014	25.7258	0.384734	34.5	48.7
HiC_scaffold_301	1	15565	5	454	2.9168	0.0461934	35.4	60
HiC_scaffold_302	1	15554	98	3323	21.3643	0.9269	35.4	40
HiC_scaffold_303	1	15467	139	8020	51.8523	1.32986	35.2	47
HiC_scaffold_304	1	15433	25	2172	14.0737	0.235988	35.3	44.5
HiC_scaffold_305	1	15221	24	1773	11.6484	0.231325	35.7	43.2
HiC_scaffold_306	1	15208	13	779	5.1223	0.104353	35.9	60
HiC_scaffold_307	1	15128	15	889	5.87652	0.141261	33.9	51.8
HiC_scaffold_308	1	15037	29	3275	21.7796	0.286294	35.5	53.1
HiC_scaffold_309	1	15027	74	4053	26.9715	0.707793	35.7	50.6
HiC_scaffold_310	1	15014	67	5878	39.1501	0.65379	35.4	57.2
HiC_scaffold_311	1	15000	64	6298	41.9867	0.637067	35.4	48.2
HiC_scaffold_312	1	14886	78	7869	52.8617	0.780196	35.8	47.6
HiC_scaffold_313	1	14872	53	2632	17.6977	0.525686	35.3	42.9
HiC_scaffold_314	1	14743	22	1876	12.7247	0.20993	35.7	58.2
HiC_scaffold_315	1	14719	16	1128	7.66356	0.142061	35.8	52.8
HiC_scaffold_316	1	14619	38	3711	25.3848	0.381832	35.1	53.6
HiC_scaffold_317	1	14567	14	1554	10.6679	0.143475	35.6	52.1
HiC_scaffold_318	1	14553	27	2127	14.6155	0.270941	35.1	44
HiC_scaffold_319	1	14548	71	6290	43.2362	0.715287	35.8	47.3
HiC_scaffold_320	1	14465	23	2039	14.0961	0.221293	35	55
HiC_scaffold_321	1	14408	79	5408	37.5347	0.811771	35.8	47.1
HiC_scaffold_322	1	14386	14	1543	10.7257	0.138885	35.4	46.9
HiC_scaffold_323	1	14298	186	6021	42.1108	1.66807	33.6	46.9
HiC_scaffold_324	1	14091	101	6138	43.5597	1.04804	35.6	50.4
HiC_scaffold_325	1	14000	52	3177	22.6929	0.532214	35.6	48
HiC_scaffold_326	1	14000	37	2594	18.5286	0.391857	35.4	43.8
HiC_scaffold_327	1	13966	58	4488	32.1352	0.619361	35.7	47.3
HiC_scaffold_328	1	13312	106	9463	71.0862	1.16729	35	59.7
HiC_scaffold_329	1	13309	38	4193	31.505	0.42182	35.9	49.2
HiC_scaffold_330	1	13245	53	4700	35.4851	0.577501	36.2	57.2
HiC_scaffold_331	1	13138	139	10023	76.2902	1.55176	35.1	59.8
HiC_scaffold_332	1	13083	8	852	6.51227	0.0905756	36	43.2
HiC_scaffold_333	1	13000	33	2547	19.5923	0.370769	35.7	45.8
HiC_scaffold_334	1	13000	23	2356	18.1231	0.265077	34.6	53.5
HiC_scaffold_335	1	13000	29	2364	18.1846	0.287615	36.1	56.7
HiC_scaffold_336	1	12527	234	3877	30.9491	2.71063	35.4	40.1
HiC_scaffold_337	1	12325	8	1012	8.21095	0.0973631	36.1	42.8
HiC_scaffold_338	1	12210	11	1173	9.60688	0.120803	35.9	46.5
HiC_scaffold_339	1	12140	98	6566	54.0857	1.12166	35.5	58.5
HiC_scaffold_340	1	12103	9	1119	9.24564	0.109642	34.9	51
HiC_scaffold_341	1	11792	6	551	4.67266	0.0714891	35.1	55
HiC_scaffold_342	1	11769	32	934	7.9361	0.407511	35.8	37.7
HiC_scaffold_343	1	11768	68	4767	40.5082	0.796992	34.9	52.8
HiC_scaffold_344	1	11552	67	5761	49.8702	0.856994	35.1	57
HiC_scaffold_345	1	11294	13	1691	14.9726	0.170179	36.1	49.3
HiC_scaffold_346	1	11220	64	5033	44.8574	0.786364	35.7	59.8
HiC_scaffold_347	1	11009	703	5579	50.6767	8.93696	34.9	41.9
HiC_scaffold_348	1	11007	39	3823	34.7324	0.524848	35.4	51.4
HiC_scaffold_349	1	11000	62	6257	56.8818	0.839364	35.2	57.5
HiC_scaffold_350	1	10932	40	2695	24.6524	0.535401	35.4	46
HiC_scaffold_351	1	10903	56	4424	40.576	0.695405	35.5	59.4
HiC_scaffold_352	1	10862	84	7502	69.0665	1.1346	35.8	57.3
HiC_scaffold_353	1	10825	14	1489	13.7552	0.190208	36.1	47.9
HiC_scaffold_354	1	10780	59	4634	42.987	0.803061	35.8	55.4
HiC_scaffold_355	1	10606	8	499	4.70488	0.0900434	34.7	54.6
HiC_scaffold_356	1	10316	12	618	5.99069	0.134354	36.3	49
HiC_scaffold_357	1	10313	79	6924	67.1386	1.10792	35.6	56.1
HiC_scaffold_358	1	10116	46	2249	22.2321	0.651839	35.3	46.7
HiC_scaffold_359	1	9728	546	3262	33.5321	7.73396	35.4	40
HiC_scaffold_360	1	9582	15	1151	12.0121	0.232937	34.7	49.3
HiC_scaffold_361	1	9577	31	3768	39.3443	0.484599	35	49.1
HiC_scaffold_362	1	9324	16	1807	19.3801	0.25547	35.3	42.3
HiC_scaffold_363	1	9309	73	5837	62.7028	1.15168	35.5	60
HiC_scaffold_364	1	9000	14	1653	18.3667	0.232556	35.6	41.4
HiC_scaffold_365	1	8972	15	1037	11.5582	0.212439	34	55.8
HiC_scaffold_366	1	8717	8	503	5.77033	0.109212	36.2	60
HiC_scaffold_367	1	8598	10	848	9.86276	0.132007	32.5	50
HiC_scaffold_368	1	8517	27	2373	27.8619	0.473054	34.5	48.7
HiC_scaffold_369	1	8159	22	2510	30.7636	0.402868	36.3	51.8
HiC_scaffold_370	1	8000	6	435	5.4375	0.102	34.2	40
HiC_scaffold_371	1	7755	7	870	11.2186	0.128433	35.4	51.7
HiC_scaffold_372	1	7349	31	2978	40.5225	0.600082	35.2	54.8
HiC_scaffold_373	1	7312	25	2344	32.0569	0.470186	35	53
HiC_scaffold_374	1	7226	19	1907	26.3908	0.3522	34.2	55.6
HiC_scaffold_375	1	7101	11	922	12.9841	0.232362	36	54.1
HiC_scaffold_376	1	7000	92	3802	54.3143	1.86157	35.3	40.8
HiC_scaffold_377	1	7000	39	3310	47.2857	0.828286	35.7	56.5
HiC_scaffold_378	1	7000	70	2044	29.2	1.48871	35.4	40.6
HiC_scaffold_379	1	6605	80	2865	43.3762	1.72475	34.7	49.2
HiC_scaffold_380	1	6537	55	4141	63.3471	1.2261	35.3	57.7
HiC_scaffold_381	1	6484	31	2924	45.0956	0.680753	35.9	58.5
HiC_scaffold_382	1	6459	23	2196	33.9991	0.532745	35.4	52
HiC_scaffold_383	1	6245	12	1213	19.4235	0.272218	36.4	51.5
HiC_scaffold_384	1	6125	37	3332	54.4	0.904653	35.1	52.3
HiC_scaffold_385	1	6000	29	2677	44.6167	0.709167	35.3	55.9
HiC_scaffold_386	1	6000	24	1978	32.9667	0.599	35.9	59.2
HiC_scaffold_387	1	6000	56	4404	73.4	1.3845	35.1	49.8
HiC_scaffold_388	1	5993	15	1507	25.146	0.350743	35.7	48.3
HiC_scaffold_389	1	5821	38	3154	54.1831	0.972342	35.9	50.7
HiC_scaffold_390	1	5673	52	3915	69.0111	1.36207	35.2	52.1
HiC_scaffold_391	1	5000	14	1351	27.02	0.3876	35.4	58.6
HiC_scaffold_392	1	5000	17	1410	28.2	0.4648	35.6	56.4
HiC_scaffold_393	1	4994	1800	4075	81.5979	48.959	35	46.5
HiC_scaffold_394	1	4893	20	2209	45.1461	0.611486	35.8	51.9
HiC_scaffold_395	1	4891	28	2202	45.0215	0.784298	35.7	59.3
HiC_scaffold_396	1	4877	10	1136	23.293	0.307566	35.8	46.9
HiC_scaffold_397	1	4000	18	1315	32.875	0.671	34.6	40.6
HiC_scaffold_398	1	4000	54	3021	75.525	1.948	35.1	57.5
HiC_scaffold_399	1	4000	29	2285	57.125	1.05725	35.9	50.9
HiC_scaffold_400	1	4000	136	805	20.125	4.06	34.7	46.7
HiC_scaffold_401	1	3971	37	2734	68.8492	1.34878	35.5	58.9
HiC_scaffold_402	1	3919	10	834	21.2809	0.34422	35	53.8
HiC_scaffold_403	1	3281	25	2391	72.8741	1.13868	35.3	58.2
HiC_scaffold_404	1	3264	1	150	4.59559	0.0459559	33.8	52
HiC_scaffold_405	1	3259	27	2117	64.9586	1.18288	35.4	60
HiC_scaffold_406	1	3042	8	1014	33.3333	0.392834	35.5	49.1
HiC_scaffold_407	1	3035	26	2139	70.4778	1.26722	35.8	60
HiC_scaffold_408	1	3003	10	1031	34.3323	0.496503	36.3	43.5
HiC_scaffold_410	1	3000	26	1730	57.6667	1.248	35	57.4
HiC_scaffold_411	1	3000	34	1266	42.2	1.67533	35.2	42.8
HiC_scaffold_412	1	3000	34	2369	78.9667	1.646	35.7	57.4
HiC_scaffold_413	1	3000	34	2573	85.7667	1.62767	35.4	58.6
HiC_scaffold_414	1	3000	32	2212	73.7333	1.59867	35.6	56.2
HiC_scaffold_415	1	2897	20	1908	65.8612	1.02692	35.1	49.6
HiC_scaffold_416	1	2563	63	960	37.4561	2.75966	34.7	47.4
HiC_scaffold_417	1	2259	25	1586	70.2081	1.52324	36	60
HiC_scaffold_418	1	2125	7	877	41.2706	0.493176	35	47
HiC_scaffold_419	1	2021	12	1120	55.4181	0.776843	35.4	57
HiC_scaffold_420	1	2000	18	1338	66.9	1.1975	35.9	58.8
HiC_scaffold_421	1	2000	13	1445	72.25	0.9455	34.2	50.6
HiC_scaffold_422	1	2000	16	1310	65.5	1.1745	34.9	60
HiC_scaffold_423	1	1676	1	150	8.94988	0.0894988	37	60
HiC_scaffold_424	1	1484	1	120	8.08625	0.0808625	36.6	48
HiC_scaffold_425	1	1447	7	584	40.3594	0.721493	32.4	60
HiC_scaffold_426	1	1382	7	793	57.3806	0.75398	34.9	60
HiC_scaffold_427	1	1353	6	544	40.2069	0.526238	36.5	60
HiC_scaffold_429	1	1175	10	754	64.1702	1.11915	36.3	60
HiC_scaffold_430	1	1138	8	757	66.5202	0.863796	36.3	60
HiC_scaffold_431	1	1108	4	345	31.1372	0.345668	31.6	60
HiC_scaffold_432	1	1097	23	963	87.7849	2.56427	35.6	59
HiC_scaffold_433	1	1005	48	487	48.4577	6.79502	35.6	43.5
HiC_scaffold_434	1	1000	19	830	83	2.751	35.4	58.7
HiC_scaffold_435	1	1000	9	742	74.2	1.316	34.9	60
HiC_scaffold_436	1	1000	8	642	64.2	1.114	36.4	57.6
HiC_scaffold_437	1	1000	23	1000	100	2.922	36.2	60
HiC_scaffold_438	1	1000	6	504	50.4	0.773	35	60
HiC_scaffold_439	1	1000	5	631	63.1	0.744	32.2	60
HiC_scaffold_440	1	1000	11	709	70.9	1.161	35.1	60
HiC_scaffold_441	1	1000	16	797	79.7	2.369	35.6	60
HiC_scaffold_442	1	1000	15	951	95.1	2.077	34.7	60
HiC_scaffold_443	1	1000	6	605	60.5	0.866	35.5	60
HiC_scaffold_444	1	1000	5	564	56.4	0.714	36.2	60
HiC_scaffold_445	1	1000	12	708	70.8	1.361	36.1	59.9
HiC_scaffold_446	1	1000	4	468	46.8	0.6	35.9	36.8
HiC_scaffold_447	1	1000	15	843	84.3	2.169	36.1	59.2
HiC_scaffold_448	1	1000	7	504	50.4	1.044	35.1	60
HiC_scaffold_449	1	1000	6	542	54.2	0.752	36.4	60
HiC_scaffold_450	1	1000	4	506	50.6	0.6	36.2	60
HiC_scaffold_451	1	1000	3	309	30.9	0.45	36.2	53.3
HiC_scaffold_452	1	1000	12	874	87.4	1.411	35.3	54.2
HiC_scaffold_453	1	1000	27	584	58.4	3.473	35.2	44.7
mitochondria	1	17813	44986	17458	98.0071	367.077	35.4	59.4
HiC_scaffold_219	1	22812	0	0	0	0	0	0
HiC_scaffold_409	1	3003	0	0	0	0	0	0
HiC_scaffold_428	1	1184	0	0	0	0	0	0
HiC_scaffold_454	1	2000	0	0	0	0	0	0
