#rname	startpos	endpos	numreads	covbases	coverage	meandepth	meanbaseq	meanmapq
HiC_scaffold_1	1	75050035	862634	57486456	76.5975	1.6752	35.6	59.1
HiC_scaffold_2	1	56816963	653300	43514765	76.5876	1.67472	35.5	59.2
HiC_scaffold_3	1	109611085	1210762	81682132	74.52	1.61058	35.6	58.7
HiC_scaffold_4	1	81599725	926078	61882990	75.8373	1.65392	35.6	59.1
HiC_scaffold_5	1	72353455	837228	55769959	77.0799	1.6865	35.6	59.3
HiC_scaffold_6	1	67692486	782386	51958693	76.757	1.68366	35.6	59.2
HiC_scaffold_7	1	59159807	678138	44950044	75.9807	1.66862	35.5	59
HiC_scaffold_8	1	13479537	79097	7309974	54.2302	0.858886	35.5	59.4
HiC_scaffold_9	1	58964884	678348	45074953	76.4437	1.67506	35.5	59.1
HiC_scaffold_10	1	36732878	422926	27827071	75.7552	1.6742	35.5	59
HiC_scaffold_11	1	27384	245	5893	21.5199	1.31997	35.4	44
HiC_scaffold_12	1	33592	3285	7497	22.3178	13.1486	35.1	46.2
HiC_scaffold_13	1	184337	7936	142908	77.5254	5.98644	35.5	51.5
HiC_scaffold_14	1	85992	3473	52011	60.4835	5.62242	34.9	45
HiC_scaffold_15	1	87022	1306	30526	35.0785	2.05226	35.2	46.1
HiC_scaffold_16	1	89609	3110	11062	12.3447	3.75152	35.6	51
HiC_scaffold_17	1	164154	1683	48269	29.4047	1.4844	35.4	53.2
HiC_scaffold_18	1	104921	85	7124	6.78987	0.113228	35.2	42.2
HiC_scaffold_19	1	103720	562	35752	34.4697	0.77714	35.5	48.3
HiC_scaffold_20	1	90353	844	33904	37.5239	1.31946	35.2	49
HiC_scaffold_21	1	85252	358	24367	28.5823	0.597523	35.4	48.6
HiC_scaffold_22	1	80500	542	23520	29.2174	0.990547	35.6	47.6
HiC_scaffold_23	1	75743	301	19132	25.2591	0.581612	35.7	55
HiC_scaffold_24	1	75592	1246	16521	21.8555	2.32226	35.3	43.4
HiC_scaffold_25	1	72691	1422	35443	48.7584	2.81818	35.3	54.1
HiC_scaffold_26	1	71458	652	38465	53.8288	1.32783	35.3	49.9
HiC_scaffold_27	1	70045	2799	54955	78.4567	5.56497	35.3	51.2
HiC_scaffold_28	1	68558	168	7169	10.4568	0.337072	35.2	55
HiC_scaffold_29	1	68222	915	19913	29.1885	1.98395	35.4	44.9
HiC_scaffold_30	1	67017	777	36945	55.1278	1.67365	35.3	46.4
HiC_scaffold_31	1	65972	62	6023	9.12963	0.140347	35.9	43.9
HiC_scaffold_32	1	64000	789	34845	54.4453	1.69263	35.5	49
HiC_scaffold_33	1	62684	689	19041	30.3762	1.39284	35.4	42.5
HiC_scaffold_34	1	60035	573	34347	57.2116	1.28685	35.7	54.9
HiC_scaffold_35	1	59483	121	10880	18.2909	0.297413	35.3	50.5
HiC_scaffold_36	1	58601	358	4540	7.74731	0.882818	34.8	42.8
HiC_scaffold_37	1	57907	174	10357	17.8856	0.410987	35.6	48.3
HiC_scaffold_38	1	57623	266	3011	5.22534	0.632838	35.1	38
HiC_scaffold_39	1	56881	683	19725	34.6777	1.34996	35.3	50.3
HiC_scaffold_40	1	56115	518	8590	15.3078	1.16258	35.4	38.4
HiC_scaffold_41	1	55753	946	23663	42.4426	2.45815	35.2	41.4
HiC_scaffold_42	1	55361	113	4750	8.58005	0.278734	35.3	46.5
HiC_scaffold_43	1	55333	581	13299	24.0345	1.49639	35.2	39.4
HiC_scaffold_44	1	54697	1964	48569	88.7965	5.28784	35.6	55.4
HiC_scaffold_45	1	54079	127	3112	5.75454	0.256366	35.9	43.6
HiC_scaffold_46	1	53000	220	6530	12.3208	0.606358	35.5	40.1
HiC_scaffold_47	1	52728	1641	28406	53.8727	4.35241	35.1	46.9
HiC_scaffold_48	1	52696	369	25467	48.3281	1.02473	35.7	53.3
HiC_scaffold_49	1	52574	81	4404	8.37676	0.223818	34.9	39.8
HiC_scaffold_50	1	52452	50	1050	2.00183	0.052467	35.6	54.4
HiC_scaffold_51	1	52291	183	6093	11.6521	0.445067	35.3	47.3
HiC_scaffold_52	1	50660	436	30605	60.4126	1.25247	35.7	56.6
HiC_scaffold_53	1	50444	1114	30096	59.6622	3.26189	35.4	56.7
HiC_scaffold_54	1	50000	592	40036	80.072	1.72396	35.6	59.7
HiC_scaffold_55	1	49402	86	5105	10.3336	0.260151	35.3	44.5
HiC_scaffold_56	1	48994	196	7000	14.2875	0.548394	35.6	44.6
HiC_scaffold_57	1	48961	84	4622	9.44017	0.254345	35.9	42.7
HiC_scaffold_58	1	48913	266	22411	45.8181	0.803958	35.4	51.3
HiC_scaffold_59	1	48516	437	15537	32.0245	1.32865	35.4	47.8
HiC_scaffold_60	1	48449	331	27905	57.5966	1.01717	35.6	51.9
HiC_scaffold_61	1	48102	86	6606	13.7333	0.25633	35.6	49.2
HiC_scaffold_62	1	47095	454	33046	70.1688	1.41484	35.5	55.7
HiC_scaffold_63	1	45946	546	26278	57.1932	1.74672	35.4	53
HiC_scaffold_64	1	45702	246	6193	13.5508	0.751477	35.4	45.7
HiC_scaffold_65	1	45164	709	13724	30.387	2.17244	35.1	43.8
HiC_scaffold_66	1	45000	981	8045	17.8778	3.05324	35.4	48
HiC_scaffold_67	1	44932	622	8822	19.6341	1.63785	35.4	41.2
HiC_scaffold_68	1	44535	73	6560	14.73	0.23669	35.5	45.7
HiC_scaffold_69	1	43359	490	12780	29.4748	1.67197	35.4	43.2
HiC_scaffold_70	1	43000	319	8132	18.9116	0.93993	35.6	39.2
HiC_scaffold_71	1	42000	408	14761	35.1452	1.23329	35.4	48.3
HiC_scaffold_72	1	41780	50	2879	6.89086	0.175826	35.7	40.9
HiC_scaffold_73	1	41131	41	3443	8.37082	0.142326	35.7	51.2
HiC_scaffold_74	1	41000	179	12173	29.6902	0.640585	35.6	55.2
HiC_scaffold_75	1	40673	187	4510	11.0884	0.677427	35.9	41.5
HiC_scaffold_76	1	40021	261	6167	15.4094	0.88501	35.2	40.3
HiC_scaffold_77	1	40000	45	3582	8.955	0.1633	35.6	55
HiC_scaffold_78	1	39995	170	16980	42.4553	0.623503	35.6	54
HiC_scaffold_79	1	39987	31	3512	8.78285	0.114637	35.4	43.9
HiC_scaffold_80	1	39907	53	3632	9.10116	0.193525	35.4	55.3
HiC_scaffold_81	1	39785	412	7035	17.6825	1.26721	35.3	43.5
HiC_scaffold_82	1	39714	1400	11577	29.1509	4.87244	35.2	43.7
HiC_scaffold_83	1	39603	148	10972	27.705	0.541979	35.6	55.2
HiC_scaffold_84	1	39032	1090	24375	62.4488	3.84282	35.2	48.7
HiC_scaffold_85	1	38821	300	9982	25.7129	1.1138	35.4	44.5
HiC_scaffold_86	1	38551	316	4779	12.3966	1.03479	35.1	48.3
HiC_scaffold_87	1	38336	236	6706	17.4927	0.910424	35.2	40.9
HiC_scaffold_88	1	38081	203	6685	17.5547	0.742129	35.7	56.3
HiC_scaffold_89	1	37423	130	1931	5.15993	0.471849	35.3	45.3
HiC_scaffold_90	1	37049	340	11409	30.7944	1.35817	35.6	43.4
HiC_scaffold_91	1	37000	460	31168	84.2378	1.81776	35.4	59.8
HiC_scaffold_92	1	36719	39	3147	8.57049	0.152591	35.7	49.6
HiC_scaffold_93	1	36624	402	7762	21.1938	1.48124	35.2	39.7
HiC_scaffold_94	1	36550	162	4106	11.2339	0.658167	35.8	40.5
HiC_scaffold_95	1	35915	1024	18416	51.2766	3.99705	35.1	43.6
HiC_scaffold_96	1	35569	391	11139	31.3166	1.62768	35.8	45.3
HiC_scaffold_97	1	35569	263	8723	24.5242	0.991144	35.2	44.7
HiC_scaffold_98	1	35521	154	2951	8.30776	0.398131	35.2	48.5
HiC_scaffold_99	1	35305	1170	25047	70.9446	4.36666	35.5	57.4
HiC_scaffold_100	1	35285	337	23008	65.2062	1.38798	35.4	58.4
HiC_scaffold_101	1	35090	264	11916	33.9584	0.955771	35.1	52.3
HiC_scaffold_102	1	34736	71	6245	17.9785	0.299804	35.6	50
HiC_scaffold_103	1	34662	755	16212	46.7717	3.00447	35.4	40.8
HiC_scaffold_104	1	34539	134	10854	31.4253	0.557573	35.4	49.7
HiC_scaffold_105	1	34367	43	3769	10.9669	0.179445	35.6	53.2
HiC_scaffold_106	1	34092	15	883	2.59005	0.0548809	35.4	47.1
HiC_scaffold_107	1	34034	1118	29336	86.1962	4.74919	35.6	58.6
HiC_scaffold_108	1	34000	203	4389	12.9088	0.880912	35.2	39.7
HiC_scaffold_109	1	33013	330	11924	36.1191	1.35656	34.9	42
HiC_scaffold_110	1	32894	32	1908	5.80045	0.133702	35.9	59.4
HiC_scaffold_111	1	32703	66	6886	21.0562	0.29826	35.1	47
HiC_scaffold_112	1	32055	130	8968	27.9769	0.566932	35.4	52.5
HiC_scaffold_113	1	31996	286	4639	14.4987	0.94343	35.3	43.6
HiC_scaffold_114	1	31869	178	7449	23.3738	0.727039	35.7	51.4
HiC_scaffold_115	1	31497	362	9651	30.641	1.66117	35.4	42.3
HiC_scaffold_116	1	31452	220	16263	51.7074	1.02235	35.6	55.3
HiC_scaffold_117	1	31435	113	13596	43.2512	0.538254	35.4	49.6
HiC_scaffold_118	1	31168	253	16109	51.6844	1.17967	35.2	57.7
HiC_scaffold_119	1	31094	67	4772	15.347	0.32048	35.9	44.7
HiC_scaffold_120	1	31000	118	6098	19.671	0.557419	35.6	48.7
HiC_scaffold_121	1	30892	37	2775	8.98291	0.16726	36.1	48.6
HiC_scaffold_122	1	30671	279	6786	22.1251	1.34551	35.4	38.7
HiC_scaffold_123	1	30159	394	26245	87.0221	1.89807	35.7	60
HiC_scaffold_124	1	30112	14	1425	4.73233	0.0697396	36	39.4
HiC_scaffold_125	1	30000	99	2805	9.35	0.491933	35.5	39.1
HiC_scaffold_126	1	30000	37	3205	10.6833	0.1773	35.4	51.2
HiC_scaffold_127	1	29632	463	5857	19.7658	2.09885	35.4	43.8
HiC_scaffold_128	1	29216	112	9974	34.1388	0.56736	35.3	49.3
HiC_scaffold_129	1	29000	34	2376	8.1931	0.17469	35.9	46.6
HiC_scaffold_130	1	28743	20	1514	5.26737	0.0994677	34.5	48.1
HiC_scaffold_131	1	28267	392	8016	28.3582	2.0594	35.6	39.8
HiC_scaffold_132	1	28006	333	7266	25.9444	1.7633	35.3	38.6
HiC_scaffold_133	1	27859	136	10328	37.0724	0.702645	35.5	56.5
HiC_scaffold_134	1	27837	367	22354	80.3032	1.89708	35.5	59.6
HiC_scaffold_135	1	27503	151	5662	20.5868	0.821329	35.5	39.6
HiC_scaffold_136	1	27405	321	22143	80.7991	1.71425	35.5	59.9
HiC_scaffold_137	1	27128	2	300	1.10587	0.0110587	35.1	37
HiC_scaffold_138	1	27000	124	10985	40.6852	0.668111	36	51.3
HiC_scaffold_139	1	26958	54	3848	14.2741	0.29316	35.5	44.8
HiC_scaffold_140	1	26822	38	2592	9.66371	0.196518	35.7	40.9
HiC_scaffold_141	1	26714	383	9549	35.7453	1.96781	35.4	44.6
HiC_scaffold_142	1	26597	279	11810	44.4035	1.46979	35.3	46.6
HiC_scaffold_143	1	26526	32	2219	8.36538	0.15317	35.9	53.5
HiC_scaffold_144	1	26403	308	4391	16.6307	1.73677	35.4	39.8
HiC_scaffold_145	1	26321	401	12266	46.6016	2.23248	35.3	42.7
HiC_scaffold_146	1	26302	202	2558	9.7255	0.96852	34.9	39.3
HiC_scaffold_147	1	26228	91	5196	19.8109	0.506482	35.9	52.4
HiC_scaffold_148	1	26220	390	5868	22.3799	2.21442	35.4	39.6
HiC_scaffold_149	1	26169	51	4586	17.5246	0.289121	35.5	52.5
HiC_scaffold_150	1	26140	375	22554	86.2816	2.08122	35.3	60
HiC_scaffold_151	1	25970	80	4683	18.0323	0.458799	35.9	37.9
HiC_scaffold_152	1	25914	35	2052	7.9185	0.185691	35	42.5
HiC_scaffold_153	1	25756	20	1937	7.52058	0.115624	35.8	44.4
HiC_scaffold_154	1	25701	80	7180	27.9367	0.454535	35.5	53.4
HiC_scaffold_155	1	25484	529	11599	45.5148	2.98525	35.1	42.6
HiC_scaffold_156	1	25347	1590	13821	54.5272	8.82976	35	43
HiC_scaffold_157	1	25300	173	7068	27.9368	0.994704	35.3	45.7
HiC_scaffold_158	1	25137	533	10505	41.791	3.05705	35.4	40
HiC_scaffold_159	1	25068	46	2091	8.34131	0.270903	35.5	47.1
HiC_scaffold_160	1	25021	203	15529	62.0639	1.19016	35.7	53.9
HiC_scaffold_161	1	25021	18	2201	8.79661	0.10751	36	47.7
HiC_scaffold_162	1	25013	350	1881	7.52009	1.61836	35.2	45.4
HiC_scaffold_163	1	25000	16	1186	4.744	0.09592	35.5	35.4
HiC_scaffold_164	1	25000	10	578	2.312	0.0598	33.9	34.4
HiC_scaffold_165	1	25000	30	923	3.692	0.17988	35.6	38.7
HiC_scaffold_166	1	25000	88	2563	10.252	0.50788	35.5	37.4
HiC_scaffold_167	1	25000	315	19534	78.136	1.821	35.5	58.4
HiC_scaffold_168	1	25000	350	22022	88.088	2.0446	35.3	60
HiC_scaffold_169	1	25000	335	20539	82.156	1.92696	35.5	59.4
HiC_scaffold_170	1	25000	326	20396	81.584	1.88672	35.6	60
HiC_scaffold_171	1	25000	340	22044	88.176	1.9986	35.5	59.9
HiC_scaffold_172	1	25000	299	20052	80.208	1.7544	35.9	59.9
HiC_scaffold_173	1	25000	301	20082	80.328	1.74124	35.4	60
HiC_scaffold_174	1	25000	331	20037	80.148	1.8552	35.2	59.8
HiC_scaffold_175	1	25000	349	21467	85.868	2.06524	35.3	60
HiC_scaffold_176	1	25000	298	19502	78.008	1.72924	35.6	58.8
HiC_scaffold_177	1	25000	354	20456	81.824	2.05184	35.6	59.4
HiC_scaffold_178	1	25000	279	18761	75.044	1.6154	35.2	59.7
HiC_scaffold_179	1	25000	373	21625	86.5	2.14684	35.5	59.8
HiC_scaffold_180	1	25000	289	17226	68.904	1.66488	35.6	56.2
HiC_scaffold_181	1	25000	326	20751	83.004	1.9284	35.6	59.9
HiC_scaffold_182	1	25000	287	19745	78.98	1.65228	35.6	60
HiC_scaffold_183	1	25000	120	4258	17.032	0.6896	35.4	45.5
HiC_scaffold_184	1	25000	273	19236	76.944	1.5558	35.5	59.8
HiC_scaffold_185	1	25000	810	24929	99.716	4.70132	35.6	59.6
HiC_scaffold_186	1	25000	334	21133	84.532	1.94132	35.5	60
HiC_scaffold_187	1	25000	16	1318	5.272	0.09492	35.2	50.6
HiC_scaffold_188	1	24887	136	5163	20.7458	0.751195	35.4	41.8
HiC_scaffold_189	1	24881	604	14226	57.1762	2.79322	35.4	43.7
HiC_scaffold_190	1	24860	180	13545	54.4851	1.03954	35.5	55.7
HiC_scaffold_191	1	24785	153	11786	47.553	0.914666	35.5	47.5
HiC_scaffold_192	1	24606	24	1964	7.98179	0.138787	35	43.3
HiC_scaffold_193	1	24582	159	3504	14.2543	0.950696	34.6	46.5
HiC_scaffold_194	1	24552	742	14607	59.4941	4.2041	35.1	45.9
HiC_scaffold_195	1	24515	104	7833	31.9519	0.620355	35.6	53
HiC_scaffold_196	1	24429	99	5782	23.6686	0.567154	35.4	52.7
HiC_scaffold_197	1	24404	117	7095	29.0731	0.711728	35.5	54
HiC_scaffold_198	1	24065	203	15080	62.6636	1.25078	35.6	55.9
HiC_scaffold_199	1	24034	49	5034	20.9453	0.293626	35.6	52.1
HiC_scaffold_200	1	24000	30	895	3.72917	0.187375	35.9	42.8
HiC_scaffold_201	1	24000	818	4437	18.4875	5.07071	35.3	45.7
HiC_scaffold_202	1	23940	310	4422	18.4712	1.7914	35.5	39.5
HiC_scaffold_203	1	23878	105	1706	7.14465	0.658975	35.6	35.9
HiC_scaffold_204	1	23813	55	5774	24.2473	0.337925	35.6	52.7
HiC_scaffold_205	1	23764	53	4586	19.2981	0.311353	35.9	53.6
HiC_scaffold_206	1	23660	16	1205	5.09298	0.0926881	34.9	48.7
HiC_scaffold_207	1	23581	212	15310	64.9252	1.33273	35.3	54.5
HiC_scaffold_208	1	23490	75	3721	15.8408	0.457812	35.7	39.3
HiC_scaffold_209	1	23453	126	9545	40.6984	0.78199	35.2	56.5
HiC_scaffold_210	1	23041	48	3576	15.5202	0.29109	35.4	58
HiC_scaffold_211	1	23000	390	3145	13.6739	2.53083	35.8	38.4
HiC_scaffold_212	1	23000	121	9480	41.2174	0.77413	35.9	48.5
HiC_scaffold_213	1	23000	49	4138	17.9913	0.308391	35.4	44.4
HiC_scaffold_214	1	23000	100	5107	22.2043	0.649696	35.4	39
HiC_scaffold_215	1	23000	52	3583	15.5783	0.306174	35.9	57.8
HiC_scaffold_216	1	22979	11	808	3.51625	0.0651029	36.3	42.5
HiC_scaffold_217	1	22964	146	3899	16.9787	0.946438	35.3	39.6
HiC_scaffold_218	1	22956	98	8709	37.9378	0.636086	35.6	50.2
HiC_scaffold_219	1	22812	2	300	1.3151	0.013151	36.8	38
HiC_scaffold_220	1	22604	140	10879	48.1286	0.903867	35.5	51.1
HiC_scaffold_221	1	22426	19	1695	7.55819	0.124677	34.8	55.3
HiC_scaffold_222	1	22303	210	10760	48.2446	1.38883	35.6	48
HiC_scaffold_223	1	22199	96	4323	19.4739	0.627596	35.5	46.5
HiC_scaffold_224	1	22128	6	884	3.99494	0.0399494	34.9	44.3
HiC_scaffold_225	1	22127	10	682	3.08221	0.062322	36.1	43.7
HiC_scaffold_226	1	21688	94	5581	25.7331	0.648146	35.7	49.6
HiC_scaffold_227	1	21648	110	8743	40.3871	0.735819	35.6	55.1
HiC_scaffold_228	1	21608	185	9983	46.2005	1.14527	35.6	51.2
HiC_scaffold_229	1	21598	34	1684	7.79702	0.232799	35	36.4
HiC_scaffold_230	1	21510	11	1303	6.05765	0.0764761	36	47.3
HiC_scaffold_231	1	21437	54	2583	12.0493	0.37328	34.9	43.7
HiC_scaffold_232	1	21282	98	8838	41.5281	0.674843	35.8	49.4
HiC_scaffold_233	1	20959	139	4631	22.0955	0.882867	34.8	40.5
HiC_scaffold_234	1	20824	12	983	4.72051	0.0863907	35	54.8
HiC_scaffold_235	1	20622	62	4540	22.0153	0.447774	35.3	54.4
HiC_scaffold_236	1	20377	48	3765	18.4767	0.337685	35.8	49.8
HiC_scaffold_237	1	20369	88	7453	36.5899	0.640139	35.4	49.8
HiC_scaffold_238	1	20340	22	1886	9.27237	0.16116	35.7	49.2
HiC_scaffold_239	1	20281	27	1590	7.83985	0.18224	35.4	39.1
HiC_scaffold_240	1	20166	19	1515	7.51265	0.141129	36.2	51.8
HiC_scaffold_241	1	20140	163	8974	44.5581	1.16122	35.1	50.5
HiC_scaffold_242	1	20135	200	14753	73.2704	1.45021	35.8	59.2
HiC_scaffold_243	1	20122	9	1004	4.98956	0.0667429	35.5	55.6
HiC_scaffold_244	1	20044	41	2172	10.8362	0.306426	35.4	39.5
HiC_scaffold_245	1	20021	26	2032	10.1493	0.191749	35.7	57.4
HiC_scaffold_246	1	20000	18	1491	7.455	0.12345	35.4	58.5
HiC_scaffold_247	1	20000	49	3074	15.37	0.3314	35.8	55.2
HiC_scaffold_248	1	19739	378	8926	45.2201	2.79882	35.6	43.8
HiC_scaffold_249	1	19737	2	299	1.51492	0.0151492	34.8	60
HiC_scaffold_250	1	19724	17	1279	6.48449	0.124721	35.9	50.1
HiC_scaffold_251	1	19667	44	1581	8.03885	0.310164	34.6	37.3
HiC_scaffold_252	1	19649	46	4057	20.6474	0.34073	35.3	51.2
HiC_scaffold_253	1	19394	26	3137	16.1751	0.188512	35	45
HiC_scaffold_254	1	19304	60	3677	19.0479	0.440427	35.7	50.4
HiC_scaffold_255	1	19231	14	1406	7.31111	0.108679	36.4	42.2
HiC_scaffold_256	1	19176	107	6954	36.2641	0.827076	35.4	50.2
HiC_scaffold_257	1	19156	1117	8109	42.3314	8.04479	35.2	44.4
HiC_scaffold_258	1	19143	88	1641	8.57232	0.595518	35.5	44.2
HiC_scaffold_259	1	19058	38	3738	19.6138	0.297723	35.9	47.9
HiC_scaffold_260	1	19000	115	4371	23.0053	0.868053	35.4	43.8
HiC_scaffold_261	1	18934	11	1312	6.92933	0.0814936	36.4	49.3
HiC_scaffold_262	1	18930	786	9765	51.5848	5.99952	35.2	44.3
HiC_scaffold_263	1	18729	235	14701	78.4932	1.83576	35.7	56.7
HiC_scaffold_264	1	18528	55	4202	22.6792	0.422604	35.5	55.9
HiC_scaffold_265	1	18283	29	2118	11.5845	0.229612	35.5	43.6
HiC_scaffold_266	1	18272	37	1037	5.67535	0.236208	34.7	43.4
HiC_scaffold_267	1	18066	31	2302	12.7422	0.256449	35.4	49.7
HiC_scaffold_268	1	18044	48	2172	12.0372	0.397695	35.9	42.3
HiC_scaffold_269	1	18026	69	4646	25.7739	0.557417	35.1	54.7
HiC_scaffold_270	1	18000	83	2802	15.5667	0.670611	36	45.4
HiC_scaffold_271	1	18000	87	6815	37.8611	0.705444	36.1	48.4
HiC_scaffold_272	1	18000	81	3153	17.5167	0.649444	35.7	46.8
HiC_scaffold_273	1	17971	171	5662	31.5063	1.40949	35.6	44.7
HiC_scaffold_274	1	17888	29	2753	15.3902	0.23608	35.4	41
HiC_scaffold_275	1	17782	22	2804	15.7688	0.185412	35.5	53.2
HiC_scaffold_276	1	17690	46	5144	29.0786	0.38615	35.7	47.1
HiC_scaffold_277	1	17675	83	2854	16.1471	0.703819	35.8	38.1
HiC_scaffold_278	1	17531	9	1086	6.19474	0.0717586	35.3	43.3
HiC_scaffold_279	1	17508	297	3052	17.432	1.49634	35	48.2
HiC_scaffold_280	1	17420	53	5796	33.2721	0.446269	35.6	48.7
HiC_scaffold_281	1	17399	42	2867	16.478	0.3614	35.8	57.3
HiC_scaffold_282	1	17398	59	5338	30.6817	0.488964	35.1	52.6
HiC_scaffold_283	1	17257	911	7720	44.7355	6.47731	35	51.4
HiC_scaffold_284	1	17224	249	14801	85.9324	2.1297	35.4	55
HiC_scaffold_285	1	17131	46	4193	24.4761	0.382348	35.4	50.1
HiC_scaffold_286	1	17073	76	5573	32.6422	0.645464	35.8	48.6
HiC_scaffold_287	1	17000	113	4108	24.1647	0.989235	35.6	40.7
HiC_scaffold_288	1	16908	19	1199	7.09132	0.132659	35.6	47.6
HiC_scaffold_289	1	16758	239	2851	17.0128	1.8362	35.2	42.5
HiC_scaffold_290	1	16602	116	3722	22.419	0.899229	35	42.1
HiC_scaffold_291	1	16449	207	1168	7.10074	1.42665	34.8	44.7
HiC_scaffold_292	1	16346	43	2556	15.6369	0.392879	34.6	48.4
HiC_scaffold_293	1	16263	316	1391	8.55316	2.58981	35	43.8
HiC_scaffold_294	1	16061	74	5656	35.2157	0.672934	35.8	46.7
HiC_scaffold_295	1	16000	12	777	4.85625	0.112062	36.5	56.2
HiC_scaffold_296	1	16000	50	3714	23.2125	0.449875	35.8	49.2
HiC_scaffold_297	1	16000	18	1850	11.5625	0.15925	34.9	56.1
HiC_scaffold_298	1	16000	53	3657	22.8562	0.482563	35	43.4
HiC_scaffold_299	1	16000	50	3261	20.3813	0.44975	35.3	44.8
HiC_scaffold_300	1	15603	120	5825	37.3326	1.13529	35.1	45.2
HiC_scaffold_301	1	15565	14	800	5.13974	0.13479	36.3	60
HiC_scaffold_302	1	15554	151	3296	21.1907	1.44837	35.9	40.1
HiC_scaffold_303	1	15467	129	7564	48.9041	1.20334	35.5	50.4
HiC_scaffold_304	1	15433	50	2933	19.0047	0.478002	35.6	40.2
HiC_scaffold_305	1	15221	44	2845	18.6913	0.424217	35.1	44.7
HiC_scaffold_306	1	15208	9	635	4.17543	0.070818	34.5	60
HiC_scaffold_307	1	15128	8	756	4.99736	0.0717213	36.4	60
HiC_scaffold_308	1	15037	50	4228	28.1173	0.489792	35.5	52.2
HiC_scaffold_309	1	15027	56	3319	22.0869	0.532974	34.9	53.1
HiC_scaffold_310	1	15014	82	7376	49.1275	0.782403	35.1	58.9
HiC_scaffold_311	1	15000	71	6328	42.1867	0.6872	35.9	49.6
HiC_scaffold_312	1	14886	117	9396	63.1197	1.17009	36	48.5
HiC_scaffold_313	1	14872	67	2526	16.9849	0.646517	35.2	42.2
HiC_scaffold_314	1	14743	47	2471	16.7605	0.467273	35.7	57.3
HiC_scaffold_315	1	14719	28	1808	12.2834	0.26408	35.1	53
HiC_scaffold_316	1	14619	55	4679	32.0063	0.531158	36	53.8
HiC_scaffold_317	1	14567	26	2697	18.5145	0.262511	35.3	47.4
HiC_scaffold_318	1	14553	37	2805	19.2744	0.373325	35.8	46.9
HiC_scaffold_319	1	14548	207	9007	61.9123	2.10421	35.6	48.8
HiC_scaffold_320	1	14465	74	4783	33.066	0.760249	35.5	43.9
HiC_scaffold_321	1	14408	274	6226	43.2121	2.82149	35.6	41.8
HiC_scaffold_322	1	14386	18	1885	13.103	0.187543	35.5	44.7
HiC_scaffold_323	1	14298	234	7662	53.5879	1.94272	34	46.4
HiC_scaffold_324	1	14091	156	7480	53.0835	1.62047	35.4	49.4
HiC_scaffold_325	1	14000	95	4822	34.4429	0.997071	35.6	45.7
HiC_scaffold_326	1	14000	32	1817	12.9786	0.324714	35.4	43.8
HiC_scaffold_327	1	13966	58	4216	30.1876	0.613275	35.9	45.9
HiC_scaffold_328	1	13312	178	11319	85.0285	1.89055	35.7	60
HiC_scaffold_329	1	13309	64	6223	46.7578	0.714254	34.9	51.4
HiC_scaffold_330	1	13245	99	7118	53.741	1.09898	35.6	53.5
HiC_scaffold_331	1	13138	179	10544	80.2557	2.00297	35.9	59.8
HiC_scaffold_332	1	13083	4	600	4.5861	0.045861	36.5	38.5
HiC_scaffold_333	1	13000	34	2424	18.6462	0.373308	34.8	49.3
HiC_scaffold_334	1	13000	50	3465	26.6538	0.552538	35.7	51.8
HiC_scaffold_335	1	13000	42	2891	22.2385	0.444692	36.1	54.4
HiC_scaffold_336	1	12527	374	5518	44.0489	4.34054	35.2	40
HiC_scaffold_337	1	12325	22	2049	16.6247	0.265882	35.8	43.9
HiC_scaffold_338	1	12210	6	668	5.47093	0.0663391	35.8	36.2
HiC_scaffold_339	1	12140	118	7820	64.4152	1.39135	35.9	57.1
HiC_scaffold_340	1	12103	113	3495	28.8771	1.38668	35.3	47.1
HiC_scaffold_341	1	11792	9	530	4.49457	0.0902307	35.1	55.6
HiC_scaffold_342	1	11769	48	1350	11.4708	0.597757	35.9	39.1
HiC_scaffold_343	1	11768	90	6429	54.6312	1.11115	35.9	54.5
HiC_scaffold_344	1	11552	89	7123	61.6603	1.10267	34.9	57
HiC_scaffold_345	1	11294	36	2131	18.8684	0.463963	35.3	54.9
HiC_scaffold_346	1	11220	97	6740	60.0713	1.22326	35.8	58.5
HiC_scaffold_347	1	11009	1012	6484	58.8973	12.962	35	42.2
HiC_scaffold_348	1	11007	53	4923	44.7261	0.697465	35.8	50.2
HiC_scaffold_349	1	11000	31	2744	24.9455	0.414545	35.9	53.5
HiC_scaffold_350	1	10932	40	2632	24.0761	0.476765	35.4	49.2
HiC_scaffold_351	1	10903	94	5600	51.362	1.2747	35.3	57.8
HiC_scaffold_352	1	10862	105	7379	67.9341	1.39136	36.1	58
HiC_scaffold_353	1	10825	53	4612	42.6051	0.68388	35.4	54.5
HiC_scaffold_354	1	10780	85	6590	61.1317	1.16892	35.9	55.2
HiC_scaffold_355	1	10606	9	698	6.58118	0.115784	35.6	57
HiC_scaffold_356	1	10316	11	833	8.07484	0.136584	35.1	55.3
HiC_scaffold_357	1	10313	100	6866	66.5762	1.42422	35.4	55.1
HiC_scaffold_358	1	10116	31	1886	18.6437	0.43021	34.7	48.5
HiC_scaffold_359	1	9728	825	3630	37.315	11.3551	35.3	40.6
HiC_scaffold_360	1	9582	25	1989	20.7577	0.390211	35.8	49.2
HiC_scaffold_361	1	9577	60	5500	57.4293	0.934322	35.3	46.3
HiC_scaffold_362	1	9324	39	2791	29.9335	0.616366	35.5	47.6
HiC_scaffold_363	1	9309	92	6755	72.5642	1.44838	35.5	59.6
HiC_scaffold_364	1	9000	12	1334	14.8222	0.192222	34.8	47.4
HiC_scaffold_365	1	8972	16	1586	17.6772	0.247994	34.4	49.8
HiC_scaffold_366	1	8717	7	454	5.20821	0.0838591	33.3	53.7
HiC_scaffold_367	1	8598	30	2024	23.5404	0.455804	34.4	50
HiC_scaffold_368	1	8517	31	1972	23.1537	0.520019	35.4	49.1
HiC_scaffold_369	1	8159	37	3777	46.2924	0.679985	35.4	50.4
HiC_scaffold_370	1	8000	16	840	10.5	0.276125	36.2	40.4
HiC_scaffold_371	1	7755	14	1411	18.1947	0.270664	35.6	46.3
HiC_scaffold_372	1	7349	25	2131	28.9971	0.487958	35.7	56
HiC_scaffold_373	1	7312	54	4481	61.2828	1.06551	35.7	50.9
HiC_scaffold_374	1	7226	23	2449	33.8915	0.468032	36.2	53.4
HiC_scaffold_375	1	7101	16	1471	20.7154	0.323616	34.1	55.3
HiC_scaffold_376	1	7000	126	3976	56.8	2.55229	35.4	38.8
HiC_scaffold_377	1	7000	61	4241	60.5857	1.299	35.8	55.6
HiC_scaffold_378	1	7000	89	2289	32.7	1.89	35.5	42
HiC_scaffold_379	1	6605	93	3918	59.3187	1.89841	34.7	50.1
HiC_scaffold_380	1	6537	84	5178	79.2106	1.85085	35.6	57.4
HiC_scaffold_381	1	6484	48	2740	42.2579	1.07202	35.7	59.6
HiC_scaffold_382	1	6459	33	2922	45.2392	0.764205	36	51.7
HiC_scaffold_383	1	6245	10	1305	20.8967	0.240032	36.3	49.3
HiC_scaffold_384	1	6125	70	4751	77.5673	1.65796	35.7	50.3
HiC_scaffold_385	1	6000	62	4281	71.35	1.48983	35.6	54.5
HiC_scaffold_386	1	6000	37	2123	35.3833	0.879	35.4	56.3
HiC_scaffold_387	1	6000	59	4066	67.7667	1.44117	35.8	50.6
HiC_scaffold_388	1	5993	15	1602	26.7312	0.357751	35.5	48
HiC_scaffold_389	1	5821	39	2830	48.6171	1.00103	36	48.2
HiC_scaffold_390	1	5673	46	3512	61.9073	1.20078	35.2	50.4
HiC_scaffold_391	1	5000	19	1398	27.96	0.5564	33.8	58.9
HiC_scaffold_392	1	5000	23	1841	36.82	0.639	36.1	54.7
HiC_scaffold_393	1	4994	2350	4073	81.5579	63.5681	35.1	47.3
HiC_scaffold_394	1	4893	51	3963	80.9933	1.54793	35.7	54.1
HiC_scaffold_395	1	4891	38	3215	65.733	1.14292	35.5	58.5
HiC_scaffold_396	1	4877	14	1562	32.0279	0.430593	35.5	44.2
HiC_scaffold_397	1	4000	15	1024	25.6	0.5445	35.7	46.9
HiC_scaffold_398	1	4000	61	3322	83.05	2.19375	35.1	55.6
HiC_scaffold_399	1	4000	26	2296	57.4	0.9625	34.6	56.2
HiC_scaffold_400	1	4000	214	1516	37.9	7.0295	34.9	45
HiC_scaffold_401	1	3971	39	2796	70.4105	1.43541	35.7	59.5
HiC_scaffold_402	1	3919	10	676	17.2493	0.296249	35.2	51.2
HiC_scaffold_403	1	3281	35	2659	81.0424	1.57818	36	59
HiC_scaffold_404	1	3264	3	330	10.1103	0.137561	33.2	56.3
HiC_scaffold_405	1	3259	36	2513	77.1095	1.57533	34.4	60
HiC_scaffold_406	1	3042	12	1557	51.1834	0.590401	35.4	48.2
HiC_scaffold_407	1	3035	50	2795	92.0923	2.32784	36	60
HiC_scaffold_409	1	3003	10	1364	45.4212	0.4995	34.6	47.5
HiC_scaffold_410	1	3000	27	2158	71.9333	1.25733	35.7	55.1
HiC_scaffold_411	1	3000	80	1508	50.2667	3.87133	35.6	41.4
HiC_scaffold_412	1	3000	43	2365	78.8333	2	35.6	57.7
HiC_scaffold_413	1	3000	37	2505	83.5	1.806	35.8	58.1
HiC_scaffold_414	1	3000	25	1960	65.3333	1.239	35.6	52.9
HiC_scaffold_415	1	2897	30	2215	76.4584	1.55161	35.4	53.1
HiC_scaffold_416	1	2563	115	1292	50.4097	4.77019	34.7	48.5
HiC_scaffold_417	1	2259	36	1860	82.3373	2.10137	35.6	60
HiC_scaffold_418	1	2125	10	963	45.3176	0.689412	34.7	48.8
HiC_scaffold_419	1	2021	26	1746	86.3929	1.85601	35.8	60
HiC_scaffold_420	1	2000	26	1582	79.1	1.6965	35.5	59.8
HiC_scaffold_421	1	2000	17	1244	62.2	1.265	35.7	55.6
HiC_scaffold_422	1	2000	20	1415	70.75	1.304	35.7	60
HiC_scaffold_423	1	1676	7	631	37.6492	0.547733	35.6	53.4
HiC_scaffold_424	1	1484	3	168	11.3208	0.169811	35.5	50
HiC_scaffold_425	1	1447	18	1273	87.9751	1.85073	35.4	55.2
HiC_scaffold_426	1	1382	2	219	15.8466	0.158466	36.9	60
HiC_scaffold_427	1	1353	19	1174	86.7701	1.99113	35.3	60
HiC_scaffold_428	1	1184	5	317	26.7736	0.521959	36	50.4
HiC_scaffold_429	1	1175	12	843	71.7447	1.44596	34.9	60
HiC_scaffold_430	1	1138	18	1096	96.3093	2.18805	35	57.2
HiC_scaffold_431	1	1108	17	1037	93.5921	2.01805	35.8	60
HiC_scaffold_432	1	1097	27	1094	99.7265	3.48405	34.9	55.1
HiC_scaffold_433	1	1005	53	562	55.9204	7.37413	35.3	42.3
HiC_scaffold_434	1	1000	17	886	88.6	2.162	35.2	58.6
HiC_scaffold_435	1	1000	21	1000	100	2.764	35.9	60
HiC_scaffold_436	1	1000	14	583	58.3	1.693	35.5	59.9
HiC_scaffold_437	1	1000	14	894	89.4	1.846	35.7	60
HiC_scaffold_438	1	1000	6	734	73.4	0.837	36.3	60
HiC_scaffold_439	1	1000	27	1000	100	3.576	35.9	60
HiC_scaffold_440	1	1000	6	397	39.7	0.688	34.9	60
HiC_scaffold_441	1	1000	15	940	94	1.926	34.8	60
HiC_scaffold_442	1	1000	12	856	85.6	1.537	35.1	60
HiC_scaffold_443	1	1000	16	868	86.8	1.927	35.6	60
HiC_scaffold_444	1	1000	9	641	64.1	1.159	36.2	60
HiC_scaffold_445	1	1000	10	817	81.7	1.371	36.4	60
HiC_scaffold_446	1	1000	11	726	72.6	1.648	35.9	38.4
HiC_scaffold_447	1	1000	31	938	93.8	4.266	35.7	57.9
HiC_scaffold_448	1	1000	14	856	85.6	2.008	34.2	56.9
HiC_scaffold_449	1	1000	14	870	87	1.73	36.3	60
HiC_scaffold_450	1	1000	4	600	60	0.6	32.7	55
HiC_scaffold_451	1	1000	8	646	64.6	1.198	35.3	56.5
HiC_scaffold_452	1	1000	15	955	95.5	2.094	35.8	59.2
HiC_scaffold_453	1	1000	40	524	52.4	4.874	35.6	47.2
mitochondria	1	17813	70565	17665	99.1691	573.768	35.5	59.2
HiC_scaffold_408	1	3003	0	0	0	0	0	0
HiC_scaffold_454	1	2000	0	0	0	0	0	0
