#rname	startpos	endpos	numreads	covbases	coverage	meandepth	meanbaseq	meanmapq
HiC_scaffold_1	1	75050035	1011946	60714889	80.8992	1.96566	35.6	59.1
HiC_scaffold_2	1	56816963	766351	45941158	80.8582	1.96391	35.6	59.2
HiC_scaffold_3	1	109611085	1417084	86309731	78.7418	1.88561	35.6	58.7
HiC_scaffold_4	1	81599725	1084616	65370463	80.1111	1.93738	35.6	59.1
HiC_scaffold_5	1	72353455	980302	58899981	81.4059	1.97508	35.6	59.3
HiC_scaffold_6	1	67692486	917580	54882567	81.0763	1.97514	35.6	59.2
HiC_scaffold_7	1	59159807	794058	47406545	80.133	1.95381	35.6	59.1
HiC_scaffold_8	1	13479537	92846	7990407	59.2781	1.00839	35.6	59.5
HiC_scaffold_9	1	58964884	800564	47639308	80.7927	1.97659	35.6	59.1
HiC_scaffold_10	1	36732878	494771	29393750	80.0203	1.95898	35.5	59
HiC_scaffold_11	1	27384	253	6097	22.2648	1.36364	35.3	43.6
HiC_scaffold_12	1	33592	1413	7370	21.9397	5.55219	35	45
HiC_scaffold_13	1	184337	10078	147717	80.1342	7.65013	35.5	52.3
HiC_scaffold_14	1	85992	2206	49815	57.9298	3.58452	35	44.7
HiC_scaffold_15	1	87022	1334	32644	37.5124	2.10089	35.2	46.5
HiC_scaffold_16	1	89609	3035	11097	12.3838	3.51562	35.8	51.2
HiC_scaffold_17	1	164154	2727	57403	34.969	2.38567	35.4	51.7
HiC_scaffold_18	1	104921	149	9006	8.5836	0.198893	35.1	44.3
HiC_scaffold_19	1	103720	604	36820	35.4994	0.845189	35.3	48.3
HiC_scaffold_20	1	90353	842	34114	37.7564	1.32275	35.3	50.3
HiC_scaffold_21	1	85252	467	26883	31.5336	0.77726	35.3	47.5
HiC_scaffold_22	1	80500	518	25347	31.487	0.952571	35.6	50.3
HiC_scaffold_23	1	75743	425	22562	29.7876	0.820987	35.4	53.8
HiC_scaffold_24	1	75592	1502	20768	27.4738	2.80712	35.3	43.1
HiC_scaffold_25	1	72691	1824	36040	49.5797	3.59379	35.4	53.8
HiC_scaffold_26	1	71458	791	40931	57.2798	1.60353	35.5	49.1
HiC_scaffold_27	1	70045	3221	55279	78.9193	6.5125	35.3	52
HiC_scaffold_28	1	68558	312	7579	11.0549	0.481957	35	54.3
HiC_scaffold_29	1	68222	942	19514	28.6037	2.03855	35.5	45.3
HiC_scaffold_30	1	67017	723	38319	57.178	1.57053	35.3	46.3
HiC_scaffold_31	1	65972	101	9105	13.8013	0.228354	35.7	49.7
HiC_scaffold_32	1	64000	761	35751	55.8609	1.64902	35.6	50
HiC_scaffold_33	1	62684	647	20078	32.0305	1.3238	35.4	42.9
HiC_scaffold_34	1	60035	556	32436	54.0285	1.29686	35.4	56
HiC_scaffold_35	1	59483	161	13356	22.4535	0.40151	35.7	50.4
HiC_scaffold_36	1	58601	1890	6129	10.4589	4.70391	35.2	51.7
HiC_scaffold_37	1	57907	217	12810	22.1217	0.529418	35.7	49.1
HiC_scaffold_38	1	57623	254	2800	4.85917	0.572358	35.4	39.7
HiC_scaffold_39	1	56881	801	22447	39.4631	1.65509	35.5	49
HiC_scaffold_40	1	56115	592	8742	15.5787	1.33551	35.9	38.5
HiC_scaffold_41	1	55753	631	21019	37.7002	1.61914	35.3	42.3
HiC_scaffold_42	1	55361	101	4259	7.69314	0.259244	35.4	48
HiC_scaffold_43	1	55333	713	11819	21.3598	1.85524	35.2	40.5
HiC_scaffold_44	1	54697	2365	49511	90.5187	6.36805	35.5	55.8
HiC_scaffold_45	1	54079	106	4166	7.70354	0.214002	35	46.7
HiC_scaffold_46	1	53000	212	6920	13.0566	0.583132	35.2	40.4
HiC_scaffold_47	1	52728	1606	22217	42.1351	4.24712	34.9	48.4
HiC_scaffold_48	1	52696	541	27092	51.4119	1.50953	35.6	54.7
HiC_scaffold_49	1	52574	177	6398	12.1695	0.489539	35.7	41.6
HiC_scaffold_50	1	52452	39	1508	2.87501	0.0542591	35.7	48.2
HiC_scaffold_51	1	52291	291	7775	14.8687	0.716567	35.3	45.2
HiC_scaffold_52	1	50660	536	32350	63.8571	1.55857	35.6	56.2
HiC_scaffold_53	1	50444	1526	31477	62.3999	4.45105	35.6	56.2
HiC_scaffold_54	1	50000	768	43851	87.702	2.21512	35.5	59.9
HiC_scaffold_55	1	49402	79	5919	11.9813	0.22908	35.1	44.8
HiC_scaffold_56	1	48994	327	9473	19.335	0.947994	35.4	42
HiC_scaffold_57	1	48961	99	7330	14.9711	0.287229	35.2	45.1
HiC_scaffold_58	1	48913	328	26047	53.2517	0.990984	35.7	50.5
HiC_scaffold_59	1	48516	454	16012	33.0035	1.37907	35.4	49.2
HiC_scaffold_60	1	48449	467	32010	66.0695	1.41854	35.5	52.4
HiC_scaffold_61	1	48102	217	10462	21.7496	0.641512	35.2	47.1
HiC_scaffold_62	1	47095	556	34264	72.7551	1.73159	35.6	55.9
HiC_scaffold_63	1	45946	638	27084	58.9475	2.05578	35.4	53.4
HiC_scaffold_64	1	45702	204	5977	13.0782	0.609383	35.4	48.6
HiC_scaffold_65	1	45164	359	12465	27.5994	1.06556	35.2	42.9
HiC_scaffold_66	1	45000	1422	9606	21.3467	4.39622	35.2	47.6
HiC_scaffold_67	1	44932	749	10150	22.5897	2.07271	35.3	40.9
HiC_scaffold_68	1	44535	46	4601	10.3312	0.144448	35.9	44.1
HiC_scaffold_69	1	43359	393	11570	26.6842	1.33105	35.4	43.2
HiC_scaffold_70	1	43000	379	13208	30.7163	1.16333	35.5	42.6
HiC_scaffold_71	1	42000	430	13151	31.3119	1.32169	35.5	48.1
HiC_scaffold_72	1	41780	31	2404	5.75395	0.110029	35.4	41.7
HiC_scaffold_73	1	41131	58	4170	10.1383	0.209744	35.1	47.8
HiC_scaffold_74	1	41000	184	12500	30.4878	0.659756	35.4	56.2
HiC_scaffold_75	1	40673	174	5504	13.5323	0.634426	35.6	40.8
HiC_scaffold_76	1	40021	225	5880	14.6923	0.776917	35.2	39.9
HiC_scaffold_77	1	40000	78	5297	13.2425	0.27245	35.5	54
HiC_scaffold_78	1	39995	183	17203	43.0129	0.666683	35.8	53.6
HiC_scaffold_79	1	39987	32	2358	5.89692	0.118764	35.8	42.3
HiC_scaffold_80	1	39907	58	4274	10.7099	0.202596	35.6	55.1
HiC_scaffold_81	1	39785	391	6960	17.494	1.16157	35.5	43.6
HiC_scaffold_82	1	39714	1858	11446	28.8211	6.45843	35.2	44
HiC_scaffold_83	1	39603	193	12860	32.4723	0.721334	35.5	52.6
HiC_scaffold_84	1	39032	1469	26801	68.6642	5.23271	35.4	48.2
HiC_scaffold_85	1	38821	315	9056	23.3276	1.15677	35.6	44.9
HiC_scaffold_86	1	38551	248	4489	11.6443	0.794921	35.1	48.9
HiC_scaffold_87	1	38336	375	8823	23.0149	1.45294	35.4	42
HiC_scaffold_88	1	38081	222	7254	19.0489	0.778892	35.5	55.2
HiC_scaffold_89	1	37423	109	1451	3.87729	0.389226	35	45.5
HiC_scaffold_90	1	37049	266	13229	35.7068	1.061	35.4	45.8
HiC_scaffold_91	1	37000	541	30992	83.7622	2.12422	35.7	60
HiC_scaffold_92	1	36719	141	4951	13.4835	0.570577	35.4	51.8
HiC_scaffold_93	1	36624	413	6406	17.4913	1.49347	35.3	40.8
HiC_scaffold_94	1	36550	150	3889	10.6402	0.612285	35.9	41.4
HiC_scaffold_95	1	35915	929	18603	51.7973	3.62846	35	43
HiC_scaffold_96	1	35569	363	12655	35.5787	1.50173	35.5	48.2
HiC_scaffold_97	1	35569	158	8881	24.9684	0.601844	35.4	46.6
HiC_scaffold_98	1	35521	195	4827	13.5891	0.530756	35.3	46.5
HiC_scaffold_99	1	35305	1371	26740	75.74	5.15004	35.4	58.2
HiC_scaffold_100	1	35285	401	26201	74.2553	1.65339	35.5	57.5
HiC_scaffold_101	1	35090	202	11420	32.5449	0.735309	35.2	53
HiC_scaffold_102	1	34736	127	7196	20.7163	0.543384	35.7	50.1
HiC_scaffold_103	1	34662	1197	16736	48.2834	4.7576	35.4	42.4
HiC_scaffold_104	1	34539	192	13028	37.7197	0.816729	35.2	50.6
HiC_scaffold_105	1	34367	95	5767	16.7806	0.385719	35.6	50.9
HiC_scaffold_106	1	34092	19	1412	4.14173	0.0770269	34.6	50.3
HiC_scaffold_107	1	34034	1455	30705	90.2186	6.12684	35.5	58.3
HiC_scaffold_108	1	34000	184	4854	14.2765	0.799294	35	38.6
HiC_scaffold_109	1	33013	351	11299	34.2259	1.49153	34.9	43.3
HiC_scaffold_110	1	32894	43	2416	7.3448	0.186447	35.5	49.8
HiC_scaffold_111	1	32703	113	9203	28.1411	0.510595	35.7	47.8
HiC_scaffold_112	1	32055	169	8994	28.058	0.765996	35.5	53
HiC_scaffold_113	1	31996	228	4180	13.0641	0.753969	35.5	42.7
HiC_scaffold_114	1	31869	259	8907	27.9488	1.02573	35.7	50.4
HiC_scaffold_115	1	31497	187	4416	14.0204	0.866463	35.6	40.2
HiC_scaffold_116	1	31452	252	17400	55.3224	1.17166	35.4	55.1
HiC_scaffold_117	1	31435	115	12243	38.947	0.539494	35.3	50
HiC_scaffold_118	1	31168	316	17058	54.7292	1.46827	35.5	58.1
HiC_scaffold_119	1	31094	79	4786	15.392	0.377854	35.4	46.7
HiC_scaffold_120	1	31000	179	9625	31.0484	0.841968	35.6	48.2
HiC_scaffold_121	1	30892	70	4683	15.1593	0.33206	35.7	41.8
HiC_scaffold_122	1	30671	304	7206	23.4945	1.47807	35.5	38.6
HiC_scaffold_123	1	30159	471	26000	86.2098	2.26218	35.6	60
HiC_scaffold_124	1	30112	12	1495	4.9648	0.0597104	35.6	39.5
HiC_scaffold_125	1	30000	174	3711	12.37	0.8589	35.4	39.7
HiC_scaffold_126	1	30000	40	3402	11.34	0.188767	35.3	49.6
HiC_scaffold_127	1	29632	429	5443	18.3687	1.94074	35.3	43.9
HiC_scaffold_128	1	29216	119	9552	32.6944	0.60241	35.7	49.3
HiC_scaffold_129	1	29000	24	1879	6.47931	0.123207	35.9	50.3
HiC_scaffold_130	1	28743	27	1763	6.13367	0.138677	34.8	51
HiC_scaffold_131	1	28267	470	8873	31.39	2.46839	35.7	42
HiC_scaffold_132	1	28006	348	6445	23.0129	1.83314	35.1	40.1
HiC_scaffold_133	1	27859	185	12765	45.82	0.984888	35.5	55.7
HiC_scaffold_134	1	27837	409	22297	80.0984	2.10156	35.5	59.5
HiC_scaffold_135	1	27503	162	5861	21.3104	0.863978	35.8	38.8
HiC_scaffold_136	1	27405	442	24315	88.7247	2.34837	35.5	60
HiC_scaffold_137	1	27128	6	897	3.30655	0.0330655	36	36
HiC_scaffold_138	1	27000	180	12370	45.8148	0.970074	35.5	52
HiC_scaffold_139	1	26958	56	4106	15.2311	0.296127	35.5	46.4
HiC_scaffold_140	1	26822	52	2226	8.29916	0.265454	35.4	40
HiC_scaffold_141	1	26714	622	11773	44.0705	3.22146	35.5	43.7
HiC_scaffold_142	1	26597	188	9064	34.079	1.00846	35.2	50.5
HiC_scaffold_143	1	26526	78	2831	10.6725	0.379552	35.2	53.6
HiC_scaffold_144	1	26403	222	3877	14.6839	1.24948	35.5	41.1
HiC_scaffold_145	1	26321	426	13307	50.5566	2.3797	35.4	43
HiC_scaffold_146	1	26302	237	3149	11.9725	1.12668	34.7	38.9
HiC_scaffold_147	1	26228	67	4447	16.9552	0.364458	35.7	55.3
HiC_scaffold_148	1	26220	396	6132	23.3867	2.23276	35.3	39.7
HiC_scaffold_149	1	26169	43	4696	17.9449	0.240514	36	51.7
HiC_scaffold_150	1	26140	390	22466	85.9449	2.14327	35.4	59.9
HiC_scaffold_151	1	25970	83	5020	19.33	0.475164	35.3	38.5
HiC_scaffold_152	1	25914	85	4186	16.1534	0.456587	35.3	41.5
HiC_scaffold_153	1	25756	43	2797	10.8596	0.248835	35	45.3
HiC_scaffold_154	1	25701	121	9632	37.4771	0.694915	35.3	51.8
HiC_scaffold_155	1	25484	451	11695	45.8915	2.56608	35.3	41.3
HiC_scaffold_156	1	25347	1466	13074	51.5801	8.03369	35	44.1
HiC_scaffold_157	1	25300	178	7102	28.0711	1.04055	35.6	45.4
HiC_scaffold_158	1	25137	566	11081	44.0824	3.22405	35.2	40.8
HiC_scaffold_159	1	25068	47	2642	10.5393	0.274773	34.8	46.6
HiC_scaffold_160	1	25021	245	16469	65.8207	1.43531	35.4	55.6
HiC_scaffold_161	1	25021	36	3729	14.9035	0.215299	35.9	47.5
HiC_scaffold_162	1	25013	558	1556	6.22077	2.62627	35.3	43.2
HiC_scaffold_163	1	25000	16	754	3.016	0.09596	36.1	34.1
HiC_scaffold_164	1	25000	22	1021	4.084	0.13036	34.7	33.1
HiC_scaffold_165	1	25000	8	445	1.78	0.04768	35.1	36
HiC_scaffold_166	1	25000	119	3015	12.06	0.68576	35.1	38
HiC_scaffold_167	1	25000	358	20730	82.92	2.08444	35.3	58.7
HiC_scaffold_168	1	25000	349	20966	83.864	2.01576	35.1	59.9
HiC_scaffold_169	1	25000	372	21801	87.204	2.15892	35.7	59.4
HiC_scaffold_170	1	25000	335	21037	84.148	1.94656	35.6	59.8
HiC_scaffold_171	1	25000	420	22139	88.556	2.42656	35.6	59.8
HiC_scaffold_172	1	25000	355	21193	84.772	2.08	35.5	59.9
HiC_scaffold_173	1	25000	312	20457	81.828	1.80728	35.5	59.6
HiC_scaffold_174	1	25000	299	19353	77.412	1.73172	35.4	59.6
HiC_scaffold_175	1	25000	363	21819	87.276	2.12796	35.8	60
HiC_scaffold_176	1	25000	357	20296	81.184	2.07288	35.5	59.2
HiC_scaffold_177	1	25000	418	21204	84.816	2.39512	35.5	59.2
HiC_scaffold_178	1	25000	383	21792	87.168	2.2154	35.5	59.3
HiC_scaffold_179	1	25000	324	20692	82.768	1.86232	35.5	59.7
HiC_scaffold_180	1	25000	379	17228	68.912	2.14784	35.6	56.9
HiC_scaffold_181	1	25000	340	21722	86.888	1.98964	35.5	59.9
HiC_scaffold_182	1	25000	368	21916	87.664	2.14984	35.3	60
HiC_scaffold_183	1	25000	179	5310	21.24	1.05196	35.5	43.6
HiC_scaffold_184	1	25000	417	22212	88.848	2.43216	35.5	59.8
HiC_scaffold_185	1	25000	695	24211	96.844	4.02588	35.5	59.8
HiC_scaffold_186	1	25000	360	21758	87.032	2.12792	35.6	60
HiC_scaffold_187	1	25000	8	618	2.472	0.04748	36.4	55
HiC_scaffold_188	1	24887	120	3834	15.4056	0.663117	35.4	44.6
HiC_scaffold_189	1	24881	595	14403	57.8875	2.72626	35.3	43.7
HiC_scaffold_190	1	24860	230	15115	60.8005	1.35893	35.6	56.5
HiC_scaffold_191	1	24785	168	11571	46.6855	0.996409	35.7	50
HiC_scaffold_192	1	24606	11	843	3.42599	0.064212	36.3	36.2
HiC_scaffold_193	1	24582	183	2921	11.8827	1.08832	35.4	46.5
HiC_scaffold_194	1	24552	562	13343	54.3459	3.1909	35.2	44.8
HiC_scaffold_195	1	24515	111	6882	28.0726	0.666327	36.1	54.1
HiC_scaffold_196	1	24429	108	6197	25.3674	0.619182	35.6	54.3
HiC_scaffold_197	1	24404	111	6774	27.7577	0.677143	35.5	55.4
HiC_scaffold_198	1	24065	264	16056	66.7193	1.61031	35.6	55.5
HiC_scaffold_199	1	24034	67	5794	24.1075	0.411916	35.5	47.9
HiC_scaffold_200	1	24000	77	2034	8.475	0.466333	35.9	42.9
HiC_scaffold_201	1	24000	759	5161	21.5042	4.69729	35.5	46.6
HiC_scaffold_202	1	23940	273	4107	17.1554	1.55422	35.4	39.1
HiC_scaffold_203	1	23878	66	1681	7.03995	0.405059	35.7	36.9
HiC_scaffold_204	1	23813	88	6617	27.7873	0.543821	35.3	50.8
HiC_scaffold_205	1	23764	79	7024	29.5573	0.476519	35.7	50.4
HiC_scaffold_206	1	23660	14	1403	5.92984	0.0847422	35.3	48.6
HiC_scaffold_207	1	23581	253	16655	70.6289	1.58899	35.6	54.4
HiC_scaffold_208	1	23490	55	2912	12.3968	0.345807	35.2	39
HiC_scaffold_209	1	23453	152	10377	44.2459	0.959664	35.4	55.7
HiC_scaffold_210	1	23041	55	3224	13.9924	0.345601	35.6	58.9
HiC_scaffold_211	1	23000	497	3639	15.8217	3.22239	35.7	39
HiC_scaffold_212	1	23000	113	8279	35.9957	0.717043	35.4	48.7
HiC_scaffold_213	1	23000	41	3110	13.5217	0.259391	35.7	47.5
HiC_scaffold_214	1	23000	161	6675	29.0217	1.03204	35.7	38.8
HiC_scaffold_215	1	23000	69	4187	18.2043	0.423913	35.3	54.3
HiC_scaffold_216	1	22979	10	849	3.69468	0.0606206	35.2	42.5
HiC_scaffold_217	1	22964	164	4083	17.78	1.06179	35.6	41.2
HiC_scaffold_218	1	22956	104	9682	42.1763	0.674638	35.4	50.2
HiC_scaffold_220	1	22604	166	11407	50.4645	1.07202	35.5	53.1
HiC_scaffold_221	1	22426	26	1968	8.77553	0.16463	34.8	52.2
HiC_scaffold_222	1	22303	290	11534	51.715	1.91844	35.6	47.9
HiC_scaffold_223	1	22199	91	4495	20.2487	0.605027	35.5	50.1
HiC_scaffold_224	1	22128	17	1062	4.79935	0.0996023	35.6	56.2
HiC_scaffold_225	1	22127	8	942	4.25724	0.0537804	36.4	44.8
HiC_scaffold_226	1	21688	86	5527	25.4841	0.567595	35.7	52.4
HiC_scaffold_227	1	21648	190	10481	48.4156	1.24778	35.9	55.3
HiC_scaffold_228	1	21608	231	11499	53.2164	1.48329	35.7	51.5
HiC_scaffold_229	1	21598	27	1254	5.80609	0.184693	34.4	35.8
HiC_scaffold_230	1	21510	14	1338	6.22036	0.0859135	36	49.1
HiC_scaffold_231	1	21437	41	2851	13.2994	0.28003	34.6	49
HiC_scaffold_232	1	21282	113	9707	45.6113	0.779485	34.8	48.3
HiC_scaffold_233	1	20959	174	4623	22.0574	1.06322	35.2	40.8
HiC_scaffold_234	1	20824	9	1051	5.04706	0.064781	34.8	50.8
HiC_scaffold_235	1	20622	56	3366	16.3224	0.392106	35.7	57.6
HiC_scaffold_236	1	20377	65	5194	25.4895	0.468371	35.9	46.2
HiC_scaffold_237	1	20369	108	7060	34.6605	0.789877	35.9	49.9
HiC_scaffold_238	1	20340	33	2751	13.5251	0.236922	35.8	48.3
HiC_scaffold_239	1	20281	36	1995	9.83679	0.254228	35	42.8
HiC_scaffold_240	1	20166	19	1419	7.0366	0.118863	35.9	52.2
HiC_scaffold_241	1	20140	182	9442	46.8818	1.32046	35.7	51.6
HiC_scaffold_242	1	20135	281	16123	80.0745	2.05771	35.9	59.9
HiC_scaffold_243	1	20122	11	1188	5.90399	0.078521	35.6	54.5
HiC_scaffold_244	1	20044	36	2193	10.9409	0.261375	35.1	43.5
HiC_scaffold_245	1	20021	36	2142	10.6988	0.252934	35.5	58
HiC_scaffold_246	1	20000	39	2043	10.215	0.2662	35.4	57.5
HiC_scaffold_247	1	20000	40	3342	16.71	0.28775	35.5	53.1
HiC_scaffold_248	1	19739	682	10087	51.1019	5.06824	35.4	43.1
HiC_scaffold_249	1	19737	1	150	0.759994	0.00759994	36.8	58
HiC_scaffold_250	1	19724	25	1215	6.16001	0.167562	36.2	53.9
HiC_scaffold_251	1	19667	70	2090	10.6269	0.496975	35.2	39.6
HiC_scaffold_252	1	19649	45	4189	21.3192	0.333249	35.5	48.7
HiC_scaffold_253	1	19394	25	2702	13.9321	0.190678	35.8	53.4
HiC_scaffold_254	1	19304	82	5156	26.7095	0.632201	35.8	51
HiC_scaffold_255	1	19231	24	2318	12.0535	0.185326	35.3	47.5
HiC_scaffold_256	1	19176	104	7696	40.1335	0.801158	35.8	49.4
HiC_scaffold_257	1	19156	1146	6799	35.4928	8.28853	35.1	43.7
HiC_scaffold_258	1	19143	110	1163	6.07533	0.776211	35.4	43.7
HiC_scaffold_259	1	19058	18	1957	10.2687	0.141515	36.1	46.7
HiC_scaffold_260	1	19000	165	5410	28.4737	1.27147	35.6	43.7
HiC_scaffold_261	1	18934	17	2004	10.5841	0.134678	36.2	44.8
HiC_scaffold_262	1	18930	591	8657	45.7316	4.52515	35.3	44.4
HiC_scaffold_263	1	18729	259	16006	85.461	2.04565	35.6	58.1
HiC_scaffold_264	1	18528	89	5098	27.5151	0.65312	35.6	56.8
HiC_scaffold_265	1	18283	38	2508	13.7177	0.311218	35.5	43.2
HiC_scaffold_266	1	18272	34	940	5.14448	0.21481	34.9	44.3
HiC_scaffold_267	1	18066	36	3357	18.5819	0.291653	35.7	50.7
HiC_scaffold_268	1	18044	45	2662	14.7528	0.329805	36	40.8
HiC_scaffold_269	1	18026	79	4853	26.9222	0.619827	35.6	56.7
HiC_scaffold_270	1	18000	180	7639	42.4389	1.48717	35.5	44.8
HiC_scaffold_271	1	18000	111	7942	44.1222	0.900889	35.8	49.8
HiC_scaffold_272	1	18000	99	2933	16.2944	0.8025	35.4	40.4
HiC_scaffold_273	1	17971	341	6992	38.9071	2.80318	35.6	45.4
HiC_scaffold_274	1	17888	42	3555	19.8737	0.351241	35.5	43.8
HiC_scaffold_275	1	17782	21	1998	11.2361	0.175121	36.2	60
HiC_scaffold_276	1	17690	50	4740	26.7948	0.405992	35.2	46.7
HiC_scaffold_277	1	17675	22	2165	12.2489	0.17454	35	47.4
HiC_scaffold_278	1	17531	26	2370	13.5189	0.218584	35.7	50.2
HiC_scaffold_279	1	17508	311	2874	16.4154	1.4378	35.1	48.8
HiC_scaffold_280	1	17420	72	6281	36.0563	0.600287	35.6	51.5
HiC_scaffold_281	1	17399	55	2553	14.6733	0.470257	35.4	56.3
HiC_scaffold_282	1	17398	76	6015	34.5729	0.643235	35.9	50
HiC_scaffold_283	1	17257	1026	7754	44.9325	7.30057	35.1	51.2
HiC_scaffold_284	1	17224	215	13955	81.0207	1.8422	35.4	54.4
HiC_scaffold_285	1	17131	77	6499	37.9371	0.668788	35.5	50.7
HiC_scaffold_286	1	17073	55	4714	27.6108	0.478299	35.9	49.2
HiC_scaffold_287	1	17000	56	2724	16.0235	0.484882	35.3	42.4
HiC_scaffold_288	1	16908	20	1267	7.49349	0.159215	35.5	50.2
HiC_scaffold_289	1	16758	138	2475	14.7691	1.04899	35.2	43.2
HiC_scaffold_290	1	16602	144	3243	19.5338	1.14679	35.2	42.4
HiC_scaffold_291	1	16449	200	961	5.8423	1.39297	35.3	44.3
HiC_scaffold_292	1	16346	57	3338	20.4209	0.51664	35.4	54
HiC_scaffold_293	1	16263	322	1221	7.50784	2.63518	35.1	42.9
HiC_scaffold_294	1	16061	140	7273	45.2836	1.21269	35.6	51.2
HiC_scaffold_295	1	16000	25	1456	9.1	0.213375	36	56.4
HiC_scaffold_296	1	16000	62	4571	28.5688	0.56475	35.4	51.5
HiC_scaffold_297	1	16000	25	2608	16.3	0.217188	35.7	55
HiC_scaffold_298	1	16000	61	3406	21.2875	0.554875	35.3	42.6
HiC_scaffold_299	1	16000	60	3677	22.9812	0.534813	34.2	42.3
HiC_scaffold_300	1	15603	136	6154	39.4411	1.27392	35.9	46.2
HiC_scaffold_301	1	15565	4	549	3.52714	0.0352714	36.4	55
HiC_scaffold_302	1	15554	210	4395	28.2564	2.01132	35.5	40.9
HiC_scaffold_303	1	15467	161	8203	53.0355	1.53624	35.4	47.5
HiC_scaffold_304	1	15433	67	4235	27.4412	0.63902	35.4	42.4
HiC_scaffold_305	1	15221	45	3038	19.9593	0.43867	35.7	44.2
HiC_scaffold_306	1	15208	13	969	6.37165	0.123685	33	60
HiC_scaffold_307	1	15128	32	1252	8.27604	0.308765	35.1	57.8
HiC_scaffold_308	1	15037	55	4733	31.4757	0.546186	35.7	53.2
HiC_scaffold_309	1	15027	67	4233	28.1693	0.643176	36	55.6
HiC_scaffold_310	1	15014	98	8697	57.9259	0.96077	35	59.1
HiC_scaffold_311	1	15000	111	8188	54.5867	1.08767	35.5	50.8
HiC_scaffold_312	1	14886	137	9857	66.2166	1.36343	35.8	50.3
HiC_scaffold_313	1	14872	58	2736	18.397	0.577528	35.2	44.6
HiC_scaffold_314	1	14743	29	2176	14.7595	0.279455	35.5	57.9
HiC_scaffold_315	1	14719	32	1778	12.0796	0.273796	36.1	49.8
HiC_scaffold_316	1	14619	69	5873	40.1737	0.69437	35.3	52.6
HiC_scaffold_317	1	14567	16	1648	11.3132	0.164481	35.7	46.4
HiC_scaffold_318	1	14553	45	3559	24.4554	0.448155	35.1	46.8
HiC_scaffold_319	1	14548	217	8874	60.9981	2.21336	35.7	48.4
HiC_scaffold_320	1	14465	56	4011	27.729	0.56177	35.6	47
HiC_scaffold_321	1	14408	203	6588	45.7246	2.08218	35.5	43.1
HiC_scaffold_322	1	14386	26	2406	16.7246	0.264146	35.7	44.8
HiC_scaffold_323	1	14298	303	7288	50.9722	2.69115	34.2	46.6
HiC_scaffold_324	1	14091	168	7181	50.9616	1.74182	35.3	51
HiC_scaffold_325	1	14000	77	4069	29.0643	0.796714	35.3	46.2
HiC_scaffold_326	1	14000	58	2948	21.0571	0.613929	35.1	46.1
HiC_scaffold_327	1	13966	87	5064	36.2595	0.925175	35.7	45.1
HiC_scaffold_328	1	13312	207	11916	89.5132	2.24985	35	59.8
HiC_scaffold_329	1	13309	130	8031	60.3426	1.41987	35.9	51.3
HiC_scaffold_330	1	13245	115	7060	53.3031	1.23541	36.1	54.8
HiC_scaffold_331	1	13138	199	11725	89.2449	2.19866	35.4	59.4
HiC_scaffold_332	1	13083	8	1041	7.95689	0.0913399	36.7	44.4
HiC_scaffold_333	1	13000	51	3026	23.2769	0.564	35.3	45.3
HiC_scaffold_334	1	13000	32	2980	22.9231	0.367923	35.2	52.4
HiC_scaffold_335	1	13000	65	3106	23.8923	0.722692	35.2	53.4
HiC_scaffold_336	1	12527	332	5245	41.8696	3.82047	35.3	39.6
HiC_scaffold_337	1	12325	34	2587	20.9899	0.41355	36.2	42.6
HiC_scaffold_338	1	12210	13	1121	9.181	0.140377	33.9	53.3
HiC_scaffold_339	1	12140	141	8917	73.4514	1.67117	35.4	56.8
HiC_scaffold_340	1	12103	158	4346	35.9085	1.92142	35.2	45.7
HiC_scaffold_341	1	11792	2	245	2.07768	0.0207768	35.9	60
HiC_scaffold_342	1	11769	66	1595	13.5526	0.832951	35.8	40.7
HiC_scaffold_343	1	11768	85	6500	55.2345	1.0198	35.6	52.4
HiC_scaffold_344	1	11552	172	9614	83.2237	2.16274	35.5	57
HiC_scaffold_345	1	11294	38	2397	21.2237	0.490526	35	50.5
HiC_scaffold_346	1	11220	140	8995	80.1693	1.83164	35.7	58.1
HiC_scaffold_347	1	11009	1036	5824	52.9022	13.1569	35	42.1
HiC_scaffold_348	1	11007	69	5007	45.4892	0.895339	35.5	50.2
HiC_scaffold_349	1	11000	92	7222	65.6545	1.21391	35.6	54.8
HiC_scaffold_350	1	10932	60	2899	26.5185	0.810831	35.9	44.7
HiC_scaffold_351	1	10903	90	5721	52.4718	1.20196	35.5	56.7
HiC_scaffold_352	1	10862	135	8007	73.7157	1.78383	35.6	57.7
HiC_scaffold_353	1	10825	26	1781	16.4527	0.350947	35.3	54.8
HiC_scaffold_354	1	10780	115	7980	74.026	1.54805	35.3	54
HiC_scaffold_355	1	10606	19	1273	12.0026	0.255233	36.2	60
HiC_scaffold_356	1	10316	12	671	6.50446	0.157038	36.2	60
HiC_scaffold_357	1	10313	141	8751	84.8541	1.99379	35.6	56.9
HiC_scaffold_358	1	10116	29	1600	15.8165	0.42675	36	42.4
HiC_scaffold_359	1	9728	965	4204	43.2155	13.3211	35.3	41
HiC_scaffold_360	1	9582	96	3882	40.5135	1.44208	35.2	52
HiC_scaffold_361	1	9577	6	526	5.49233	0.0930354	34.7	50.3
HiC_scaffold_362	1	9324	42	3323	35.6392	0.665594	35.7	46.8
HiC_scaffold_363	1	9309	152	8237	88.4843	2.31185	35.6	59.5
HiC_scaffold_364	1	9000	20	1378	15.3111	0.300333	34.7	47.4
HiC_scaffold_365	1	8972	44	2782	31.0076	0.724699	36.2	48.8
HiC_scaffold_366	1	8717	3	259	2.97121	0.0473787	34.8	60
HiC_scaffold_367	1	8598	99	3446	40.0791	1.58874	34.6	50.2
HiC_scaffold_368	1	8517	34	2689	31.5721	0.595985	35.1	51.4
HiC_scaffold_369	1	8159	49	3678	45.0791	0.899743	35.3	50.9
HiC_scaffold_370	1	8000	14	532	6.65	0.236625	36.5	40.4
HiC_scaffold_371	1	7755	10	900	11.6054	0.193424	36.4	50.4
HiC_scaffold_372	1	7349	29	1917	26.0852	0.538032	35.7	58.7
HiC_scaffold_373	1	7312	86	5381	73.5914	1.64989	35.5	51.2
HiC_scaffold_374	1	7226	42	2978	41.2123	0.855522	36.1	57
HiC_scaffold_375	1	7101	12	1376	19.3776	0.24912	36	53.8
HiC_scaffold_376	1	7000	113	3625	51.7857	2.21	34.9	39.9
HiC_scaffold_377	1	7000	68	3975	56.7857	1.42829	35.9	58.2
HiC_scaffold_378	1	7000	88	2316	33.0857	1.873	35.6	41.7
HiC_scaffold_379	1	6605	127	3561	53.9137	2.57487	35.2	47.1
HiC_scaffold_380	1	6537	85	5347	81.7959	1.91403	35.8	57.5
HiC_scaffold_381	1	6484	43	3325	51.2801	0.970543	34.9	59.9
HiC_scaffold_382	1	6459	36	2956	45.7656	0.830624	35.6	52.6
HiC_scaffold_383	1	6245	18	1833	29.3515	0.414412	35.4	51.5
HiC_scaffold_384	1	6125	76	5140	83.9184	1.83886	35.6	49
HiC_scaffold_385	1	6000	60	3827	63.7833	1.42	35.6	53.5
HiC_scaffold_386	1	6000	24	2051	34.1833	0.584167	35.4	53.9
HiC_scaffold_387	1	6000	79	4565	76.0833	1.9395	35.6	50.5
HiC_scaffold_388	1	5993	32	2611	43.5675	0.756883	36	47.2
HiC_scaffold_389	1	5821	31	3047	52.345	0.769971	36	50.3
HiC_scaffold_390	1	5673	61	4286	75.5509	1.6018	35.6	52.9
HiC_scaffold_391	1	5000	18	1255	25.1	0.4974	35.6	56.7
HiC_scaffold_392	1	5000	48	2747	54.94	1.388	35.7	53.7
HiC_scaffold_393	1	4994	2375	3797	76.0312	63.323	35.2	46.7
HiC_scaffold_394	1	4893	60	3753	76.7014	1.79072	36	51.2
HiC_scaffold_395	1	4891	51	3894	79.6156	1.44919	35.1	56.5
HiC_scaffold_396	1	4877	10	1095	22.4523	0.307361	36.1	46.4
HiC_scaffold_397	1	4000	25	1276	31.9	0.85075	35.2	49.6
HiC_scaffold_398	1	4000	49	3274	81.85	1.72675	35.1	58.8
HiC_scaffold_399	1	4000	13	1350	33.75	0.4775	36.3	54.6
HiC_scaffold_400	1	4000	304	886	22.15	10.3387	34.9	46.2
HiC_scaffold_401	1	3971	44	2986	75.1952	1.5452	35.2	59.2
HiC_scaffold_402	1	3919	21	1196	30.518	0.751978	35.8	54.4
HiC_scaffold_403	1	3281	47	2507	76.4096	2.01128	36.1	57.7
HiC_scaffold_405	1	3259	42	2745	84.2283	1.77815	35.4	58.9
HiC_scaffold_406	1	3042	6	724	23.8001	0.294214	33.7	41.8
HiC_scaffold_407	1	3035	25	2021	66.5898	1.13542	35.9	59
HiC_scaffold_408	1	3003	4	379	12.6207	0.19647	35.7	41.8
HiC_scaffold_409	1	3003	30	2453	81.685	1.47453	35.5	50.2
HiC_scaffold_410	1	3000	20	1625	54.1667	0.999667	34.4	57.1
HiC_scaffold_411	1	3000	134	1989	66.3	6.55567	35.5	43
HiC_scaffold_412	1	3000	49	2844	94.8	2.289	35.6	57.4
HiC_scaffold_413	1	3000	46	2410	80.3333	2.24933	35.3	57.7
HiC_scaffold_414	1	3000	33	1893	63.1	1.61567	35.1	52.8
HiC_scaffold_415	1	2897	25	2337	80.6697	1.26752	34.9	55
HiC_scaffold_416	1	2563	69	1246	48.6149	3.25127	35.2	48.9
HiC_scaffold_417	1	2259	35	2107	93.2714	2.2811	35.2	60
HiC_scaffold_418	1	2125	13	1005	47.2941	0.875765	35.3	57.2
HiC_scaffold_419	1	2021	40	2016	99.7526	2.83028	35.4	60
HiC_scaffold_420	1	2000	18	1436	71.8	1.246	36	60
HiC_scaffold_421	1	2000	28	1480	74	2.0105	35.5	50.2
HiC_scaffold_422	1	2000	18	1243	62.15	1.2585	35.6	59.2
HiC_scaffold_423	1	1676	1	146	8.71122	0.0871122	36.5	60
HiC_scaffold_424	1	1484	11	717	48.3154	1.00404	35.9	49.1
HiC_scaffold_425	1	1447	12	876	60.539	1.23981	35	55.1
HiC_scaffold_426	1	1382	6	505	36.5412	0.621563	36.7	60
HiC_scaffold_427	1	1353	24	1221	90.2439	2.27864	35.9	60
HiC_scaffold_429	1	1175	25	1128	96	2.93191	36.2	60
HiC_scaffold_430	1	1138	15	816	71.7047	1.66344	36	59.1
HiC_scaffold_431	1	1108	22	1096	98.917	2.68682	35.5	60
HiC_scaffold_432	1	1097	25	1074	97.9034	3.21513	35.4	59.2
HiC_scaffold_433	1	1005	56	689	68.5572	7.75323	35.4	46.4
HiC_scaffold_434	1	1000	18	951	95.1	2.325	35.6	59.8
HiC_scaffold_435	1	1000	23	915	91.5	3.1	34.4	60
HiC_scaffold_436	1	1000	7	405	40.5	0.855	36.6	60
HiC_scaffold_437	1	1000	24	1000	100	3.421	35.6	60
HiC_scaffold_438	1	1000	12	826	82.6	1.485	36	60
HiC_scaffold_439	1	1000	22	892	89.2	2.973	35.7	60
HiC_scaffold_440	1	1000	14	911	91.1	1.713	35.4	60
HiC_scaffold_441	1	1000	24	876	87.6	3.295	35.5	60
HiC_scaffold_442	1	1000	14	965	96.5	1.906	36.4	60
HiC_scaffold_443	1	1000	21	816	81.6	2.509	35.4	60
HiC_scaffold_444	1	1000	12	816	81.6	1.674	34.6	60
HiC_scaffold_445	1	1000	22	991	99.1	3.2	36	60
HiC_scaffold_446	1	1000	17	782	78.2	2.538	35.2	41.7
HiC_scaffold_447	1	1000	29	968	96.8	4.005	35.5	55.1
HiC_scaffold_448	1	1000	13	800	80	1.854	35.6	55.8
HiC_scaffold_449	1	1000	28	938	93.8	3.71	36.2	60
HiC_scaffold_450	1	1000	9	800	80	1.348	34.9	55.2
HiC_scaffold_451	1	1000	3	300	30	0.401	36.3	52.3
HiC_scaffold_452	1	1000	24	887	88.7	3.29	34.9	60
HiC_scaffold_453	1	1000	58	712	71.2	7.244	34.6	46
HiC_scaffold_454	1	2000	2	233	11.65	0.1165	31.6	45
mitochondria	1	17813	88767	17609	98.8548	721.64	35.5	59.3
HiC_scaffold_219	1	22812	0	0	0	0	0	0
HiC_scaffold_404	1	3264	0	0	0	0	0	0
HiC_scaffold_428	1	1184	0	0	0	0	0	0
