#rname	startpos	endpos	numreads	covbases	coverage	meandepth	meanbaseq	meanmapq
HiC_scaffold_1	1	75050035	770605	55228751	73.5892	1.50107	35.5	59.1
HiC_scaffold_2	1	56816963	582530	41793245	73.5577	1.49784	35.5	59.2
HiC_scaffold_3	1	109611085	1081670	78498745	71.6157	1.4437	35.5	58.7
HiC_scaffold_4	1	81599725	827067	59304472	72.6773	1.48185	35.5	59.1
HiC_scaffold_5	1	72353455	747014	53568639	74.0374	1.50981	35.5	59.3
HiC_scaffold_6	1	67692486	696820	49761581	73.5112	1.50441	35.5	59.2
HiC_scaffold_7	1	59159807	604947	43110728	72.8717	1.49343	35.5	59
HiC_scaffold_8	1	13479537	71829	6935567	51.4526	0.782426	35.5	59.5
HiC_scaffold_9	1	58964884	606373	43286890	73.4113	1.50219	35.5	59.1
HiC_scaffold_10	1	36732878	375600	26666860	72.5967	1.49106	35.5	59
HiC_scaffold_11	1	27384	306	7045	25.7267	1.64739	34.9	42.9
HiC_scaffold_12	1	33592	574	6537	19.46	2.24491	34.9	45.3
HiC_scaffold_13	1	184337	6753	144433	78.3527	5.18193	35.5	53.8
HiC_scaffold_14	1	85992	2353	45158	52.5142	3.7915	34.8	44.5
HiC_scaffold_15	1	87022	696	24555	28.217	1.10099	35.1	45.7
HiC_scaffold_16	1	89609	2389	9798	10.9342	2.89102	35.7	50.6
HiC_scaffold_17	1	164154	2237	52912	32.2331	1.97831	35.4	50.9
HiC_scaffold_18	1	104921	84	6487	6.18275	0.115716	35.7	41.7
HiC_scaffold_19	1	103720	456	31912	30.7675	0.629628	35.5	46.5
HiC_scaffold_20	1	90353	698	30073	33.2839	1.10014	35.3	49.8
HiC_scaffold_21	1	85252	369	24610	28.8674	0.624771	35.4	47.3
HiC_scaffold_22	1	80500	453	20495	25.4596	0.835851	35.5	46.4
HiC_scaffold_23	1	75743	277	19569	25.8361	0.533673	35.9	54.5
HiC_scaffold_24	1	75592	1135	19290	25.5186	2.12339	35.3	43.8
HiC_scaffold_25	1	72691	908	33619	46.2492	1.77646	35.4	53.3
HiC_scaffold_26	1	71458	609	35667	49.9132	1.24791	35.4	48
HiC_scaffold_27	1	70045	2205	52933	75.57	4.43368	35.3	51.6
HiC_scaffold_28	1	68558	153	6740	9.83109	0.297967	35.5	54.3
HiC_scaffold_29	1	68222	838	20836	30.5415	1.82393	35.4	44.3
HiC_scaffold_30	1	67017	623	36023	53.752	1.35961	35.3	48.6
HiC_scaffold_31	1	65972	86	8945	13.5588	0.192233	35.3	48.2
HiC_scaffold_32	1	64000	642	33678	52.6219	1.40981	35.4	50.3
HiC_scaffold_33	1	62684	511	15718	25.075	1.00967	35.4	43.2
HiC_scaffold_34	1	60035	460	29823	49.676	1.04836	35.3	56
HiC_scaffold_35	1	59483	104	10388	17.4638	0.255535	35.1	49.9
HiC_scaffold_36	1	58601	811	7190	12.2694	2.00522	34.9	45.8
HiC_scaffold_37	1	57907	143	9889	17.0774	0.357124	35.5	51.6
HiC_scaffold_38	1	57623	244	2919	5.06569	0.592073	35	37.5
HiC_scaffold_39	1	56881	578	17863	31.4042	1.15772	35.5	48.7
HiC_scaffold_40	1	56115	358	6647	11.8453	0.83099	35.5	37.9
HiC_scaffold_41	1	55753	496	20651	37.0402	1.2762	35.2	41.6
HiC_scaffold_42	1	55361	107	4776	8.62701	0.27597	34.7	46.8
HiC_scaffold_43	1	55333	493	9453	17.0838	1.26402	35.1	39.1
HiC_scaffold_44	1	54697	1720	50703	92.698	4.66784	35.5	55.4
HiC_scaffold_45	1	54079	53	2899	5.36068	0.119529	35.6	48.1
HiC_scaffold_46	1	53000	286	7730	14.5849	0.799283	35.4	40.7
HiC_scaffold_47	1	52728	934	20892	39.6222	2.4791	34.9	46.2
HiC_scaffold_48	1	52696	303	21301	40.4224	0.842777	35.5	52.4
HiC_scaffold_49	1	52574	76	5704	10.8495	0.214707	35.1	41.6
HiC_scaffold_50	1	52452	26	784	1.4947	0.0218485	36.1	50.5
HiC_scaffold_51	1	52291	229	7918	15.1422	0.589031	35.2	46.8
HiC_scaffold_52	1	50660	347	27957	55.1856	1.01447	35.7	56.3
HiC_scaffold_53	1	50444	944	31336	62.1204	2.7631	35.7	55.8
HiC_scaffold_54	1	50000	560	39588	79.176	1.62584	35.4	59.6
HiC_scaffold_55	1	49402	81	7039	14.2484	0.239585	35.6	46.2
HiC_scaffold_56	1	48994	226	8324	16.9898	0.648488	35.6	42.5
HiC_scaffold_57	1	48961	110	6560	13.3984	0.330324	35.3	42.2
HiC_scaffold_58	1	48913	351	26890	54.9752	1.06242	35.9	50.6
HiC_scaffold_59	1	48516	452	13906	28.6627	1.37136	35.5	47.7
HiC_scaffold_60	1	48449	326	27212	56.1663	0.998865	35.5	52.4
HiC_scaffold_61	1	48102	107	8631	17.9431	0.328302	34.6	49.5
HiC_scaffold_62	1	47095	411	32898	69.8545	1.28211	35.5	56.1
HiC_scaffold_63	1	45946	657	26711	58.1356	2.10073	35.5	51.5
HiC_scaffold_64	1	45702	167	5025	10.9951	0.483086	35	46.2
HiC_scaffold_65	1	45164	358	11581	25.6421	1.08429	34.9	42
HiC_scaffold_66	1	45000	713	7675	17.0556	2.19353	35.2	46.6
HiC_scaffold_67	1	44932	568	10444	23.244	1.5783	35.1	41.2
HiC_scaffold_68	1	44535	51	5494	12.3364	0.170518	35.7	45.3
HiC_scaffold_69	1	43359	286	12622	29.1104	0.968357	35.7	43.3
HiC_scaffold_70	1	43000	226	7632	17.7488	0.677674	35.2	40.9
HiC_scaffold_71	1	42000	326	13965	33.25	1.0014	35.3	47.6
HiC_scaffold_72	1	41780	41	2317	5.54572	0.14629	35.5	38.7
HiC_scaffold_73	1	41131	54	4063	9.87819	0.190197	34.8	49
HiC_scaffold_74	1	41000	151	11812	28.8098	0.546537	35.1	56.3
HiC_scaffold_75	1	40673	178	5535	13.6085	0.646866	35.4	42.1
HiC_scaffold_76	1	40021	192	4988	12.4635	0.652582	34.9	40.5
HiC_scaffold_77	1	40000	81	5960	14.9	0.284975	35.7	48.2
HiC_scaffold_78	1	39995	134	15015	37.5422	0.492837	35.7	54.2
HiC_scaffold_79	1	39987	34	3636	9.09296	0.127516	35.8	42.9
HiC_scaffold_80	1	39907	58	4340	10.8753	0.205152	35.9	52.7
HiC_scaffold_81	1	39785	296	6010	15.1062	0.92472	35.2	43.6
HiC_scaffold_82	1	39714	1074	10706	26.9577	3.74374	35.3	44.2
HiC_scaffold_83	1	39603	135	11212	28.311	0.501275	35.6	52.5
HiC_scaffold_84	1	39032	1202	23536	60.2992	4.248	35.2	48.8
HiC_scaffold_85	1	38821	267	8743	22.5213	0.979006	35.5	44.2
HiC_scaffold_86	1	38551	203	4046	10.4952	0.661384	35	47.6
HiC_scaffold_87	1	38336	253	6829	17.8135	0.985105	35.2	39.6
HiC_scaffold_88	1	38081	197	7324	19.2327	0.730128	35.3	55.2
HiC_scaffold_89	1	37423	148	1949	5.20803	0.532587	35.5	45.7
HiC_scaffold_90	1	37049	380	12474	33.6689	1.51653	35.5	42.9
HiC_scaffold_91	1	37000	426	29828	80.6162	1.68168	35.6	59.8
HiC_scaffold_92	1	36719	34	2839	7.73169	0.135625	36	55.1
HiC_scaffold_93	1	36624	187	5581	15.2386	0.684196	35.4	40.2
HiC_scaffold_94	1	36550	149	4496	12.301	0.610834	35.4	39.8
HiC_scaffold_95	1	35915	924	16606	46.2369	3.57706	35.1	44.9
HiC_scaffold_96	1	35569	262	10464	29.4189	1.08783	35.8	46.2
HiC_scaffold_97	1	35569	70	5035	14.1556	0.280975	35.4	45.4
HiC_scaffold_98	1	35521	159	4663	13.1274	0.461276	35.5	50.7
HiC_scaffold_99	1	35305	967	24970	70.7265	3.61952	35.5	57.9
HiC_scaffold_100	1	35285	305	23506	66.6175	1.26773	35.5	57.6
HiC_scaffold_101	1	35090	136	10544	30.0484	0.4945	34.9	53.7
HiC_scaffold_102	1	34736	45	5235	15.0708	0.191933	35.7	49.4
HiC_scaffold_103	1	34662	666	16662	48.0699	2.6216	35.4	41.7
HiC_scaffold_104	1	34539	131	12384	35.8551	0.560786	35.6	50.9
HiC_scaffold_105	1	34367	55	4041	11.7584	0.230425	35.4	51.7
HiC_scaffold_106	1	34092	2	175	0.513317	0.00879972	33.3	31
HiC_scaffold_107	1	34034	857	29353	86.2461	3.61533	35.5	58.5
HiC_scaffold_108	1	34000	133	4269	12.5559	0.579412	35.2	39.3
HiC_scaffold_109	1	33013	260	9777	29.6156	1.09354	34.9	41.5
HiC_scaffold_110	1	32894	23	1897	5.76701	0.0969478	35.4	47.7
HiC_scaffold_111	1	32703	65	6693	20.466	0.29722	35.7	46.6
HiC_scaffold_112	1	32055	136	9425	29.4026	0.622305	36	54.4
HiC_scaffold_113	1	31996	163	3323	10.3857	0.472809	35.1	46
HiC_scaffold_114	1	31869	125	4882	15.319	0.477517	35.6	49.2
HiC_scaffold_115	1	31497	384	12215	38.7815	1.77687	35.6	42.6
HiC_scaffold_116	1	31452	170	13171	41.8765	0.789489	35.4	55
HiC_scaffold_117	1	31435	124	11212	35.6672	0.581804	36	48.8
HiC_scaffold_118	1	31168	191	13943	44.735	0.8767	35.3	56.8
HiC_scaffold_119	1	31094	41	3288	10.5744	0.197691	36	47.9
HiC_scaffold_120	1	31000	122	8497	27.4097	0.572387	35.5	46.6
HiC_scaffold_121	1	30892	57	2457	7.95352	0.271106	35.2	37.7
HiC_scaffold_122	1	30671	235	6714	21.8904	1.13912	35.5	38.9
HiC_scaffold_123	1	30159	332	22883	75.8745	1.60251	35.7	60
HiC_scaffold_124	1	30112	22	2433	8.07984	0.109524	35.9	40.6
HiC_scaffold_125	1	30000	100	2854	9.51333	0.4932	35.4	38.1
HiC_scaffold_126	1	30000	20	2046	6.82	0.0984333	35.9	54.4
HiC_scaffold_127	1	29632	301	5292	17.8591	1.33997	35.1	44.3
HiC_scaffold_128	1	29216	82	7556	25.8625	0.416758	35.6	48.5
HiC_scaffold_129	1	29000	32	2369	8.16897	0.156103	35.5	55.7
HiC_scaffold_130	1	28743	13	1535	5.34043	0.0672859	36.3	52.6
HiC_scaffold_131	1	28267	416	9495	33.5904	2.19581	35.6	40.3
HiC_scaffold_132	1	28006	180	6092	21.7525	0.950796	34.9	42.2
HiC_scaffold_133	1	27859	84	7777	27.9156	0.445278	35.4	56
HiC_scaffold_134	1	27837	371	22215	79.8039	1.88415	35.5	59.5
HiC_scaffold_135	1	27503	248	5129	18.6489	1.34574	35.5	38.1
HiC_scaffold_136	1	27405	323	22382	81.6712	1.70476	35.4	60
HiC_scaffold_137	1	27128	12	1642	6.05279	0.0663521	35.1	37.5
HiC_scaffold_138	1	27000	104	8325	30.8333	0.550481	35.4	54
HiC_scaffold_139	1	26958	44	3439	12.7569	0.234402	35	43.7
HiC_scaffold_140	1	26822	27	1399	5.21587	0.132913	35.4	37.7
HiC_scaffold_141	1	26714	324	8423	31.5303	1.66781	35.3	43.6
HiC_scaffold_142	1	26597	233	9141	34.3685	1.20461	35.2	49.5
HiC_scaffold_143	1	26526	57	2526	9.52273	0.283307	35	50.1
HiC_scaffold_144	1	26403	170	4870	18.4449	0.945233	35.5	42.8
HiC_scaffold_145	1	26321	401	11843	44.9945	2.25398	35.1	40.9
HiC_scaffold_146	1	26302	183	2724	10.3566	0.88096	34.9	38.1
HiC_scaffold_147	1	26228	69	4952	18.8806	0.375896	35.8	51.7
HiC_scaffold_148	1	26220	317	5466	20.8467	1.78856	35.3	38.9
HiC_scaffold_149	1	26169	46	4904	18.7397	0.263403	35.2	51.4
HiC_scaffold_150	1	26140	345	22038	84.3076	1.9088	35.3	59.6
HiC_scaffold_151	1	25970	44	3376	12.9996	0.24948	35.2	38.4
HiC_scaffold_152	1	25914	63	3937	15.1926	0.330208	35.5	43
HiC_scaffold_153	1	25756	11	1244	4.82994	0.0640627	35.1	40.4
HiC_scaffold_154	1	25701	71	5885	22.8979	0.391463	35.4	54.8
HiC_scaffold_155	1	25484	474	11359	44.5731	2.71131	35.4	41.7
HiC_scaffold_156	1	25347	1909	14043	55.403	10.4416	34.9	44.8
HiC_scaffold_157	1	25300	163	6119	24.1858	0.963755	35.5	42.3
HiC_scaffold_158	1	25137	295	9372	37.2837	1.66885	35.3	39.3
HiC_scaffold_159	1	25068	49	2807	11.1975	0.287618	35.7	47.7
HiC_scaffold_160	1	25021	189	14008	55.985	1.09436	35.7	56.2
HiC_scaffold_161	1	25021	20	2368	9.46405	0.116622	36.2	52
HiC_scaffold_162	1	25013	397	2071	8.27969	1.83513	35.3	44.4
HiC_scaffold_163	1	25000	8	543	2.172	0.04632	34.4	38
HiC_scaffold_164	1	25000	26	1031	4.124	0.147	34.9	36.5
HiC_scaffold_165	1	25000	8	544	2.176	0.04764	35.7	36.8
HiC_scaffold_166	1	25000	78	2545	10.18	0.43264	34.9	39.2
HiC_scaffold_167	1	25000	210	16947	67.788	1.21752	35.3	58.8
HiC_scaffold_168	1	25000	269	19356	77.424	1.56596	35.6	60
HiC_scaffold_169	1	25000	272	18735	74.94	1.58736	35.6	59.2
HiC_scaffold_170	1	25000	277	19060	76.24	1.60384	35.5	59.8
HiC_scaffold_171	1	25000	293	20079	80.316	1.71152	35.8	60
HiC_scaffold_172	1	25000	277	18584	74.336	1.62928	35.5	59.9
HiC_scaffold_173	1	25000	250	18263	73.052	1.46316	35.4	59.9
HiC_scaffold_174	1	25000	283	20260	81.04	1.6386	35.3	59.8
HiC_scaffold_175	1	25000	260	19488	77.952	1.5186	35.6	60
HiC_scaffold_176	1	25000	254	18802	75.208	1.48212	35.4	59.3
HiC_scaffold_177	1	25000	306	18978	75.912	1.76036	35.5	59.9
HiC_scaffold_178	1	25000	275	19326	77.304	1.60748	35.3	59.5
HiC_scaffold_179	1	25000	263	19235	76.94	1.53256	35.2	59.6
HiC_scaffold_180	1	25000	299	17663	70.652	1.73912	35.4	56.4
HiC_scaffold_181	1	25000	307	20827	83.308	1.79584	35.6	60
HiC_scaffold_182	1	25000	271	18757	75.028	1.58616	35.4	59.9
HiC_scaffold_183	1	25000	101	3928	15.712	0.6012	35.9	42.9
HiC_scaffold_184	1	25000	264	19452	77.808	1.54496	35.4	59.8
HiC_scaffold_185	1	25000	257	18355	73.42	1.47644	35.6	59.5
HiC_scaffold_186	1	25000	301	20285	81.14	1.75088	35.6	59.6
HiC_scaffold_188	1	24887	76	2996	12.0384	0.408205	34.7	41.2
HiC_scaffold_189	1	24881	495	14959	60.1222	2.40107	35.1	45.1
HiC_scaffold_190	1	24860	183	14096	56.7015	1.07619	35.7	56.6
HiC_scaffold_191	1	24785	133	10140	40.9118	0.783619	35.8	49.9
HiC_scaffold_192	1	24606	21	1963	7.97773	0.115866	34.7	44.3
HiC_scaffold_193	1	24582	118	3016	12.2691	0.691685	35.1	47.6
HiC_scaffold_194	1	24552	784	12479	50.8268	4.39919	35.2	46.3
HiC_scaffold_195	1	24515	77	6952	28.3581	0.469672	35.5	51
HiC_scaffold_196	1	24429	100	4774	19.5423	0.504278	35.4	48.4
HiC_scaffold_197	1	24404	82	6347	26.008	0.487502	35.3	55
HiC_scaffold_198	1	24065	179	14006	58.2007	1.0947	35.4	57.2
HiC_scaffold_199	1	24034	77	7000	29.1254	0.475909	35.4	49.6
HiC_scaffold_200	1	24000	27	1010	4.20833	0.159958	35.2	48.2
HiC_scaffold_201	1	24000	758	3868	16.1167	4.70812	35.5	45.4
HiC_scaffold_202	1	23940	197	4247	17.7402	1.15188	35.4	37.8
HiC_scaffold_203	1	23878	124	2879	12.0571	0.777368	35.9	36.9
HiC_scaffold_204	1	23813	83	7352	30.8739	0.520724	35.8	54.2
HiC_scaffold_205	1	23764	49	4868	20.4848	0.295152	35.2	52.7
HiC_scaffold_206	1	23660	11	859	3.6306	0.069738	35.8	46.9
HiC_scaffold_207	1	23581	185	14502	61.4987	1.16564	35.8	52.8
HiC_scaffold_208	1	23490	55	2981	12.6905	0.339847	35.7	38.9
HiC_scaffold_209	1	23453	117	9039	38.5409	0.738115	35.2	55.4
HiC_scaffold_210	1	23041	52	3632	15.7632	0.320516	35.8	55.9
HiC_scaffold_211	1	23000	351	3258	14.1652	2.28157	35.5	38.8
HiC_scaffold_212	1	23000	97	8709	37.8652	0.624478	35.8	47.3
HiC_scaffold_213	1	23000	27	2517	10.9435	0.165739	34.9	43.7
HiC_scaffold_214	1	23000	141	6092	26.487	0.905783	35.6	38.4
HiC_scaffold_215	1	23000	49	3892	16.9217	0.302174	35.8	57
HiC_scaffold_216	1	22979	2	289	1.25767	0.0125767	33.1	40
HiC_scaffold_217	1	22964	97	3340	14.5445	0.631162	35.8	40.5
HiC_scaffold_218	1	22956	79	8017	34.9233	0.512938	35.5	49.8
HiC_scaffold_219	1	22812	2	220	0.964405	0.00964405	30	50
HiC_scaffold_220	1	22604	122	9982	44.1603	0.798708	35.6	49.5
HiC_scaffold_221	1	22426	20	1882	8.39204	0.133417	35.6	53.7
HiC_scaffold_222	1	22303	135	9108	40.8376	0.901269	35.5	46.4
HiC_scaffold_223	1	22199	76	4407	19.8522	0.504437	36	46.7
HiC_scaffold_224	1	22128	14	1126	5.08858	0.092462	35.1	50.6
HiC_scaffold_225	1	22127	2	300	1.35581	0.0135581	36.7	31
HiC_scaffold_226	1	21688	113	5489	25.3089	0.758161	35.4	49.7
HiC_scaffold_227	1	21648	109	9402	43.4313	0.727365	35.5	53.3
HiC_scaffold_228	1	21608	205	9936	45.983	1.23871	35.4	51.9
HiC_scaffold_229	1	21598	16	673	3.11603	0.111075	36.3	36
HiC_scaffold_230	1	21510	19	1940	9.01906	0.122594	35.6	47.3
HiC_scaffold_231	1	21437	46	2363	11.023	0.317022	34.4	43.7
HiC_scaffold_232	1	21282	100	10106	47.4861	0.695141	35.5	46.7
HiC_scaffold_233	1	20959	122	4584	21.8713	0.788015	34.8	39.8
HiC_scaffold_234	1	20824	9	1003	4.81656	0.0620438	35.3	46
HiC_scaffold_235	1	20622	35	2900	14.0627	0.253855	34.9	56
HiC_scaffold_236	1	20377	64	4007	19.6643	0.468666	35.6	47.1
HiC_scaffold_237	1	20369	82	7290	35.7897	0.586136	35.8	49.5
HiC_scaffold_238	1	20340	19	1697	8.34317	0.139823	35.4	53.6
HiC_scaffold_239	1	20281	36	1941	9.57053	0.257137	34.8	45.3
HiC_scaffold_240	1	20166	23	2467	12.2335	0.170485	35.6	48.5
HiC_scaffold_241	1	20140	151	8405	41.7329	1.10348	35.2	49.9
HiC_scaffold_242	1	20135	205	13529	67.1915	1.47778	35.8	60
HiC_scaffold_243	1	20122	27	2397	11.9123	0.191184	34.4	49.2
HiC_scaffold_244	1	20044	42	2607	13.0064	0.307972	34.9	39.2
HiC_scaffold_245	1	20021	41	2011	10.0445	0.275611	35.5	59
HiC_scaffold_246	1	20000	48	2154	10.77	0.32665	35.3	54.6
HiC_scaffold_247	1	20000	31	2767	13.835	0.2064	35.4	53
HiC_scaffold_248	1	19739	313	8801	44.5869	2.33649	35.5	44
HiC_scaffold_249	1	19737	193	13330	67.5381	1.44201	35.7	56
HiC_scaffold_250	1	19724	18	1152	5.8406	0.127865	35.8	52.2
HiC_scaffold_251	1	19667	3	371	1.88641	0.0188641	34	35
HiC_scaffold_252	1	19649	37	3575	18.1943	0.278844	35.4	52.7
HiC_scaffold_253	1	19394	13	1811	9.33794	0.0994122	35.9	52.5
HiC_scaffold_254	1	19304	93	5010	25.9532	0.712132	35.3	49.6
HiC_scaffold_255	1	19231	23	2211	11.4971	0.179034	35.6	48.3
HiC_scaffold_256	1	19176	69	6618	34.5119	0.526961	35.7	50.6
HiC_scaffold_257	1	19156	1699	7139	37.2677	12.2043	35.1	44
HiC_scaffold_258	1	19143	50	1023	5.34399	0.327535	35.1	46.7
HiC_scaffold_259	1	19058	22	2027	10.636	0.172788	36.4	47.3
HiC_scaffold_260	1	19000	89	4780	25.1579	0.685737	35.3	43.7
HiC_scaffold_261	1	18934	20	1774	9.36939	0.158445	35.3	52.3
HiC_scaffold_262	1	18930	344	8299	43.8405	2.60423	35.2	42.4
HiC_scaffold_263	1	18729	205	14115	75.3644	1.60553	35.9	57.7
HiC_scaffold_264	1	18528	53	2630	14.1947	0.397345	35.5	60
HiC_scaffold_265	1	18283	36	2630	14.3849	0.293661	35.1	42.3
HiC_scaffold_266	1	18272	38	1117	6.11318	0.258975	35.2	41.6
HiC_scaffold_267	1	18066	26	2618	14.4913	0.208403	35.8	46.7
HiC_scaffold_268	1	18044	31	2367	13.1179	0.219907	35.4	43.7
HiC_scaffold_269	1	18026	48	4038	22.401	0.39027	35.8	55.5
HiC_scaffold_270	1	18000	50	2988	16.6	0.409111	35.6	41.2
HiC_scaffold_271	1	18000	78	7233	40.1833	0.635722	35.7	48.6
HiC_scaffold_272	1	18000	65	3589	19.9389	0.534611	35.4	40.7
HiC_scaffold_273	1	17971	295	6929	38.5566	2.44043	35.6	44.8
HiC_scaffold_274	1	17888	33	3211	17.9506	0.274038	35.8	40
HiC_scaffold_275	1	17782	25	3069	17.259	0.208863	35.4	54.2
HiC_scaffold_276	1	17690	38	3492	19.74	0.319163	35.9	45.6
HiC_scaffold_277	1	17675	34	2588	14.6421	0.287864	35.6	42.9
HiC_scaffold_278	1	17531	4	275	1.56865	0.0276082	35.1	60
HiC_scaffold_279	1	17508	273	2942	16.8037	1.37309	35.1	47.8
HiC_scaffold_280	1	17420	86	7189	41.2687	0.735878	35.8	50.4
HiC_scaffold_281	1	17399	31	2273	13.064	0.26651	34.9	58.2
HiC_scaffold_282	1	17398	65	6280	36.0961	0.554776	35.5	50.7
HiC_scaffold_283	1	17257	789	7166	41.5252	5.40256	35	50.4
HiC_scaffold_284	1	17224	211	14094	81.8277	1.79912	35.5	53.6
HiC_scaffold_285	1	17131	68	6900	40.2779	0.585547	35.9	48
HiC_scaffold_286	1	17073	38	2965	17.3666	0.318866	35.7	52.7
HiC_scaffold_287	1	17000	49	2778	16.3412	0.417353	35.1	41.1
HiC_scaffold_288	1	16908	16	1121	6.63	0.105985	35.6	54.2
HiC_scaffold_289	1	16758	74	1926	11.493	0.575606	35	43.4
HiC_scaffold_290	1	16602	83	2538	15.2873	0.644139	35.1	43.7
HiC_scaffold_291	1	16449	118	430	2.61414	0.721989	35.2	42.7
HiC_scaffold_292	1	16346	49	2808	17.1785	0.431298	35.1	52.1
HiC_scaffold_293	1	16263	306	1436	8.82986	2.53379	35	41.6
HiC_scaffold_294	1	16061	83	5684	35.3901	0.749829	35.7	55.1
HiC_scaffold_295	1	16000	8	801	5.00625	0.0675625	34.9	53.1
HiC_scaffold_296	1	16000	57	4064	25.4	0.516125	35.2	49.3
HiC_scaffold_297	1	16000	22	2221	13.8812	0.20625	35.7	53.8
HiC_scaffold_298	1	16000	90	3982	24.8875	0.841625	35.1	42.5
HiC_scaffold_299	1	16000	58	3069	19.1812	0.534625	35.3	44.4
HiC_scaffold_300	1	15603	133	5891	37.7556	1.25027	35.4	45.7
HiC_scaffold_301	1	15565	11	801	5.14616	0.096627	36.2	58.2
HiC_scaffold_302	1	15554	170	3950	25.3954	1.62891	35.6	37.9
HiC_scaffold_303	1	15467	117	8363	54.07	1.11101	35.3	47.4
HiC_scaffold_304	1	15433	28	1919	12.4344	0.266636	35.5	37.5
HiC_scaffold_305	1	15221	26	2197	14.434	0.254648	35.9	45.5
HiC_scaffold_306	1	15208	14	1035	6.80563	0.137954	36.1	60
HiC_scaffold_307	1	15128	19	1103	7.29112	0.173123	35	54.5
HiC_scaffold_308	1	15037	37	3806	25.3109	0.368425	35.2	53.3
HiC_scaffold_309	1	15027	68	4822	32.0889	0.665203	35.4	50.5
HiC_scaffold_310	1	15014	74	6008	40.016	0.708605	35.1	59.2
HiC_scaffold_311	1	15000	78	6813	45.42	0.778	35.4	51.2
HiC_scaffold_312	1	14886	90	7754	52.0892	0.896278	35.5	50
HiC_scaffold_313	1	14872	64	2632	17.6977	0.642348	35.1	39.8
HiC_scaffold_314	1	14743	19	1706	11.5716	0.188361	36.1	58.1
HiC_scaffold_315	1	14719	16	1140	7.74509	0.146749	35.8	45.1
HiC_scaffold_316	1	14619	78	5581	38.1763	0.778029	35.3	53.5
HiC_scaffold_317	1	14567	18	1918	13.1667	0.18384	36.3	47
HiC_scaffold_318	1	14553	24	2577	17.7077	0.244348	35.1	43.9
HiC_scaffold_319	1	14548	234	9125	62.7234	2.36692	35.7	47.7
HiC_scaffold_320	1	14465	69	3416	23.6156	0.712617	35.4	44.8
HiC_scaffold_321	1	14408	140	6838	47.4597	1.419	35.4	44.4
HiC_scaffold_322	1	14386	26	2669	18.5528	0.267691	36.2	46.1
HiC_scaffold_323	1	14298	104	4101	28.6823	0.818996	33.9	46.8
HiC_scaffold_324	1	14091	140	7035	49.9255	1.47633	35.1	48.4
HiC_scaffold_325	1	14000	52	2365	16.8929	0.5365	35.3	48.8
HiC_scaffold_326	1	14000	27	2148	15.3429	0.280214	35.6	45.4
HiC_scaffold_327	1	13966	59	4969	35.5793	0.630674	35.7	45.1
HiC_scaffold_328	1	13312	162	10997	82.6097	1.7675	35.5	60
HiC_scaffold_329	1	13309	65	6517	48.9669	0.732286	35.9	49.5
HiC_scaffold_330	1	13245	77	5551	41.9102	0.849679	35.1	54.9
HiC_scaffold_331	1	13138	156	10675	81.2529	1.71609	35.3	59.1
HiC_scaffold_332	1	13083	2	300	2.29305	0.0229305	35.1	44
HiC_scaffold_333	1	13000	30	2430	18.6923	0.337692	35.2	51.7
HiC_scaffold_334	1	13000	48	2773	21.3308	0.499923	35	54.9
HiC_scaffold_335	1	13000	54	3021	23.2385	0.604923	34.1	52.1
HiC_scaffold_336	1	12527	251	4711	37.6068	2.9145	35.2	39.3
HiC_scaffold_337	1	12325	21	2129	17.2738	0.255416	36.1	43.1
HiC_scaffold_338	1	12210	13	1308	10.7125	0.153972	35.5	50.7
HiC_scaffold_339	1	12140	103	7724	63.6244	1.19357	35.3	55.8
HiC_scaffold_340	1	12103	177	4292	35.4623	2.17409	35.1	47.7
HiC_scaffold_341	1	11792	7	768	6.51289	0.082344	36.2	50
HiC_scaffold_342	1	11769	52	1464	12.4395	0.661144	35.4	39.3
HiC_scaffold_343	1	11768	50	4762	40.4657	0.610044	35.8	53.6
HiC_scaffold_344	1	11552	75	5793	50.1472	0.888764	35.2	57.6
HiC_scaffold_345	1	11294	37	2048	18.1335	0.472286	35.6	50.9
HiC_scaffold_346	1	11220	115	8041	71.6667	1.48797	35.3	57.7
HiC_scaffold_347	1	11009	982	6031	54.7825	12.4666	35.1	42.1
HiC_scaffold_348	1	11007	62	4573	41.5463	0.821841	35.8	53.7
HiC_scaffold_349	1	11000	31	2939	26.7182	0.413273	34.6	53.5
HiC_scaffold_350	1	10932	71	3399	31.0922	0.953256	35.6	43.6
HiC_scaffold_351	1	10903	117	6489	59.5157	1.56929	35.5	56.9
HiC_scaffold_352	1	10862	94	7007	64.5093	1.22418	35.6	57.7
HiC_scaffold_353	1	10825	23	1823	16.8406	0.287483	35.5	54.8
HiC_scaffold_354	1	10780	106	7090	65.7699	1.44137	35.5	55.1
HiC_scaffold_355	1	10606	8	782	7.37318	0.0958891	35.4	52.5
HiC_scaffold_356	1	10316	12	613	5.94223	0.149573	36.1	60
HiC_scaffold_357	1	10313	98	7630	73.9843	1.39998	35.7	57.3
HiC_scaffold_358	1	10116	27	2366	23.3887	0.398478	35.5	50.2
HiC_scaffold_359	1	9728	431	3065	31.507	5.81147	35.5	40.3
HiC_scaffold_360	1	9582	24	1644	17.1572	0.366312	34.1	51.2
HiC_scaffold_361	1	9577	26	2848	29.7379	0.398977	35.2	46.6
HiC_scaffold_362	1	9324	19	2546	27.3059	0.304054	36.4	43.5
HiC_scaffold_363	1	9309	98	7085	76.1091	1.55248	35.2	59.6
HiC_scaffold_364	1	9000	11	1015	11.2778	0.16	35.7	51.4
HiC_scaffold_365	1	8972	6	900	10.0312	0.100312	34.5	43.8
HiC_scaffold_366	1	8717	4	252	2.8909	0.0494436	36	57.2
HiC_scaffold_367	1	8598	34	2285	26.5759	0.469528	34.5	44.9
HiC_scaffold_368	1	8517	13	962	11.2951	0.221087	34.6	57.5
HiC_scaffold_369	1	8159	30	3094	37.9213	0.524329	36.1	48.4
HiC_scaffold_370	1	8000	12	609	7.6125	0.1995	35.1	43.5
HiC_scaffold_371	1	7755	6	515	6.64088	0.115409	35.2	57.7
HiC_scaffold_372	1	7349	36	3278	44.6047	0.709484	35.3	52.9
HiC_scaffold_373	1	7312	46	3655	49.9863	0.866658	36.1	53.5
HiC_scaffold_374	1	7226	21	2179	30.155	0.415998	36	55
HiC_scaffold_375	1	7101	6	587	8.26644	0.126461	35.9	42.8
HiC_scaffold_376	1	7000	50	2729	38.9857	1.05757	35.6	39.2
HiC_scaffold_377	1	7000	67	4580	65.4286	1.42243	35.6	54.7
HiC_scaffold_378	1	7000	93	2586	36.9429	1.99214	35.7	40.5
HiC_scaffold_379	1	6605	48	2666	40.3634	0.998637	34.9	50.4
HiC_scaffold_380	1	6537	47	3897	59.6145	1.04268	36	60
HiC_scaffold_381	1	6484	53	3759	57.9735	1.17751	35.2	59.6
HiC_scaffold_382	1	6459	43	3753	58.105	0.965629	35.8	51.1
HiC_scaffold_383	1	6245	10	1110	17.7742	0.221938	35.9	50.6
HiC_scaffold_384	1	6125	85	4738	77.3551	2.06237	35.5	50.5
HiC_scaffold_385	1	6000	55	3839	63.9833	1.35067	35.7	56.1
HiC_scaffold_386	1	6000	20	1558	25.9667	0.462333	35.6	59
HiC_scaffold_387	1	6000	52	4134	68.9	1.2915	35.8	49.4
HiC_scaffold_388	1	5993	14	1671	27.8825	0.350242	35.8	43.2
HiC_scaffold_389	1	5821	19	2180	37.4506	0.483937	35.2	52.4
HiC_scaffold_390	1	5673	62	3919	69.0816	1.63	35.7	48.5
HiC_scaffold_391	1	5000	18	1377	27.54	0.4532	35.1	58.9
HiC_scaffold_392	1	5000	45	2806	56.12	1.3376	35.5	55.1
HiC_scaffold_393	1	4994	2552	3866	77.4129	68.9874	35.2	46.5
HiC_scaffold_394	1	4893	34	2841	58.0625	1.03965	35.8	49.5
HiC_scaffold_395	1	4891	60	3690	75.4447	1.78471	35.4	58.2
HiC_scaffold_396	1	4877	10	1320	27.0658	0.307566	36.3	42.5
HiC_scaffold_397	1	4000	42	1706	42.65	1.56175	34.8	42.7
HiC_scaffold_398	1	4000	37	2500	62.5	1.31375	35.2	56
HiC_scaffold_400	1	4000	262	847	21.175	8.61825	35	45.6
HiC_scaffold_401	1	3971	39	2884	72.6265	1.38429	35.3	60
HiC_scaffold_402	1	3919	12	724	18.4741	0.44297	35.4	52.3
HiC_scaffold_403	1	3281	30	2206	67.2356	1.26455	35.6	58.3
HiC_scaffold_404	1	3264	4	599	18.3517	0.183517	36	45
HiC_scaffold_405	1	3259	43	2844	87.266	1.9506	35.5	60
HiC_scaffold_406	1	3042	21	1940	63.7738	1.03517	35.3	48.4
HiC_scaffold_407	1	3035	45	2762	91.0049	1.96079	35.9	60
HiC_scaffold_408	1	3003	4	574	19.1142	0.1998	34.5	44.5
HiC_scaffold_409	1	3003	10	901	30.0033	0.44955	35	49.1
HiC_scaffold_410	1	3000	16	1540	51.3333	0.797	35.7	53.9
HiC_scaffold_411	1	3000	93	1562	52.0667	4.557	35.5	41.8
HiC_scaffold_412	1	3000	46	2307	76.9	2.24633	35.7	58.6
HiC_scaffold_413	1	3000	35	2113	70.4333	1.605	35.5	56.7
HiC_scaffold_414	1	3000	22	2122	70.7333	1.062	34.3	51.8
HiC_scaffold_415	1	2897	21	1864	64.3424	1.03693	34.2	54.7
HiC_scaffold_416	1	2563	71	870	33.9446	3.01171	35.2	49.4
HiC_scaffold_417	1	2259	35	1835	81.2306	1.90438	35.3	60
HiC_scaffold_418	1	2125	13	1241	58.4	0.832471	34.3	54.9
HiC_scaffold_419	1	2021	27	1657	81.9891	1.92677	35.6	60
HiC_scaffold_420	1	2000	14	1244	62.2	0.9385	35.4	60
HiC_scaffold_421	1	2000	19	1047	52.35	1.4135	34.7	56.3
HiC_scaffold_422	1	2000	21	1461	73.05	1.3095	36	60
HiC_scaffold_423	1	1676	3	351	20.9427	0.268496	36.3	43.7
HiC_scaffold_424	1	1484	1	101	6.80593	0.0680593	32.9	60
HiC_scaffold_425	1	1447	13	951	65.7222	1.34762	36.4	58.5
HiC_scaffold_426	1	1382	7	762	55.1375	0.755427	35.9	60
HiC_scaffold_427	1	1353	15	1082	79.9704	1.35181	36.2	60
HiC_scaffold_429	1	1175	8	747	63.5745	1.01277	36.5	60
HiC_scaffold_430	1	1138	9	749	65.8172	0.907733	36.4	57
HiC_scaffold_431	1	1108	7	616	55.5957	0.898917	33.4	60
HiC_scaffold_432	1	1097	35	1094	99.7265	4.58432	35.8	59.1
HiC_scaffold_433	1	1005	64	546	54.3284	9.01194	35.4	45.5
HiC_scaffold_434	1	1000	17	943	94.3	2.421	35.8	56.7
HiC_scaffold_435	1	1000	6	425	42.5	0.76	35.6	60
HiC_scaffold_436	1	1000	8	635	63.5	0.97	36.4	55
HiC_scaffold_437	1	1000	14	846	84.6	2.03	36.4	60
HiC_scaffold_438	1	1000	22	1000	100	3.178	34.7	59.9
HiC_scaffold_439	1	1000	16	951	95.1	2.109	35.4	60
HiC_scaffold_440	1	1000	23	897	89.7	3.063	35.3	60
HiC_scaffold_441	1	1000	13	849	84.9	1.82	35.4	60
HiC_scaffold_442	1	1000	12	853	85.3	1.76	36.7	60
HiC_scaffold_443	1	1000	11	793	79.3	1.532	36.3	60
HiC_scaffold_444	1	1000	10	786	78.6	1.457	36	56.6
HiC_scaffold_445	1	1000	12	758	75.8	1.698	35	60
HiC_scaffold_446	1	1000	18	1000	100	2.539	35.8	44.9
HiC_scaffold_447	1	1000	21	989	98.9	3.022	35.5	57.8
HiC_scaffold_448	1	1000	12	452	45.2	1.617	36	56.8
HiC_scaffold_449	1	1000	24	961	96.1	2.931	35.5	60
HiC_scaffold_450	1	1000	9	772	77.2	1.349	36.5	49.9
HiC_scaffold_451	1	1000	9	728	72.8	1.345	35.6	53.6
HiC_scaffold_452	1	1000	9	716	71.6	1.244	36.2	57.3
HiC_scaffold_453	1	1000	39	565	56.5	4.49	35.9	48.3
mitochondria	1	17813	62418	17677	99.2365	509.987	35.4	59.3
HiC_scaffold_187	1	25000	0	0	0	0	0	0
HiC_scaffold_399	1	4000	0	0	0	0	0	0
HiC_scaffold_428	1	1184	0	0	0	0	0	0
HiC_scaffold_454	1	2000	0	0	0	0	0	0
