#rname	startpos	endpos	numreads	covbases	coverage	meandepth	meanbaseq	meanmapq
HiC_scaffold_1	1	75050035	682882	51930947	69.1951	1.32606	35.5	59.1
HiC_scaffold_2	1	56816963	519576	39311044	69.1889	1.33142	35.5	59.2
HiC_scaffold_3	1	109611085	954407	73534717	67.0869	1.26967	35.5	58.7
HiC_scaffold_4	1	81599725	734158	55871476	68.4702	1.31151	35.5	59.1
HiC_scaffold_5	1	72353455	663783	50429939	69.6994	1.33722	35.5	59.3
HiC_scaffold_6	1	67692486	619683	46969140	69.386	1.33411	35.5	59.2
HiC_scaffold_7	1	59159807	536952	40648305	68.7093	1.32166	35.5	59
HiC_scaffold_8	1	13479537	63128	6276536	46.5634	0.685302	35.5	59.5
HiC_scaffold_9	1	58964884	538669	40713631	69.0473	1.33076	35.5	59.1
HiC_scaffold_10	1	36732878	335991	25240283	68.7131	1.32978	35.4	59
HiC_scaffold_11	1	27384	170	4872	17.7914	0.906369	35.5	43.8
HiC_scaffold_12	1	33592	1284	7553	22.4845	5.00226	35	44.8
HiC_scaffold_13	1	184337	5598	140866	76.4176	4.2648	35.4	52.8
HiC_scaffold_14	1	85992	2402	44538	51.7932	3.89242	34.8	45.8
HiC_scaffold_15	1	87022	647	21870	25.1316	1.01133	35.3	46.1
HiC_scaffold_16	1	89609	2649	9255	10.3282	3.20536	35.6	51
HiC_scaffold_17	1	164154	2115	49936	30.4202	1.84457	35.3	51.5
HiC_scaffold_18	1	104921	409	37429	35.6735	0.569085	35.3	51.9
HiC_scaffold_19	1	103720	426	27532	26.5445	0.57797	35.2	48.3
HiC_scaffold_20	1	90353	552	31150	34.4759	0.870353	35.2	48.8
HiC_scaffold_21	1	85252	301	22452	26.336	0.509126	35.3	47.2
HiC_scaffold_22	1	80500	373	21147	26.2696	0.686857	35.4	48.2
HiC_scaffold_23	1	75743	273	20170	26.6295	0.531363	35.5	55.2
HiC_scaffold_24	1	75592	928	16520	21.8542	1.74309	35.3	43.3
HiC_scaffold_25	1	72691	1484	35587	48.9565	2.91599	35.3	53.3
HiC_scaffold_26	1	71458	511	33488	46.8639	1.04033	35.4	48.9
HiC_scaffold_27	1	70045	2274	52612	75.1117	4.61105	35.3	52.1
HiC_scaffold_28	1	68558	143	7348	10.7179	0.275577	34.9	52.7
HiC_scaffold_29	1	68222	676	19161	28.0862	1.46715	35.5	44.8
HiC_scaffold_30	1	67017	544	32008	47.761	1.17603	35.4	47.3
HiC_scaffold_31	1	65972	52	5649	8.56272	0.114336	35.3	44.9
HiC_scaffold_32	1	64000	581	31182	48.7219	1.24297	35.6	51.4
HiC_scaffold_33	1	62684	471	16873	26.9176	0.920474	35.2	41.7
HiC_scaffold_34	1	60035	437	30121	50.1724	1.00513	35.4	55.5
HiC_scaffold_35	1	59483	113	10590	17.8034	0.283173	35.6	51.4
HiC_scaffold_36	1	58601	135	4219	7.19954	0.34095	35	42.7
HiC_scaffold_37	1	57907	121	9711	16.77	0.292314	35.4	48.6
HiC_scaffold_38	1	57623	266	3188	5.53251	0.615987	35.3	38.9
HiC_scaffold_39	1	56881	631	18177	31.9562	1.24228	35.4	49
HiC_scaffold_40	1	56115	360	6746	12.0217	0.795545	35.5	38
HiC_scaffold_41	1	55753	390	19878	35.6537	1.00529	35.1	41.8
HiC_scaffold_42	1	55361	59	3044	5.49846	0.142302	35.4	45.8
HiC_scaffold_43	1	55333	573	10375	18.7501	1.45828	35	39.7
HiC_scaffold_44	1	54697	1596	43010	78.6332	4.27819	35.5	56
HiC_scaffold_45	1	54079	84	4253	7.86442	0.184267	35	46.8
HiC_scaffold_46	1	53000	245	8185	15.4434	0.678887	35.3	40.7
HiC_scaffold_47	1	52728	1254	20170	38.2529	3.31659	34.9	46.8
HiC_scaffold_48	1	52696	293	21024	39.8968	0.818373	35.6	53.5
HiC_scaffold_49	1	52574	90	4495	8.54985	0.253319	35	39.8
HiC_scaffold_50	1	52452	19	604	1.15153	0.0209906	35.5	52.3
HiC_scaffold_51	1	52291	221	5679	10.8604	0.530569	35.4	44.9
HiC_scaffold_52	1	50660	355	28126	55.5191	1.02456	35.3	56.9
HiC_scaffold_53	1	50444	1149	31716	62.8737	3.3576	35.3	55.6
HiC_scaffold_54	1	50000	500	37120	74.24	1.46068	35.5	59.9
HiC_scaffold_55	1	49402	104	3843	7.77904	0.313186	35.5	42.3
HiC_scaffold_56	1	48994	155	6904	14.0915	0.427563	35.3	44.6
HiC_scaffold_57	1	48961	109	6559	13.3964	0.327649	35.3	41
HiC_scaffold_58	1	48913	315	24722	50.5428	0.942735	35.4	51.1
HiC_scaffold_59	1	48516	300	11850	24.4249	0.905845	35.3	46.1
HiC_scaffold_60	1	48449	228	21775	44.9442	0.700241	35.7	53
HiC_scaffold_61	1	48102	103	9136	18.993	0.309966	35.4	49
HiC_scaffold_62	1	47095	393	32798	69.6422	1.23567	35.5	55.6
HiC_scaffold_63	1	45946	642	25634	55.7916	2.04738	35.5	50.4
HiC_scaffold_64	1	45702	179	5169	11.3102	0.531662	35.1	45.7
HiC_scaffold_65	1	45164	271	9042	20.0204	0.789058	35.1	45.3
HiC_scaffold_66	1	45000	742	8067	17.9267	2.296	35.1	47.7
HiC_scaffold_67	1	44932	521	9012	20.057	1.39727	35.1	41.6
HiC_scaffold_68	1	44535	58	6054	13.5938	0.192657	35.6	42.6
HiC_scaffold_69	1	43359	177	9130	21.0568	0.58613	35.2	42.4
HiC_scaffold_70	1	43000	290	9344	21.7302	0.893186	35.5	41.6
HiC_scaffold_71	1	42000	321	13840	32.9524	0.987214	35.5	49.3
HiC_scaffold_72	1	41780	30	2120	5.0742	0.102753	34.2	44
HiC_scaffold_73	1	41131	64	5254	12.7738	0.225377	35.6	45.6
HiC_scaffold_74	1	41000	105	10185	24.8415	0.383268	35.9	55.2
HiC_scaffold_75	1	40673	183	5893	14.4887	0.649718	35.5	40.2
HiC_scaffold_76	1	40021	201	5437	13.5854	0.711027	35.2	38.4
HiC_scaffold_77	1	40000	26	2892	7.23	0.0965	35	52.5
HiC_scaffold_78	1	39995	180	16854	42.1403	0.654507	35.3	52.4
HiC_scaffold_79	1	39987	9	992	2.48081	0.0336609	35.9	46.4
HiC_scaffold_80	1	39907	47	3922	9.82785	0.171474	35.7	56.2
HiC_scaffold_81	1	39785	236	6674	16.7752	0.691467	34.9	45.1
HiC_scaffold_82	1	39714	882	9987	25.1473	3.07718	35.1	44.3
HiC_scaffold_83	1	39603	132	10754	27.1545	0.485367	35.6	53.1
HiC_scaffold_84	1	39032	990	22412	57.4196	3.5587	35.3	49.1
HiC_scaffold_85	1	38821	221	7933	20.4348	0.808738	35.2	44.7
HiC_scaffold_86	1	38551	219	4533	11.7584	0.679074	35.2	47.1
HiC_scaffold_87	1	38336	248	7126	18.5883	0.956855	35.1	39.4
HiC_scaffold_88	1	38081	126	6198	16.2758	0.469893	35.6	56.5
HiC_scaffold_89	1	37423	87	1444	3.85859	0.308767	34.9	43.9
HiC_scaffold_90	1	37049	345	11068	29.874	1.37963	35.4	42.9
HiC_scaffold_91	1	37000	372	28115	75.9865	1.48443	35.7	60
HiC_scaffold_92	1	36719	137	4599	12.5249	0.54819	35.4	46.3
HiC_scaffold_93	1	36624	237	5336	14.5697	0.865716	35	38.6
HiC_scaffold_94	1	36550	140	3568	9.76197	0.568427	35.3	40.5
HiC_scaffold_95	1	35915	788	16473	45.8666	2.99758	34.9	44.5
HiC_scaffold_96	1	35569	336	11431	32.1375	1.3846	35.5	46.6
HiC_scaffold_97	1	35569	110	7140	20.0737	0.428604	35.1	46.4
HiC_scaffold_98	1	35521	214	5147	14.49	0.72177	35	47.4
HiC_scaffold_99	1	35305	884	20007	56.669	3.25107	35.3	57.5
HiC_scaffold_100	1	35285	264	20930	59.317	1.10211	35.4	58.2
HiC_scaffold_101	1	35090	169	11445	32.6161	0.635024	34.8	53.4
HiC_scaffold_102	1	34736	54	5255	15.1284	0.232583	35.6	47.7
HiC_scaffold_103	1	34662	558	14519	41.8874	2.20212	35.4	41.4
HiC_scaffold_104	1	34539	97	8891	25.7419	0.414401	35.9	49.5
HiC_scaffold_105	1	34367	58	4085	11.8864	0.24605	35.3	51.8
HiC_scaffold_106	1	34092	11	1076	3.15617	0.0473132	35.6	46.1
HiC_scaffold_107	1	34034	1039	27495	80.7869	4.3726	35.4	58.5
HiC_scaffold_108	1	34000	93	3234	9.51176	0.400294	35.2	38.2
HiC_scaffold_109	1	33013	233	9154	27.7285	0.979402	34.6	41.1
HiC_scaffold_110	1	32894	32	2434	7.39953	0.14039	33.9	51.1
HiC_scaffold_111	1	32703	64	6932	21.1968	0.288995	35.5	46.3
HiC_scaffold_112	1	32055	98	7736	24.1335	0.408017	35.4	52.5
HiC_scaffold_113	1	31996	241	4108	12.8391	0.808132	35.1	43.2
HiC_scaffold_114	1	31869	172	7019	22.0245	0.687408	35.7	51.8
HiC_scaffold_115	1	31497	239	6251	19.8463	1.09312	35.1	41.9
HiC_scaffold_116	1	31452	166	13702	43.5648	0.778265	35.9	54.4
HiC_scaffold_117	1	31435	92	9653	30.7078	0.429839	35.5	49.7
HiC_scaffold_118	1	31168	219	14749	47.321	1.03157	35.3	58.1
HiC_scaffold_119	1	31094	54	2862	9.20435	0.255162	35.7	48.3
HiC_scaffold_120	1	31000	95	8217	26.5065	0.440774	35.8	46.7
HiC_scaffold_121	1	30892	56	3416	11.0579	0.266639	35.5	44.6
HiC_scaffold_122	1	30671	305	7442	24.264	1.48512	35.4	38.5
HiC_scaffold_123	1	30159	281	22244	73.7558	1.3702	35.5	60
HiC_scaffold_124	1	30112	20	2375	7.88722	0.0967056	36.2	38.8
HiC_scaffold_125	1	30000	151	3201	10.67	0.751867	35.3	38.4
HiC_scaffold_126	1	30000	16	1245	4.15	0.0721333	35.6	52
HiC_scaffold_127	1	29632	320	5261	17.7545	1.39289	35.1	43.2
HiC_scaffold_128	1	29216	80	8246	28.2243	0.409091	35.7	48.7
HiC_scaffold_129	1	29000	40	2442	8.42069	0.187207	35.4	50.5
HiC_scaffold_130	1	28743	23	1450	5.04471	0.119716	36	52.9
HiC_scaffold_131	1	28267	495	9208	32.5751	2.59564	35.5	40.3
HiC_scaffold_132	1	28006	300	6559	23.42	1.58652	35.2	39.5
HiC_scaffold_133	1	27859	89	8930	32.0543	0.468574	35.7	54.6
HiC_scaffold_134	1	27837	245	18856	67.7372	1.28333	35.2	59.8
HiC_scaffold_135	1	27503	108	4950	17.998	0.5827	35.4	40.2
HiC_scaffold_136	1	27405	269	20162	73.5705	1.45083	35.6	60
HiC_scaffold_137	1	27128	4	563	2.07535	0.0221174	36.6	41.8
HiC_scaffold_138	1	27000	96	8074	29.9037	0.500185	35.4	51.4
HiC_scaffold_139	1	26958	45	2679	9.93768	0.235626	35.2	44.5
HiC_scaffold_140	1	26822	46	2480	9.24614	0.245992	35	40.4
HiC_scaffold_141	1	26714	347	8821	33.0201	1.78064	35.3	43.9
HiC_scaffold_142	1	26597	142	9106	34.2369	0.75486	35.2	47
HiC_scaffold_143	1	26526	52	2600	9.8017	0.254656	35.2	52.2
HiC_scaffold_144	1	26403	177	4407	16.6913	1.00087	35.2	41.5
HiC_scaffold_145	1	26321	420	12446	47.2854	2.31515	35.1	41.5
HiC_scaffold_146	1	26302	131	2052	7.80169	0.643297	34.6	39.8
HiC_scaffold_147	1	26228	74	4987	19.014	0.413261	34.9	52.8
HiC_scaffold_148	1	26220	306	5897	22.4905	1.73288	35.4	39.8
HiC_scaffold_149	1	26169	38	4368	16.6915	0.213	35.7	45.1
HiC_scaffold_150	1	26140	235	17975	68.7643	1.28986	35.4	59.8
HiC_scaffold_151	1	25970	52	3697	14.2357	0.296688	35.2	38.5
HiC_scaffold_152	1	25914	64	3629	14.004	0.321332	35.3	44.5
HiC_scaffold_153	1	25756	14	1331	5.16773	0.074934	35.8	39.1
HiC_scaffold_154	1	25701	63	6257	24.3454	0.358157	35.8	54.1
HiC_scaffold_155	1	25484	403	11260	44.1846	2.26158	35.3	42.2
HiC_scaffold_156	1	25347	787	10342	40.8017	4.26196	34.8	43.7
HiC_scaffold_157	1	25300	189	8302	32.8142	1.09407	35.7	46
HiC_scaffold_158	1	25137	408	8436	33.5601	2.34288	35.1	40.2
HiC_scaffold_159	1	25068	43	1954	7.7948	0.252074	35.7	48.3
HiC_scaffold_160	1	25021	165	12713	50.8093	0.954678	35.3	56.9
HiC_scaffold_161	1	25021	28	2810	11.2306	0.162344	35.4	48.6
HiC_scaffold_162	1	25013	336	1574	6.29273	1.50794	35.4	43.4
HiC_scaffold_163	1	25000	8	1125	4.5	0.048	35.3	35.2
HiC_scaffold_164	1	25000	4	295	1.18	0.02248	33	36
HiC_scaffold_165	1	25000	10	697	2.788	0.05988	36	39.7
HiC_scaffold_166	1	25000	118	3757	15.028	0.67656	35.1	37.4
HiC_scaffold_167	1	25000	224	15403	61.612	1.28608	35.4	58.9
HiC_scaffold_168	1	25000	255	19345	77.38	1.48572	35.4	59.9
HiC_scaffold_169	1	25000	267	18962	75.848	1.5342	35.5	59.4
HiC_scaffold_170	1	25000	229	17603	70.412	1.32456	35.8	59.6
HiC_scaffold_171	1	25000	277	18489	73.956	1.57904	35.7	59.9
HiC_scaffold_172	1	25000	276	18839	75.356	1.60736	35.4	59.7
HiC_scaffold_173	1	25000	236	17823	71.292	1.36516	35.6	60
HiC_scaffold_174	1	25000	242	19546	78.184	1.38944	35.4	59.7
HiC_scaffold_175	1	25000	281	19641	78.564	1.64236	35.5	60
HiC_scaffold_176	1	25000	249	17647	70.588	1.44428	35.4	59.1
HiC_scaffold_177	1	25000	277	18437	73.748	1.60912	35.4	59.7
HiC_scaffold_178	1	25000	256	17802	71.208	1.48716	35.3	59.8
HiC_scaffold_179	1	25000	305	19956	79.824	1.76552	35.7	59.7
HiC_scaffold_180	1	25000	256	14878	59.512	1.4556	35.3	57.7
HiC_scaffold_181	1	25000	285	19529	78.116	1.68212	35.4	59.9
HiC_scaffold_182	1	25000	245	19121	76.484	1.42248	35.5	60
HiC_scaffold_183	1	25000	94	3839	15.356	0.55472	35.2	42.2
HiC_scaffold_184	1	25000	244	18341	73.364	1.41232	35.3	59.9
HiC_scaffold_185	1	25000	574	23826	95.304	3.32324	35.6	59.7
HiC_scaffold_186	1	25000	232	17639	70.556	1.35684	35.3	59.9
HiC_scaffold_187	1	25000	10	881	3.524	0.0596	35.3	48.3
HiC_scaffold_188	1	24887	139	4027	16.1811	0.777796	34.7	44.5
HiC_scaffold_189	1	24881	459	12460	50.0784	2.15791	35	43.6
HiC_scaffold_190	1	24860	169	12963	52.144	1.00475	34.9	57
HiC_scaffold_191	1	24785	85	8003	32.2897	0.499939	35.6	48
HiC_scaffold_192	1	24606	11	815	3.3122	0.0669755	35.9	44
HiC_scaffold_193	1	24582	132	3731	15.1778	0.754129	35.5	46.9
HiC_scaffold_194	1	24552	330	10538	42.9211	1.8719	34.9	45.7
HiC_scaffold_195	1	24515	55	5163	21.0606	0.331307	35.9	55.3
HiC_scaffold_196	1	24429	95	4959	20.2996	0.533669	35.8	52.1
HiC_scaffold_197	1	24404	60	5004	20.5048	0.363219	35.6	53.9
HiC_scaffold_198	1	24065	182	14464	60.1039	1.11851	35.5	57.8
HiC_scaffold_199	1	24034	48	4706	19.5806	0.297911	35.3	49.6
HiC_scaffold_200	1	24000	9	736	3.06667	0.050125	36.2	51.1
HiC_scaffold_201	1	24000	638	4763	19.8458	3.94529	35.3	45.9
HiC_scaffold_202	1	23940	192	4668	19.4987	1.08651	35.4	40
HiC_scaffold_203	1	23878	57	1949	8.16233	0.35606	35.5	38
HiC_scaffold_204	1	23813	58	5518	23.1722	0.361021	35.2	54.2
HiC_scaffold_205	1	23764	38	4011	16.8785	0.217851	35.3	52.7
HiC_scaffold_206	1	23660	15	1581	6.68216	0.0932798	35.9	46.7
HiC_scaffold_207	1	23581	189	15517	65.803	1.19147	35.6	54.9
HiC_scaffold_208	1	23490	45	2740	11.6645	0.284632	35.8	39.8
HiC_scaffold_209	1	23453	109	8780	37.4366	0.669722	35.5	54.7
HiC_scaffold_210	1	23041	57	3176	13.7841	0.351764	36.1	59.2
HiC_scaffold_211	1	23000	321	3635	15.8043	2.08026	35.3	39.5
HiC_scaffold_212	1	23000	105	7620	33.1304	0.664826	35.4	46.2
HiC_scaffold_213	1	23000	20	2133	9.27391	0.126652	36	49.1
HiC_scaffold_214	1	23000	192	5997	26.0739	1.23426	35.5	38.1
HiC_scaffold_215	1	23000	56	3664	15.9304	0.353783	35.8	55.6
HiC_scaffold_216	1	22979	14	1210	5.26568	0.0829018	35.5	44
HiC_scaffold_217	1	22964	112	4368	19.0211	0.728749	35.5	40.4
HiC_scaffold_218	1	22956	68	6377	27.7792	0.437489	35.3	49
HiC_scaffold_220	1	22604	112	9896	43.7799	0.738144	35.4	51.4
HiC_scaffold_221	1	22426	16	1431	6.38099	0.0960046	36.3	53.4
HiC_scaffold_222	1	22303	186	8616	38.6316	1.23696	35.6	46.8
HiC_scaffold_223	1	22199	51	4112	18.5234	0.339655	35.6	54.2
HiC_scaffold_224	1	22128	13	1031	4.65926	0.0789046	36	51.9
HiC_scaffold_225	1	22127	6	727	3.28558	0.0406743	36.6	43.5
HiC_scaffold_226	1	21688	60	4786	22.0675	0.405847	35.5	54.8
HiC_scaffold_227	1	21648	67	5332	24.6305	0.426644	35.1	54.6
HiC_scaffold_228	1	21608	187	10458	48.3987	1.18854	35.2	52.5
HiC_scaffold_229	1	21598	20	1297	6.00519	0.138763	34.3	36.3
HiC_scaffold_230	1	21510	17	1460	6.78754	0.110367	35.8	42.5
HiC_scaffold_231	1	21437	32	2562	11.9513	0.223679	35.2	43.3
HiC_scaffold_232	1	21282	62	6650	31.2471	0.426934	36	47.9
HiC_scaffold_233	1	20959	129	4544	21.6804	0.768071	35.1	41
HiC_scaffold_234	1	20824	5	632	3.03496	0.0359681	36.1	54.6
HiC_scaffold_235	1	20622	52	3626	17.5832	0.366017	35.8	57.7
HiC_scaffold_236	1	20377	36	3460	16.9799	0.247878	35.1	49
HiC_scaffold_237	1	20369	62	6175	30.3157	0.452845	35.2	49.5
HiC_scaffold_238	1	20340	18	1620	7.9646	0.130285	35.3	52.4
HiC_scaffold_239	1	20281	31	1899	9.36344	0.223658	35.4	41.1
HiC_scaffold_240	1	20166	20	2084	10.3342	0.139294	35.5	50.1
HiC_scaffold_241	1	20140	147	8563	42.5174	1.0718	35.2	48
HiC_scaffold_242	1	20135	182	14042	69.7393	1.31701	35.6	58.9
HiC_scaffold_243	1	20122	11	1014	5.03926	0.0819998	35.4	50.9
HiC_scaffold_244	1	20044	42	1984	9.89822	0.300988	35.5	39.5
HiC_scaffold_245	1	20021	16	1757	8.77579	0.119175	35.5	51.1
HiC_scaffold_246	1	20000	22	1916	9.58	0.1616	36.1	53.4
HiC_scaffold_247	1	20000	11	1319	6.595	0.07885	35.4	47.2
HiC_scaffold_248	1	19739	310	9248	46.8514	2.32332	35.6	44.4
HiC_scaffold_249	1	19737	13	785	3.9773	0.0930233	35.5	57.1
HiC_scaffold_250	1	19724	16	1380	6.99655	0.121476	35.5	52.6
HiC_scaffold_251	1	19667	26	1903	9.67611	0.187522	34.7	39.2
HiC_scaffold_252	1	19649	34	3942	20.0621	0.25925	36	49.1
HiC_scaffold_253	1	19394	14	1916	9.87934	0.10792	35.9	45.2
HiC_scaffold_254	1	19304	75	4371	22.643	0.567085	35.3	47.2
HiC_scaffold_255	1	19231	16	1838	9.55749	0.124019	34.6	48.9
HiC_scaffold_256	1	19176	75	6050	31.5499	0.568106	35.2	52
HiC_scaffold_257	1	19156	1146	7007	36.5786	8.26091	35.1	44.2
HiC_scaffold_258	1	19143	39	1004	5.24474	0.273729	35.4	44.9
HiC_scaffold_259	1	19058	18	2113	11.0872	0.141515	35.7	48.5
HiC_scaffold_260	1	19000	96	3235	17.0263	0.733737	35.4	41.7
HiC_scaffold_261	1	18934	4	600	3.1689	0.031689	36.8	40.8
HiC_scaffold_262	1	18930	421	8561	45.2245	3.19926	35.1	44.9
HiC_scaffold_263	1	18729	198	14059	75.0654	1.52945	35.7	58.3
HiC_scaffold_264	1	18528	35	2332	12.5864	0.267649	35.7	60
HiC_scaffold_265	1	18283	21	1714	9.37483	0.166439	34.5	45
HiC_scaffold_266	1	18272	29	802	4.38923	0.163693	36.1	49.4
HiC_scaffold_267	1	18066	24	1612	8.92284	0.197886	35.9	47.4
HiC_scaffold_268	1	18044	38	1767	9.79273	0.290235	35.8	40.8
HiC_scaffold_269	1	18026	42	3997	22.1735	0.342894	34.8	56
HiC_scaffold_270	1	18000	129	5831	32.3944	1.05594	35.3	44.6
HiC_scaffold_271	1	18000	75	6391	35.5056	0.614167	35.4	51.4
HiC_scaffold_272	1	18000	46	3340	18.5556	0.378722	35.8	44
HiC_scaffold_273	1	17971	185	6068	33.7655	1.53481	35.5	44.6
HiC_scaffold_274	1	17888	28	2811	15.7144	0.234068	34.6	44.8
HiC_scaffold_275	1	17782	27	2683	15.0883	0.223035	34.7	53.4
HiC_scaffold_276	1	17690	21	2722	15.3872	0.176936	35.8	48.5
HiC_scaffold_277	1	17675	34	2566	14.5177	0.276662	35.8	42.2
HiC_scaffold_278	1	17531	7	248	1.41464	0.0503679	36.2	60
HiC_scaffold_279	1	17508	222	3185	18.1917	1.08036	35	48.9
HiC_scaffold_280	1	17420	63	6301	36.1711	0.537543	35.4	50.1
HiC_scaffold_281	1	17399	22	2012	11.5639	0.189609	35.6	57.3
HiC_scaffold_282	1	17398	52	4322	24.8419	0.42867	35.9	51.6
HiC_scaffold_283	1	17257	804	7802	45.2106	5.83891	34.8	51.6
HiC_scaffold_284	1	17224	182	13397	77.781	1.55045	35.6	54.9
HiC_scaffold_285	1	17131	49	5116	29.864	0.420991	35.8	50.5
HiC_scaffold_286	1	17073	35	2960	17.3373	0.30106	35.5	50.2
HiC_scaffold_287	1	17000	43	3795	22.3235	0.374235	34.4	45.9
HiC_scaffold_288	1	16908	19	1081	6.39342	0.128342	35.6	49.9
HiC_scaffold_289	1	16758	69	2172	12.961	0.531269	35	44.3
HiC_scaffold_290	1	16602	84	2831	17.0522	0.669498	35	41.6
HiC_scaffold_291	1	16449	140	821	4.99118	0.917989	35.2	43.8
HiC_scaffold_292	1	16346	31	2529	15.4717	0.26716	34.1	54.4
HiC_scaffold_293	1	16263	239	1094	6.72693	1.99361	34.7	43.8
HiC_scaffold_294	1	16061	86	5951	37.0525	0.761472	35.6	48.7
HiC_scaffold_295	1	16000	7	811	5.06875	0.0634375	33.7	56
HiC_scaffold_296	1	16000	25	2381	14.8812	0.223438	35.5	51.8
HiC_scaffold_297	1	16000	32	2724	17.025	0.284062	35.5	56.3
HiC_scaffold_298	1	16000	43	3207	20.0437	0.388562	35.2	45.5
HiC_scaffold_299	1	16000	32	2257	14.1062	0.290687	35.5	45.4
HiC_scaffold_300	1	15603	87	5678	36.3904	0.830417	35.3	45.6
HiC_scaffold_301	1	15565	2	300	1.9274	0.019274	36.8	50
HiC_scaffold_302	1	15554	118	3032	19.4934	1.12106	35.7	39.8
HiC_scaffold_303	1	15467	134	6941	44.8762	1.23644	35.6	47.4
HiC_scaffold_304	1	15433	36	1852	12.0003	0.337005	34.9	35.7
HiC_scaffold_305	1	15221	11	1095	7.19401	0.108271	35	44.4
HiC_scaffold_306	1	15208	12	1007	6.62151	0.113756	35.7	60
HiC_scaffold_307	1	15128	21	1314	8.68588	0.205381	35.5	55.7
HiC_scaffold_308	1	15037	55	4529	30.119	0.521447	36	51.7
HiC_scaffold_309	1	15027	69	4351	28.9545	0.684368	35.5	45.4
HiC_scaffold_310	1	15014	90	7713	51.3721	0.881844	35.5	59.3
HiC_scaffold_311	1	15000	30	2858	19.0533	0.299533	35.7	46.1
HiC_scaffold_312	1	14886	92	7859	52.7946	0.926038	35.7	49.9
HiC_scaffold_313	1	14872	46	2723	18.3096	0.461202	35.1	44.2
HiC_scaffold_314	1	14743	26	1942	13.1724	0.253951	35.6	59.6
HiC_scaffold_315	1	14719	10	787	5.34683	0.0987159	36	53.8
HiC_scaffold_316	1	14619	50	4775	32.663	0.495725	35.2	52
HiC_scaffold_317	1	14567	27	3082	21.1574	0.271298	35.2	50.5
HiC_scaffold_318	1	14553	35	2980	20.4769	0.357796	36	45.1
HiC_scaffold_319	1	14548	160	7849	53.9524	1.62902	35.5	47.3
HiC_scaffold_320	1	14465	32	2765	19.1151	0.33149	36	51.8
HiC_scaffold_321	1	14408	94	5708	39.6169	0.955511	35.2	45.5
HiC_scaffold_322	1	14386	14	1497	10.406	0.14528	35.6	47.3
HiC_scaffold_323	1	14298	208	6197	43.3417	1.7301	34.5	48.4
HiC_scaffold_324	1	14091	103	6161	43.7229	1.07473	35.4	49.9
HiC_scaffold_325	1	14000	25	1181	8.43571	0.246571	35.9	48.4
HiC_scaffold_326	1	14000	39	2283	16.3071	0.405143	34.9	42.4
HiC_scaffold_327	1	13966	59	4624	33.109	0.623156	35.3	44.4
HiC_scaffold_328	1	13312	139	9782	73.4826	1.51916	35.3	59.9
HiC_scaffold_329	1	13309	70	6314	47.4416	0.780299	35.7	49.8
HiC_scaffold_330	1	13245	70	6206	46.8554	0.768516	35.6	53.2
HiC_scaffold_331	1	13138	144	10240	77.9418	1.61242	35.5	59.4
HiC_scaffold_332	1	13083	4	600	4.5861	0.045861	35.6	42
HiC_scaffold_333	1	13000	34	2487	19.1308	0.377	35.5	47.3
HiC_scaffold_334	1	13000	53	3765	28.9615	0.581538	35.8	51.3
HiC_scaffold_335	1	13000	32	2625	20.1923	0.349077	35.6	52.7
HiC_scaffold_336	1	12527	196	5074	40.5045	2.26431	35.1	39.1
HiC_scaffold_337	1	12325	17	2098	17.0223	0.206815	35.6	45.5
HiC_scaffold_338	1	12210	12	948	7.76413	0.13276	36.3	50.8
HiC_scaffold_339	1	12140	89	7557	62.2488	1.05148	35.4	57.1
HiC_scaffold_340	1	12103	84	2801	23.143	1.02743	35.2	45.7
HiC_scaffold_341	1	11792	5	407	3.45149	0.0619912	35.6	55.8
HiC_scaffold_342	1	11769	56	1616	13.731	0.689863	35.6	40.8
HiC_scaffold_343	1	11768	50	3970	33.7356	0.599252	35.5	53
HiC_scaffold_344	1	11552	79	7278	63.0021	0.994633	35.3	58.2
HiC_scaffold_345	1	11294	42	2695	23.8622	0.525412	35.6	51
HiC_scaffold_346	1	11220	79	5972	53.2264	1.01934	35.8	58.3
HiC_scaffold_347	1	11009	1248	6597	59.9237	15.9622	34.9	41.5
HiC_scaffold_348	1	11007	39	3465	31.48	0.493595	36.2	52.2
HiC_scaffold_349	1	11000	39	2863	26.0273	0.521273	35.7	53.5
HiC_scaffold_350	1	10932	70	2914	26.6557	0.920783	35.6	46.3
HiC_scaffold_351	1	10903	68	5336	48.9407	0.853985	35.5	55.9
HiC_scaffold_352	1	10862	91	7900	72.7306	1.22721	35.5	57.4
HiC_scaffold_353	1	10825	13	1365	12.6097	0.169238	35.6	55.4
HiC_scaffold_354	1	10780	92	7316	67.8664	1.23776	35.5	54.2
HiC_scaffold_355	1	10606	5	464	4.37488	0.0549689	36.1	56
HiC_scaffold_356	1	10316	10	456	4.42032	0.115161	35.7	60
HiC_scaffold_357	1	10313	71	5767	55.9197	1.02269	35.9	55.3
HiC_scaffold_358	1	10116	16	1317	13.019	0.222222	35.6	47.7
HiC_scaffold_359	1	9728	681	3443	35.3927	9.53063	35.2	40.4
HiC_scaffold_360	1	9582	21	1569	16.3745	0.322375	35.7	45.6
HiC_scaffold_361	1	9577	34	3799	39.668	0.532213	35.1	45.5
HiC_scaffold_362	1	9324	22	2110	22.6298	0.353067	35.6	46.9
HiC_scaffold_363	1	9309	89	6859	73.6814	1.39456	35.3	59
HiC_scaffold_364	1	9000	11	888	9.86667	0.167556	36.3	52.7
HiC_scaffold_365	1	8972	21	2035	22.6817	0.330138	34.6	49.4
HiC_scaffold_366	1	8717	1	150	1.72078	0.0172078	31.9	60
HiC_scaffold_367	1	8598	32	2560	29.7744	0.494766	34.8	48
HiC_scaffold_368	1	8517	11	752	8.8294	0.190208	36.3	52.9
HiC_scaffold_369	1	8159	43	2808	34.416	0.762103	35.7	55.6
HiC_scaffold_370	1	8000	13	747	9.3375	0.208375	35.9	47.2
HiC_scaffold_371	1	7755	15	1630	21.0187	0.290006	35.6	52.1
HiC_scaffold_372	1	7349	23	1425	19.3904	0.408491	36.1	60
HiC_scaffold_373	1	7312	42	3593	49.1384	0.831236	35.9	48.5
HiC_scaffold_374	1	7226	26	2249	31.1237	0.535704	35.7	57.6
HiC_scaffold_375	1	7101	14	1399	19.7015	0.294325	35.4	52.6
HiC_scaffold_376	1	7000	126	3882	55.4571	2.57686	35.3	36.4
HiC_scaffold_377	1	7000	49	3532	50.4571	1.04614	35.3	56.4
HiC_scaffold_378	1	7000	79	2783	39.7571	1.68729	35.3	39.7
HiC_scaffold_379	1	6605	85	3590	54.3528	1.7947	35.1	50.4
HiC_scaffold_380	1	6537	74	5012	76.6713	1.58024	35.2	58.8
HiC_scaffold_381	1	6484	19	2052	31.6471	0.421036	35	58.9
HiC_scaffold_382	1	6459	31	2475	38.3186	0.698251	35.4	50.7
HiC_scaffold_383	1	6245	8	906	14.5076	0.192154	36.1	53.2
HiC_scaffold_384	1	6125	59	3802	62.0735	1.41273	35.5	51.5
HiC_scaffold_385	1	6000	36	3290	54.8333	0.8745	35.2	55.1
HiC_scaffold_386	1	6000	14	1625	27.0833	0.346	35.8	54.3
HiC_scaffold_387	1	6000	47	3440	57.3333	1.11733	35.4	48.8
HiC_scaffold_388	1	5993	5	742	12.3811	0.123811	36.5	48.4
HiC_scaffold_389	1	5821	40	3614	62.0856	1.01409	35.8	52.1
HiC_scaffold_390	1	5673	19	2150	37.8988	0.49621	35.2	51
HiC_scaffold_391	1	5000	22	1626	32.52	0.6346	35.3	58.8
HiC_scaffold_392	1	5000	24	1980	39.6	0.7126	36	51.1
HiC_scaffold_393	1	4994	2521	4052	81.1374	68.0607	35.2	46.6
HiC_scaffold_394	1	4893	34	3472	70.9585	1.04067	35.4	52
HiC_scaffold_395	1	4891	33	2930	59.9059	0.971172	35.7	58.4
HiC_scaffold_396	1	4877	10	1275	26.1431	0.307566	35.9	45.7
HiC_scaffold_397	1	4000	31	1212	30.3	1.141	34.9	41.9
HiC_scaffold_398	1	4000	44	3092	77.3	1.56025	35.6	56
HiC_scaffold_399	1	4000	28	2394	59.85	1.03025	35.9	52
HiC_scaffold_400	1	4000	213	1369	34.225	6.6735	34.8	45.3
HiC_scaffold_401	1	3971	31	2381	59.9597	1.08386	35.8	58.2
HiC_scaffold_402	1	3919	13	934	23.8326	0.406226	35.5	51.5
HiC_scaffold_403	1	3281	36	2684	81.8043	1.61658	35.9	56.6
HiC_scaffold_404	1	3264	6	680	20.8333	0.27114	35.1	46.3
HiC_scaffold_405	1	3259	36	2521	77.355	1.58085	35.3	58.9
HiC_scaffold_406	1	3042	6	866	28.4681	0.295201	36	58
HiC_scaffold_407	1	3035	45	2774	91.4003	2.13213	35.6	60
HiC_scaffold_408	1	3003	10	698	23.2434	0.487845	33.1	44.2
HiC_scaffold_409	1	3003	12	1199	39.9267	0.599401	35.7	43.6
HiC_scaffold_410	1	3000	12	1303	43.4333	0.570333	35.6	56.7
HiC_scaffold_411	1	3000	40	1613	53.7667	1.87933	35.1	45.2
HiC_scaffold_412	1	3000	34	2530	84.3333	1.57467	35.3	55.7
HiC_scaffold_413	1	3000	37	2329	77.6333	1.69367	34.9	55.8
HiC_scaffold_414	1	3000	20	1868	62.2667	0.985	35.4	55
HiC_scaffold_415	1	2897	19	1751	60.4418	0.975147	34.3	52.4
HiC_scaffold_416	1	2563	52	1409	54.9746	2.43972	35.1	50.5
HiC_scaffold_417	1	2259	24	1715	75.9185	1.50155	36.3	60
HiC_scaffold_419	1	2021	29	1965	97.2291	2.11381	36	60
HiC_scaffold_420	1	2000	26	1800	90	1.7065	34.7	60
HiC_scaffold_421	1	2000	10	984	49.2	0.7405	35.7	53.6
HiC_scaffold_422	1	2000	26	1651	82.55	1.8655	35.5	60
HiC_scaffold_423	1	1676	12	962	57.3986	1.06683	36.4	49.9
HiC_scaffold_424	1	1484	5	587	39.5553	0.5	36	34
HiC_scaffold_425	1	1447	9	899	62.1285	0.84727	35.3	55.6
HiC_scaffold_426	1	1382	17	1225	88.6397	1.71056	35.8	59.7
HiC_scaffold_427	1	1353	18	1041	76.9401	1.86253	35.4	60
HiC_scaffold_428	1	1184	2	101	8.53041	0.170608	36.5	60
HiC_scaffold_429	1	1175	16	1045	88.9362	2.02383	35.5	60
HiC_scaffold_430	1	1138	18	887	77.9438	1.62742	33.2	55.7
HiC_scaffold_431	1	1108	7	599	54.0614	0.929603	35.8	60
HiC_scaffold_432	1	1097	21	1034	94.2571	2.78578	36.1	58.7
HiC_scaffold_433	1	1005	69	607	60.398	9.7592	35.6	44.8
HiC_scaffold_434	1	1000	11	752	75.2	1.491	36	55.4
HiC_scaffold_435	1	1000	11	872	87.2	1.494	35.5	60
HiC_scaffold_436	1	1000	10	452	45.2	1.136	34.3	58.5
HiC_scaffold_437	1	1000	10	830	83	1.334	36.4	60
HiC_scaffold_438	1	1000	12	937	93.7	1.768	36.3	60
HiC_scaffold_439	1	1000	10	809	80.9	1.486	36	60
HiC_scaffold_440	1	1000	12	782	78.2	1.444	36.3	60
HiC_scaffold_441	1	1000	15	882	88.2	1.999	34.4	58.7
HiC_scaffold_442	1	1000	5	501	50.1	0.606	36.3	60
HiC_scaffold_443	1	1000	12	845	84.5	1.608	35.4	60
HiC_scaffold_444	1	1000	6	689	68.9	0.851	36.4	60
HiC_scaffold_445	1	1000	17	968	96.8	2.393	36.5	60
HiC_scaffold_446	1	1000	9	420	42	1.167	34.5	51
HiC_scaffold_447	1	1000	14	761	76.1	2.027	36.1	56.4
HiC_scaffold_448	1	1000	10	759	75.9	1.5	35.3	60
HiC_scaffold_449	1	1000	11	673	67.3	1.218	34.3	60
HiC_scaffold_450	1	1000	6	738	73.8	0.9	36	52
HiC_scaffold_451	1	1000	2	236	23.6	0.3	36.8	38.5
HiC_scaffold_452	1	1000	11	751	75.1	1.65	35.9	60
HiC_scaffold_453	1	1000	24	426	42.6	2.794	35.6	49.6
mitochondria	1	17813	56759	17639	99.0232	460.983	35.4	59.4
HiC_scaffold_219	1	22812	0	0	0	0	0	0
HiC_scaffold_418	1	2125	0	0	0	0	0	0
HiC_scaffold_454	1	2000	0	0	0	0	0	0
