#rname	startpos	endpos	numreads	covbases	coverage	meandepth	meanbaseq	meanmapq
HiC_scaffold_1	1	75050035	775129	54913066	73.1686	1.50712	35.5	59.1
HiC_scaffold_2	1	56816963	589447	41687102	73.3709	1.51262	35.5	59.2
HiC_scaffold_3	1	109611085	1091245	78005899	71.1661	1.45309	35.5	58.7
HiC_scaffold_4	1	81599725	834247	59196121	72.5445	1.49182	35.5	59.1
HiC_scaffold_5	1	72353455	752371	53204527	73.5342	1.51715	35.5	59.3
HiC_scaffold_6	1	67692486	704630	49675690	73.3843	1.51837	35.5	59.2
HiC_scaffold_7	1	59159807	611420	42931167	72.5681	1.50622	35.5	59
HiC_scaffold_8	1	13479537	72627	6887127	51.0932	0.788922	35.5	59.4
HiC_scaffold_9	1	58964884	610799	43039313	72.9914	1.51038	35.5	59.1
HiC_scaffold_10	1	36732878	380668	26613694	72.452	1.50841	35.5	59
HiC_scaffold_11	1	27384	196	6395	23.3531	1.0443	35	46
HiC_scaffold_12	1	33592	1360	8350	24.8571	5.30528	35	45.7
HiC_scaffold_13	1	184337	6488	144465	78.3701	4.90717	35.5	52.3
HiC_scaffold_14	1	85992	2182	45432	52.8328	3.4941	34.9	45.2
HiC_scaffold_15	1	87022	649	21454	24.6535	1.00927	35.2	45.9
HiC_scaffold_16	1	89609	2512	9894	11.0413	2.9993	35.7	51
HiC_scaffold_17	1	164154	1682	48627	29.6228	1.46445	35.5	52
HiC_scaffold_18	1	104921	110	6558	6.25042	0.142745	35.6	45.2
HiC_scaffold_19	1	103720	428	30882	29.7744	0.599904	35.6	48.6
HiC_scaffold_20	1	90353	466	25308	28.0101	0.743484	35.1	50.4
HiC_scaffold_21	1	85252	294	23845	27.97	0.507319	35.5	46.6
HiC_scaffold_22	1	80500	451	23748	29.5006	0.832907	35.4	49.1
HiC_scaffold_23	1	75743	289	19505	25.7516	0.561346	35.3	53.3
HiC_scaffold_24	1	75592	1533	19723	26.0914	2.85821	35.4	43.3
HiC_scaffold_25	1	72691	1607	35853	49.3225	3.16101	35.4	54.1
HiC_scaffold_26	1	71458	632	34559	48.3627	1.27335	35.6	48.4
HiC_scaffold_27	1	70045	2629	52749	75.3073	5.36264	35.4	53.8
HiC_scaffold_28	1	68558	128	4319	6.29978	0.210581	35.2	52.5
HiC_scaffold_29	1	68222	973	19380	28.4073	2.1204	35.5	45
HiC_scaffold_30	1	67017	651	36514	54.4847	1.42449	35.4	47.8
HiC_scaffold_31	1	65972	56	6081	9.21755	0.125265	35.3	43.3
HiC_scaffold_32	1	64000	610	31265	48.8516	1.29939	35.5	49.8
HiC_scaffold_33	1	62684	528	15819	25.2361	1.03735	35.3	41.8
HiC_scaffold_34	1	60035	282	21055	35.0712	0.591472	35.3	52.8
HiC_scaffold_35	1	59483	118	10614	17.8438	0.291747	35.9	52.2
HiC_scaffold_36	1	58601	546	6931	11.8274	1.36027	35.2	47.7
HiC_scaffold_37	1	57907	194	11449	19.7714	0.478025	35.3	46.7
HiC_scaffold_38	1	57623	211	2499	4.33681	0.493327	35.5	39.1
HiC_scaffold_39	1	56881	644	20461	35.9716	1.30101	35.5	49.1
HiC_scaffold_40	1	56115	508	9778	17.4249	1.13665	35.5	38.8
HiC_scaffold_41	1	55753	707	22769	40.8391	1.82232	35.1	41
HiC_scaffold_42	1	55361	101	4851	8.76249	0.260201	35.2	46.7
HiC_scaffold_43	1	55333	533	10624	19.2001	1.37354	35.1	40.3
HiC_scaffold_44	1	54697	1753	45043	82.35	4.72042	35.6	55.8
HiC_scaffold_45	1	54079	73	2582	4.7745	0.150151	35.5	42.1
HiC_scaffold_46	1	53000	216	7749	14.6208	0.594943	35.1	39.8
HiC_scaffold_47	1	52728	1430	18992	36.0188	3.77777	35	47.3
HiC_scaffold_48	1	52696	330	22240	42.2043	0.920601	35.5	53.7
HiC_scaffold_49	1	52574	86	4242	8.06863	0.234812	35.3	40.3
HiC_scaffold_50	1	52452	45	1167	2.22489	0.0531724	36.2	55.9
HiC_scaffold_51	1	52291	221	5888	11.2601	0.553001	35.1	43.7
HiC_scaffold_52	1	50660	378	28227	55.7185	1.1033	35.6	56.7
HiC_scaffold_53	1	50444	1604	32951	65.3219	4.67275	35.6	55.8
HiC_scaffold_54	1	50000	559	38413	76.826	1.6383	35.6	59.9
HiC_scaffold_55	1	49402	71	5624	11.3842	0.209546	34.9	45.4
HiC_scaffold_56	1	48994	143	6882	14.0466	0.413112	35.4	42.3
HiC_scaffold_57	1	48961	89	5275	10.7739	0.266437	35.5	42.1
HiC_scaffold_58	1	48913	132	8466	17.3083	0.400773	35.5	48.2
HiC_scaffold_59	1	48516	486	13047	26.8922	1.48516	35.5	48.6
HiC_scaffold_60	1	48449	309	24384	50.3292	0.943879	35.6	52.4
HiC_scaffold_61	1	48102	128	8525	17.7228	0.382292	35.4	48.5
HiC_scaffold_62	1	47095	382	29655	62.9685	1.19735	35.5	56.7
HiC_scaffold_63	1	45946	605	27625	60.1249	1.94354	35.3	52
HiC_scaffold_64	1	45702	237	5783	12.6537	0.703689	35.3	46.1
HiC_scaffold_65	1	45164	414	11667	25.8325	1.25864	35	44.8
HiC_scaffold_66	1	45000	1184	8506	18.9022	3.68938	35.1	46.8
HiC_scaffold_67	1	44932	673	8734	19.4383	1.89088	35.3	40.8
HiC_scaffold_68	1	44535	136	9268	20.8106	0.45041	35.4	45.2
HiC_scaffold_69	1	43359	282	10686	24.6454	0.935331	35.1	44.3
HiC_scaffold_70	1	43000	323	8327	19.3651	1.00586	35.4	41.6
HiC_scaffold_71	1	42000	306	13755	32.75	0.957286	35.5	48.9
HiC_scaffold_72	1	41780	26	2080	4.97846	0.0899473	35.2	39.8
HiC_scaffold_73	1	41131	47	3714	9.02969	0.166857	35.6	47.5
HiC_scaffold_74	1	41000	146	10934	26.6683	0.526732	35.4	55.2
HiC_scaffold_75	1	40673	131	4777	11.7449	0.467878	35.5	40.7
HiC_scaffold_76	1	40021	220	4438	11.0892	0.734789	35.4	39.2
HiC_scaffold_77	1	40000	56	4454	11.135	0.203825	35	53.1
HiC_scaffold_78	1	39995	169	16153	40.3875	0.625403	35.3	53.2
HiC_scaffold_79	1	39987	39	3807	9.52059	0.144072	35.9	44
HiC_scaffold_80	1	39907	57	3833	9.60483	0.197259	34.9	52.5
HiC_scaffold_81	1	39785	380	6290	15.81	1.12809	35.3	44.3
HiC_scaffold_82	1	39714	1765	10576	26.6304	6.14937	35.2	44.5
HiC_scaffold_83	1	39603	108	9946	25.1143	0.402116	35.9	54
HiC_scaffold_84	1	39032	1015	23984	61.447	3.68651	35.3	49
HiC_scaffold_85	1	38821	290	10079	25.9628	1.06381	35.3	43.8
HiC_scaffold_86	1	38551	246	4965	12.879	0.788229	34.7	48.9
HiC_scaffold_87	1	38336	290	6994	18.2439	1.1201	35.3	41.1
HiC_scaffold_88	1	38081	226	6220	16.3336	0.825162	35.3	56.9
HiC_scaffold_89	1	37423	99	1557	4.16054	0.351255	35.2	43.7
HiC_scaffold_90	1	37049	256	11968	32.3032	1.01617	35.6	44.4
HiC_scaffold_91	1	37000	359	26835	72.527	1.40876	35.6	60
HiC_scaffold_92	1	36719	37	2779	7.56829	0.1463	35.4	53.4
HiC_scaffold_93	1	36624	271	6898	18.8346	0.987849	35.3	39.4
HiC_scaffold_94	1	36550	75	3709	10.1477	0.303037	35.9	42.4
HiC_scaffold_95	1	35915	572	15844	44.1153	2.19655	34.9	44
HiC_scaffold_96	1	35569	256	9568	26.8998	1.06663	35.4	47.1
HiC_scaffold_97	1	35569	138	9990	28.0863	0.559673	35.6	47.7
HiC_scaffold_98	1	35521	210	5124	14.4253	0.704175	35.4	48.3
HiC_scaffold_99	1	35305	1008	25721	72.8537	3.76799	35.3	58.2
HiC_scaffold_100	1	35285	324	24036	68.1196	1.35431	35.5	56.8
HiC_scaffold_101	1	35090	143	9999	28.4953	0.513879	34.8	52.5
HiC_scaffold_102	1	34736	51	4681	13.4759	0.214129	35.5	50.5
HiC_scaffold_103	1	34662	602	15159	43.7338	2.37165	35.4	41.2
HiC_scaffold_104	1	34539	102	8492	24.5867	0.436232	35.6	52.6
HiC_scaffold_105	1	34367	49	3590	10.4461	0.207757	34.8	47.6
HiC_scaffold_106	1	34092	23	1976	5.79608	0.0984395	35.7	42
HiC_scaffold_107	1	34034	1352	30116	88.488	5.71969	35.7	58.7
HiC_scaffold_108	1	34000	140	4408	12.9647	0.608029	35.5	38.4
HiC_scaffold_109	1	33013	257	10038	30.4062	1.06525	34.8	41.9
HiC_scaffold_110	1	32894	42	2457	7.46945	0.176598	35.1	45.8
HiC_scaffold_111	1	32703	93	7890	24.1262	0.425282	35.7	49
HiC_scaffold_112	1	32055	113	9370	29.231	0.501014	35.3	52.8
HiC_scaffold_113	1	31996	203	3925	12.2672	0.656426	35.3	44.2
HiC_scaffold_114	1	31869	161	6237	19.5707	0.638614	35.7	50
HiC_scaffold_115	1	31497	224	7631	24.2277	1.02343	35.3	42.9
HiC_scaffold_116	1	31452	171	14034	44.6204	0.795879	35.3	56.1
HiC_scaffold_117	1	31435	117	10659	33.9081	0.553396	35.7	49.1
HiC_scaffold_118	1	31168	248	16616	53.3111	1.15407	35.3	56.5
HiC_scaffold_119	1	31094	45	3669	11.7997	0.216312	35.4	45.5
HiC_scaffold_120	1	31000	122	9197	29.6677	0.585065	35.3	47.3
HiC_scaffold_121	1	30892	43	3035	9.82455	0.20863	35	41.9
HiC_scaffold_122	1	30671	255	6531	21.2937	1.24303	35.6	38.5
HiC_scaffold_123	1	30159	363	25100	83.2256	1.76899	35.5	60
HiC_scaffold_124	1	30112	18	2173	7.21639	0.0895988	35.3	38.6
HiC_scaffold_125	1	30000	80	2583	8.61	0.397967	35.5	39.2
HiC_scaffold_126	1	30000	74	4491	14.97	0.355	35.6	45.9
HiC_scaffold_127	1	29632	305	5435	18.3417	1.40429	35.4	42.2
HiC_scaffold_128	1	29216	96	8741	29.9185	0.476622	35.5	49.3
HiC_scaffold_129	1	29000	22	1770	6.10345	0.0980345	35.7	58.4
HiC_scaffold_130	1	28743	11	649	2.25794	0.056292	35	52.3
HiC_scaffold_131	1	28267	482	10262	36.3038	2.53072	35.7	40.4
HiC_scaffold_132	1	28006	196	6134	21.9024	1.03467	35	41.2
HiC_scaffold_133	1	27859	128	10484	37.6324	0.667684	35.4	56
HiC_scaffold_134	1	27837	358	22146	79.556	1.83213	35.1	59.4
HiC_scaffold_135	1	27503	158	6423	23.3538	0.857397	35.3	38.9
HiC_scaffold_136	1	27405	296	20766	75.7745	1.57066	35.3	59.8
HiC_scaffold_137	1	27128	4	600	2.21174	0.0221174	36.4	40
HiC_scaffold_138	1	27000	84	6602	24.4519	0.452963	35.5	52.3
HiC_scaffold_139	1	26958	43	2178	8.07923	0.234736	35.5	44.8
HiC_scaffold_140	1	26822	46	2626	9.79047	0.239654	34.8	48.7
HiC_scaffold_141	1	26714	257	9010	33.7276	1.32279	35.2	45
HiC_scaffold_142	1	26597	233	11305	42.5048	1.24687	35.4	46.7
HiC_scaffold_143	1	26526	40	2152	8.11279	0.190191	34.6	51.9
HiC_scaffold_144	1	26403	173	4437	16.8049	0.970269	35.2	41.5
HiC_scaffold_145	1	26321	338	12031	45.7087	1.90027	35.1	42.9
HiC_scaffold_146	1	26302	182	3364	12.7899	0.906623	34.5	38.7
HiC_scaffold_147	1	26228	70	5021	19.1437	0.396103	35.3	50.5
HiC_scaffold_148	1	26220	278	5747	21.9184	1.57609	35.5	38.8
HiC_scaffold_149	1	26169	52	5054	19.3129	0.290191	35.5	50.6
HiC_scaffold_150	1	26140	282	20513	78.4736	1.56301	35.3	59.9
HiC_scaffold_151	1	25970	48	3540	13.6311	0.274355	35.7	37.6
HiC_scaffold_152	1	25914	59	3053	11.7813	0.319943	35.4	45.6
HiC_scaffold_153	1	25756	18	1652	6.41404	0.104597	36	42.7
HiC_scaffold_154	1	25701	92	7967	30.9988	0.518968	35.8	52.7
HiC_scaffold_155	1	25484	650	13311	52.2328	3.73324	35.4	41.6
HiC_scaffold_156	1	25347	1229	12002	47.3508	6.62429	35	44.6
HiC_scaffold_157	1	25300	161	7050	27.8656	0.944071	35.3	43.3
HiC_scaffold_158	1	25137	293	8052	32.0325	1.66587	35.4	41.9
HiC_scaffold_159	1	25068	51	2167	8.64449	0.295317	35.7	47.6
HiC_scaffold_160	1	25021	200	13112	52.404	1.1448	35.5	55.6
HiC_scaffold_161	1	25021	24	1870	7.47372	0.141881	35.8	53
HiC_scaffold_162	1	25013	385	1694	6.77248	1.72079	35.4	43.9
HiC_scaffold_163	1	25000	8	361	1.444	0.04684	35.1	36.8
HiC_scaffold_164	1	25000	4	334	1.336	0.024	36.8	33
HiC_scaffold_165	1	25000	18	1168	4.672	0.10788	36.2	37.9
HiC_scaffold_166	1	25000	91	2871	11.484	0.523	35.1	38.1
HiC_scaffold_167	1	25000	242	16953	67.812	1.39468	35.5	59.1
HiC_scaffold_168	1	25000	318	21049	84.196	1.86172	35.4	60
HiC_scaffold_169	1	25000	310	20186	80.744	1.7724	35.5	59.1
HiC_scaffold_170	1	25000	277	19501	78.004	1.58344	35.4	59.8
HiC_scaffold_171	1	25000	350	21815	87.26	2.03568	35.3	59.9
HiC_scaffold_172	1	25000	290	20109	80.436	1.68996	35.4	59.9
HiC_scaffold_173	1	25000	301	19298	77.192	1.75604	35.6	60
HiC_scaffold_174	1	25000	281	19382	77.528	1.63636	35	59.8
HiC_scaffold_175	1	25000	328	20416	81.664	1.92152	35.6	60
HiC_scaffold_176	1	25000	296	19117	76.468	1.72508	35.4	59.1
HiC_scaffold_177	1	25000	297	19470	77.88	1.71184	35.6	59.7
HiC_scaffold_178	1	25000	269	17981	71.924	1.5678	35.5	59
HiC_scaffold_179	1	25000	270	18070	72.28	1.56864	35.7	60
HiC_scaffold_180	1	25000	227	14525	58.1	1.31144	35.8	56.8
HiC_scaffold_181	1	25000	255	18925	75.7	1.51588	35.4	60
HiC_scaffold_182	1	25000	306	20190	80.76	1.7866	35.8	59.9
HiC_scaffold_183	1	25000	119	3780	15.12	0.69856	35.5	43.6
HiC_scaffold_184	1	25000	280	19409	77.636	1.62592	35.6	59.9
HiC_scaffold_185	1	25000	259	18806	75.224	1.49572	35.4	59.9
HiC_scaffold_186	1	25000	274	19458	77.832	1.5982	35.7	59.9
HiC_scaffold_187	1	25000	26	1649	6.596	0.15572	36	46.2
HiC_scaffold_188	1	24887	212	4840	19.4479	1.14819	35.3	43.2
HiC_scaffold_189	1	24881	496	14079	56.5853	2.33375	35.3	43.9
HiC_scaffold_190	1	24860	192	13397	53.8898	1.12836	35.1	55.9
HiC_scaffold_191	1	24785	138	11074	44.6803	0.830099	35.7	49.2
HiC_scaffold_192	1	24606	4	259	1.05259	0.0210518	36.4	38.5
HiC_scaffold_193	1	24582	170	2529	10.288	0.993369	35.1	45.1
HiC_scaffold_194	1	24552	509	13594	55.3682	2.82845	35.1	46
HiC_scaffold_195	1	24515	68	5483	22.3659	0.406241	35.4	54
HiC_scaffold_196	1	24429	97	5699	23.3288	0.536084	35.8	52.3
HiC_scaffold_197	1	24404	96	5733	23.4921	0.57089	35.2	53.9
HiC_scaffold_198	1	24065	182	14801	61.5043	1.10247	35.2	56.6
HiC_scaffold_199	1	24034	56	5108	21.2532	0.347008	35.6	49.2
HiC_scaffold_200	1	24000	31	1578	6.575	0.169083	35.8	49.4
HiC_scaffold_201	1	24000	671	4149	17.2875	4.16467	35.5	45.8
HiC_scaffold_202	1	23940	276	5025	20.99	1.57381	35.2	40.7
HiC_scaffold_203	1	23878	65	2091	8.75701	0.397269	35.2	36.6
HiC_scaffold_204	1	23813	58	5232	21.9712	0.35951	35.4	52
HiC_scaffold_205	1	23764	56	4133	17.3919	0.342872	35.7	55.5
HiC_scaffold_206	1	23660	16	1694	7.15976	0.100085	34.7	45.4
HiC_scaffold_207	1	23581	168	14217	60.2901	1.05	35.5	53.9
HiC_scaffold_208	1	23490	52	2733	11.6347	0.320009	36.1	38.7
HiC_scaffold_209	1	23453	98	8419	35.8973	0.613269	35.8	55.4
HiC_scaffold_210	1	23041	40	3370	14.6261	0.251161	35.4	58
HiC_scaffold_211	1	23000	331	3210	13.9565	2.15087	35.5	38.5
HiC_scaffold_212	1	23000	113	8870	38.5652	0.724739	35.8	45.6
HiC_scaffold_213	1	23000	36	2531	11.0043	0.223522	35.6	45.5
HiC_scaffold_214	1	23000	100	4893	21.2739	0.63987	35.4	37.4
HiC_scaffold_215	1	23000	44	2894	12.5826	0.276696	36.1	53.9
HiC_scaffold_216	1	22979	11	980	4.26476	0.0712825	35.6	41.2
HiC_scaffold_217	1	22964	66	3632	15.8161	0.42706	35.3	41.7
HiC_scaffold_218	1	22956	71	6425	27.9883	0.462711	35	49.3
HiC_scaffold_220	1	22604	137	12422	54.9549	0.899044	35.7	51.1
HiC_scaffold_221	1	22426	26	1769	7.88817	0.169847	35.7	55.3
HiC_scaffold_222	1	22303	238	11021	49.4149	1.5745	35.5	47.2
HiC_scaffold_223	1	22199	84	4552	20.5054	0.548538	35.5	47.7
HiC_scaffold_224	1	22128	16	1628	7.35719	0.102223	34.8	45.7
HiC_scaffold_225	1	22127	6	697	3.15	0.0406743	36.1	43.8
HiC_scaffold_226	1	21688	84	6266	28.8916	0.567872	35.5	51.6
HiC_scaffold_227	1	21648	169	10995	50.7899	1.11895	35.4	53.6
HiC_scaffold_228	1	21608	207	10509	48.6348	1.30285	35.6	52.5
HiC_scaffold_229	1	21598	23	1887	8.73692	0.158626	35.3	37.8
HiC_scaffold_230	1	21510	18	897	4.17015	0.11153	36.1	49.6
HiC_scaffold_231	1	21437	32	1988	9.27369	0.223679	35.3	43.8
HiC_scaffold_232	1	21282	89	9291	43.6566	0.623109	35	51.2
HiC_scaffold_233	1	20959	124	4202	20.0487	0.736295	35.2	40.2
HiC_scaffold_234	1	20824	8	800	3.84172	0.0560411	34.9	57.1
HiC_scaffold_235	1	20622	47	3789	18.3736	0.335612	35.2	55.8
HiC_scaffold_236	1	20377	31	2462	12.0822	0.215341	35.9	49.7
HiC_scaffold_237	1	20369	76	6447	31.651	0.556287	35.7	51
HiC_scaffold_238	1	20340	30	1985	9.7591	0.204081	35.8	51.8
HiC_scaffold_239	1	20281	5	374	1.84409	0.0369311	34.6	45.8
HiC_scaffold_240	1	20166	42	3074	15.2435	0.307399	35.6	46.4
HiC_scaffold_241	1	20140	174	8432	41.8669	1.26936	35.4	48.7
HiC_scaffold_242	1	20135	195	14545	72.2374	1.41728	35.7	59.7
HiC_scaffold_243	1	20122	18	1649	8.19501	0.133088	34.5	51.1
HiC_scaffold_244	1	20044	26	1752	8.74077	0.193923	35.9	40.9
HiC_scaffold_245	1	20021	29	2111	10.5439	0.208082	35.3	57.7
HiC_scaffold_246	1	20000	45	2543	12.715	0.3101	35.7	52.6
HiC_scaffold_247	1	20000	41	2714	13.57	0.282	35.5	56.2
HiC_scaffold_248	1	19739	314	8860	44.8858	2.34845	35.7	42.2
HiC_scaffold_249	1	19737	5	702	3.55677	0.0376957	36.4	48.4
HiC_scaffold_250	1	19724	9	846	4.28919	0.0649463	35.6	54.9
HiC_scaffold_251	1	19667	8	649	3.29994	0.0525245	34.4	41.5
HiC_scaffold_252	1	19649	59	5266	26.8003	0.447249	35.8	52.3
HiC_scaffold_253	1	19394	32	3735	19.2585	0.246313	35.2	51.1
HiC_scaffold_254	1	19304	55	3981	20.6227	0.414163	35.7	50.1
HiC_scaffold_255	1	19231	6	741	3.85315	0.0467994	36.6	42
HiC_scaffold_256	1	19176	85	5958	31.0701	0.640645	35.1	49.2
HiC_scaffold_257	1	19156	1677	7332	38.2752	12.2656	35.2	44.1
HiC_scaffold_258	1	19143	38	1227	6.40965	0.258319	35	45.8
HiC_scaffold_259	1	19058	24	2551	13.3855	0.18853	36	50
HiC_scaffold_260	1	19000	99	4054	21.3368	0.759316	35.4	44
HiC_scaffold_261	1	18934	29	2654	14.0171	0.226788	35.5	48.8
HiC_scaffold_262	1	18930	424	8695	45.9324	3.21696	35.2	43.1
HiC_scaffold_263	1	18729	223	14922	79.6732	1.74387	35.7	57.6
HiC_scaffold_264	1	18528	35	2422	13.0721	0.253616	35.5	58.7
HiC_scaffold_265	1	18283	37	2406	13.1598	0.299677	35.3	45.7
HiC_scaffold_266	1	18272	34	1249	6.8356	0.191878	35.4	44.9
HiC_scaffold_267	1	18066	27	2584	14.3031	0.224012	35.6	47.1
HiC_scaffold_268	1	18044	14	1424	7.89182	0.107903	34.1	38.9
HiC_scaffold_269	1	18026	55	4506	24.9972	0.453401	35.4	57.3
HiC_scaffold_270	1	18000	98	6475	35.9722	0.813611	35.3	43.9
HiC_scaffold_271	1	18000	95	7537	41.8722	0.760056	35.3	50.8
HiC_scaffold_272	1	18000	50	2444	13.5778	0.3975	35.6	42.5
HiC_scaffold_273	1	17971	181	5738	31.9292	1.48806	35.5	44.7
HiC_scaffold_274	1	17888	24	2529	14.138	0.200693	35.3	42.6
HiC_scaffold_275	1	17782	39	3816	21.4599	0.309808	36	53
HiC_scaffold_276	1	17690	39	3949	22.3233	0.32329	35.5	45.4
HiC_scaffold_277	1	17675	15	1517	8.58274	0.117341	35.4	47.5
HiC_scaffold_278	1	17531	8	730	4.16405	0.0618904	35.7	49.2
HiC_scaffold_279	1	17508	258	2550	14.5648	1.21065	35.4	48.6
HiC_scaffold_280	1	17420	50	4573	26.2514	0.414351	35.4	52.2
HiC_scaffold_281	1	17399	21	1938	11.1386	0.18093	35.9	57.9
HiC_scaffold_282	1	17398	46	4743	27.2618	0.394701	35.4	49
HiC_scaffold_283	1	17257	940	6679	38.7031	6.73506	34.9	51
HiC_scaffold_284	1	17224	182	13360	77.5662	1.57385	36	52.6
HiC_scaffold_285	1	17131	62	5153	30.08	0.528632	35.3	52.6
HiC_scaffold_286	1	17073	51	3621	21.2089	0.445616	34.9	51.7
HiC_scaffold_287	1	17000	15	1364	8.02353	0.123647	35.1	51.5
HiC_scaffold_288	1	16908	18	1159	6.85474	0.147741	35.4	54.7
HiC_scaffold_289	1	16758	121	1867	11.1409	0.964674	35	44.3
HiC_scaffold_290	1	16602	175	3976	23.9489	1.40664	35.4	43.8
HiC_scaffold_291	1	16449	142	1102	6.6995	0.964557	35.2	44.6
HiC_scaffold_292	1	16346	28	2540	15.539	0.247278	35.3	53.5
HiC_scaffold_293	1	16263	241	1109	6.81916	2.0059	35.1	44.9
HiC_scaffold_294	1	16061	78	5999	37.3513	0.703692	36.2	51.6
HiC_scaffold_295	1	16000	9	723	4.51875	0.0751875	33.8	57
HiC_scaffold_296	1	16000	46	3582	22.3875	0.388688	35.8	48.5
HiC_scaffold_297	1	16000	18	1552	9.7	0.163938	35.9	50.9
HiC_scaffold_298	1	16000	53	3693	23.0813	0.471375	35.2	45.2
HiC_scaffold_299	1	16000	32	1891	11.8187	0.295375	35.1	40.2
HiC_scaffold_300	1	15603	58	4683	30.0135	0.546626	35.5	45.1
HiC_scaffold_301	1	15565	12	645	4.14391	0.088532	36.3	59.7
HiC_scaffold_302	1	15554	128	3940	25.3311	1.22579	35.1	40.2
HiC_scaffold_303	1	15467	130	6946	44.9085	1.23256	35.3	48.7
HiC_scaffold_304	1	15433	54	2382	15.4345	0.52297	35.9	35.6
HiC_scaffold_305	1	15221	42	1825	11.99	0.376519	35.6	49
HiC_scaffold_306	1	15208	14	1113	7.31852	0.137888	35.6	60
HiC_scaffold_307	1	15128	4	350	2.31359	0.0296801	36.3	60
HiC_scaffold_308	1	15037	58	5179	34.4417	0.570992	35.8	52.2
HiC_scaffold_309	1	15027	55	4122	27.4306	0.532175	35.4	49.7
HiC_scaffold_310	1	15014	58	5688	37.8846	0.548754	35.6	59.5
HiC_scaffold_311	1	15000	76	7533	50.22	0.7554	35.6	49.3
HiC_scaffold_312	1	14886	95	8848	59.4384	0.95002	35.6	50.3
HiC_scaffold_313	1	14872	41	1566	10.5299	0.405998	34.9	39.4
HiC_scaffold_314	1	14743	27	1853	12.5687	0.267178	35.9	59.3
HiC_scaffold_315	1	14719	19	1081	7.34425	0.180787	34.8	56.9
HiC_scaffold_316	1	14619	71	5974	40.8646	0.674875	35.2	51.2
HiC_scaffold_317	1	14567	16	1772	12.1645	0.160225	35.6	49.8
HiC_scaffold_318	1	14553	30	2217	15.234	0.308871	36	47
HiC_scaffold_319	1	14548	121	6857	47.1336	1.22732	35.8	48.1
HiC_scaffold_320	1	14465	36	2722	18.8178	0.370411	36.2	53.2
HiC_scaffold_321	1	14408	73	5188	36.0078	0.740422	34.7	46.1
HiC_scaffold_322	1	14386	30	2974	20.6729	0.3119	35.5	43.9
HiC_scaffold_323	1	14298	205	5785	40.4602	1.65918	34.1	49
HiC_scaffold_324	1	14091	125	6564	46.5829	1.30445	35.2	49
HiC_scaffold_325	1	14000	54	3480	24.8571	0.553071	35.5	46.9
HiC_scaffold_326	1	14000	24	1425	10.1786	0.235357	35.4	46.7
HiC_scaffold_327	1	13966	57	3444	24.6599	0.60812	35.6	46.1
HiC_scaffold_328	1	13312	152	10745	80.7166	1.64235	35.4	60
HiC_scaffold_329	1	13309	77	7552	56.7436	0.859118	36	49
HiC_scaffold_330	1	13245	80	6682	50.4492	0.882144	35.9	53.8
HiC_scaffold_331	1	13138	140	9548	72.6747	1.53836	35.5	59.4
HiC_scaffold_332	1	13083	4	461	3.52366	0.045861	33.9	45
HiC_scaffold_333	1	13000	58	3463	26.6385	0.658846	35.5	51.5
HiC_scaffold_334	1	13000	46	3442	26.4769	0.508923	35.6	53.6
HiC_scaffold_335	1	13000	24	1898	14.6	0.221462	35.2	55.3
HiC_scaffold_336	1	12527	232	5370	42.8674	2.70919	35.1	39.8
HiC_scaffold_337	1	12325	7	1033	8.38134	0.0851116	35.8	42.3
HiC_scaffold_338	1	12210	16	1452	11.8919	0.185176	36.3	50.9
HiC_scaffold_339	1	12140	117	7865	64.7858	1.38344	35.2	57
HiC_scaffold_340	1	12103	35	2630	21.7301	0.417913	34.3	47.2
HiC_scaffold_341	1	11792	5	353	2.99355	0.036211	29.8	56
HiC_scaffold_342	1	11769	80	1734	14.7336	1.01674	35.8	39.3
HiC_scaffold_343	1	11768	49	4248	36.0979	0.600612	35.7	54.5
HiC_scaffold_344	1	11552	79	7097	61.4352	1.00009	35.3	56.8
HiC_scaffold_345	1	11294	40	2165	19.1695	0.507349	35.9	48.7
HiC_scaffold_346	1	11220	128	8565	76.3369	1.64688	35.6	57.7
HiC_scaffold_347	1	11009	991	6626	60.1871	12.552	34.9	42.3
HiC_scaffold_348	1	11007	54	4761	43.2543	0.725538	35.7	49.2
HiC_scaffold_349	1	11000	61	5704	51.8545	0.825909	35.4	55
HiC_scaffold_350	1	10932	52	2844	26.0154	0.687614	35.4	44.1
HiC_scaffold_351	1	10903	92	5228	47.9501	1.19059	35.8	55.7
HiC_scaffold_352	1	10862	103	7061	65.0064	1.39238	35.8	58.7
HiC_scaffold_353	1	10825	94	6204	57.3118	1.246	35.5	55.6
HiC_scaffold_354	1	10780	95	7190	66.6976	1.29286	35.4	53.6
HiC_scaffold_355	1	10606	16	1306	12.3138	0.214124	35.3	55.1
HiC_scaffold_356	1	10316	19	667	6.46568	0.225378	36	60
HiC_scaffold_357	1	10313	73	5902	57.2287	1.04567	35.6	58.1
HiC_scaffold_358	1	10116	10	1400	13.8395	0.147786	36.6	40.7
HiC_scaffold_359	1	9728	897	3946	40.5633	11.9931	35.2	41
HiC_scaffold_360	1	9582	29	2045	21.3421	0.43446	34.9	48.1
HiC_scaffold_361	1	9577	31	2696	28.1508	0.482197	36.2	48.4
HiC_scaffold_362	1	9324	32	2575	27.6169	0.512763	35.1	48.1
HiC_scaffold_363	1	9309	105	7158	76.8933	1.60479	35.4	59.5
HiC_scaffold_364	1	9000	16	1188	13.2	0.252	35.5	53.6
HiC_scaffold_365	1	8972	14	1144	12.7508	0.212439	35.4	55.9
HiC_scaffold_366	1	8717	10	699	8.01881	0.161868	36.2	52
HiC_scaffold_367	1	8598	25	1082	12.5843	0.268202	33.1	45.9
HiC_scaffold_368	1	8517	10	585	6.86862	0.154397	34.4	60
HiC_scaffold_369	1	8159	33	3158	38.7057	0.558769	35.1	48.8
HiC_scaffold_370	1	8000	14	445	5.5625	0.25825	35.6	40
HiC_scaffold_371	1	7755	17	1570	20.245	0.326628	35.1	51.8
HiC_scaffold_372	1	7349	30	2976	40.4953	0.577085	34.8	53.6
HiC_scaffold_373	1	7312	37	2891	39.5377	0.66767	34.7	54.8
HiC_scaffold_374	1	7226	32	2272	31.442	0.645862	34.8	56.6
HiC_scaffold_375	1	7101	12	1374	19.3494	0.253063	36.5	53.8
HiC_scaffold_376	1	7000	70	2567	36.6714	1.41671	35.6	39.9
HiC_scaffold_377	1	7000	39	3602	51.4571	0.825429	35.6	54.9
HiC_scaffold_378	1	7000	74	1837	26.2429	1.56843	34.9	39.5
HiC_scaffold_379	1	6605	42	2580	39.0613	0.864648	35.1	51.6
HiC_scaffold_380	1	6537	75	5307	81.184	1.67845	35.9	58
HiC_scaffold_381	1	6484	47	3711	57.2332	1.0822	35.1	59
HiC_scaffold_382	1	6459	27	2774	42.9478	0.624865	36.1	53.3
HiC_scaffold_383	1	6245	22	1428	22.8663	0.51193	36	55.3
HiC_scaffold_384	1	6125	53	4145	67.6735	1.27984	34.8	54.7
HiC_scaffold_385	1	6000	45	3428	57.1333	1.067	36	56.6
HiC_scaffold_386	1	6000	23	1914	31.9	0.5455	36.3	57.4
HiC_scaffold_387	1	6000	48	3912	65.2	1.17	35.8	50.5
HiC_scaffold_388	1	5993	16	804	13.4157	0.32588	35.8	50.2
HiC_scaffold_389	1	5821	30	2563	44.0302	0.770314	35.7	49.3
HiC_scaffold_390	1	5673	80	3869	68.2002	2.10788	35.3	51.6
HiC_scaffold_391	1	5000	23	1511	30.22	0.6566	35.4	57.4
HiC_scaffold_392	1	5000	24	1701	34.02	0.6874	35.9	56.6
HiC_scaffold_393	1	4994	2168	3552	71.1254	58.4417	35.1	47.3
HiC_scaffold_394	1	4893	59	4064	83.0574	1.77335	35.5	52.8
HiC_scaffold_395	1	4891	43	3215	65.733	1.1971	35.2	59.6
HiC_scaffold_396	1	4877	10	1328	27.2299	0.298544	35.6	46.5
HiC_scaffold_397	1	4000	31	1304	32.6	1.11775	35.2	43.4
HiC_scaffold_398	1	4000	56	3216	80.4	1.929	35.6	57.5
HiC_scaffold_399	1	4000	52	3150	78.75	1.942	36.1	53.9
HiC_scaffold_400	1	4000	161	1135	28.375	5.07175	35.1	46.2
HiC_scaffold_401	1	3971	45	3195	80.4583	1.60337	35.9	58.9
HiC_scaffold_402	1	3919	13	662	16.8921	0.422812	35.5	56.1
HiC_scaffold_403	1	3281	44	2882	87.8391	1.93203	35.9	58.3
HiC_scaffold_405	1	3259	20	2006	61.5526	0.858239	36.1	60
HiC_scaffold_406	1	3042	16	1103	36.259	0.770546	36.4	47.9
HiC_scaffold_407	1	3035	17	1468	48.369	0.7229	34.7	60
HiC_scaffold_408	1	3003	12	990	32.967	0.561106	36.4	44.6
HiC_scaffold_409	1	3003	4	532	17.7156	0.197136	36	48.8
HiC_scaffold_410	1	3000	40	1879	62.6333	1.903	35	55.9
HiC_scaffold_411	1	3000	23	1145	38.1667	1.12467	36.1	42.4
HiC_scaffold_412	1	3000	36	2547	84.9	1.651	35.8	56.1
HiC_scaffold_413	1	3000	32	2374	79.1333	1.467	35.8	57.2
HiC_scaffold_414	1	3000	24	2029	67.6333	1.19633	36.1	50.9
HiC_scaffold_415	1	2897	30	2191	75.63	1.53745	34.8	51.9
HiC_scaffold_416	1	2563	60	1376	53.6871	3.02575	35.6	46.5
HiC_scaffold_417	1	2259	27	1932	85.5246	1.75919	36	60
HiC_scaffold_418	1	2125	2	300	14.1176	0.141176	36.2	60
HiC_scaffold_419	1	2021	28	1831	90.5987	1.95893	35.9	60
HiC_scaffold_420	1	2000	18	1476	73.8	1.14	35	60
HiC_scaffold_421	1	2000	17	1198	59.9	1.244	35.8	50.3
HiC_scaffold_422	1	2000	30	1424	71.2	1.8835	35.7	59.3
HiC_scaffold_423	1	1676	4	559	33.3532	0.357995	36.2	50
HiC_scaffold_424	1	1484	5	427	28.7736	0.452156	36.8	56
HiC_scaffold_425	1	1447	11	864	59.7097	1.11818	36	58.2
HiC_scaffold_426	1	1382	10	1020	73.8061	1.03184	36.1	60
HiC_scaffold_427	1	1353	6	691	51.0717	0.5898	35.7	60
HiC_scaffold_428	1	1184	4	420	35.473	0.505068	36.6	50.8
HiC_scaffold_429	1	1175	9	786	66.8936	1.04681	35.6	60
HiC_scaffold_430	1	1138	19	1063	93.4095	1.92531	34.7	56.7
HiC_scaffold_431	1	1108	15	1052	94.9458	1.86101	36.1	60
HiC_scaffold_432	1	1097	6	640	58.3409	0.765725	36.1	56.8
HiC_scaffold_433	1	1005	8	342	34.0299	0.867662	34.4	45.6
HiC_scaffold_434	1	1000	11	853	85.3	1.576	36.1	56.7
HiC_scaffold_435	1	1000	19	875	87.5	2.501	35.6	60
HiC_scaffold_436	1	1000	9	537	53.7	1.182	35	60
HiC_scaffold_437	1	1000	11	785	78.5	1.487	35.5	60
HiC_scaffold_438	1	1000	8	491	49.1	1.091	36.5	60
HiC_scaffold_439	1	1000	15	992	99.2	1.997	35.9	60
HiC_scaffold_440	1	1000	6	738	73.8	0.767	35.8	60
HiC_scaffold_441	1	1000	15	740	74	1.654	35.8	58.9
HiC_scaffold_442	1	1000	8	558	55.8	1.071	36.6	60
HiC_scaffold_443	1	1000	14	843	84.3	1.788	35.7	60
HiC_scaffold_444	1	1000	11	792	79.2	1.522	35.7	52.8
HiC_scaffold_445	1	1000	13	797	79.7	1.585	36.3	60
HiC_scaffold_446	1	1000	17	443	44.3	2.295	35.9	40.1
HiC_scaffold_447	1	1000	7	776	77.6	1.005	36.1	55.6
HiC_scaffold_448	1	1000	14	912	91.2	1.582	36.1	58.9
HiC_scaffold_449	1	1000	10	623	62.3	1.351	36.2	60
HiC_scaffold_450	1	1000	6	303	30.3	0.9	36.8	55.3
HiC_scaffold_451	1	1000	11	837	83.7	1.617	35.6	55.7
HiC_scaffold_452	1	1000	9	819	81.9	1.289	36.4	60
HiC_scaffold_453	1	1000	38	309	30.9	4.393	35.7	49.6
mitochondria	1	17813	56828	17671	99.2028	462.585	35.5	59.4
HiC_scaffold_219	1	22812	0	0	0	0	0	0
HiC_scaffold_404	1	3264	0	0	0	0	0	0
HiC_scaffold_454	1	2000	0	0	0	0	0	0
