#rname	startpos	endpos	numreads	covbases	coverage	meandepth	meanbaseq	meanmapq
HiC_scaffold_1	1	75050035	992987	59981344	79.9218	1.92581	35.6	59.2
HiC_scaffold_2	1	56816963	753507	45459872	80.0111	1.92929	35.6	59.2
HiC_scaffold_3	1	109611085	1393849	85313370	77.8328	1.85171	35.6	58.8
HiC_scaffold_4	1	81599725	1064942	64558705	79.1163	1.89986	35.6	59.1
HiC_scaffold_5	1	72353455	959407	57977886	80.1315	1.92994	35.6	59.3
HiC_scaffold_6	1	67692486	898350	54188874	80.0515	1.93053	35.6	59.2
HiC_scaffold_7	1	59159807	783489	46868778	79.224	1.92435	35.5	59
HiC_scaffold_8	1	13479537	92022	7857236	58.2901	0.997277	35.6	59.4
HiC_scaffold_9	1	58964884	782287	46972249	79.6614	1.92916	35.6	59.2
HiC_scaffold_10	1	36732878	483110	28938744	78.7816	1.91111	35.5	59
HiC_scaffold_11	1	27384	303	6943	25.3542	1.6407	35.2	43.6
HiC_scaffold_12	1	33592	2545	8421	25.0685	10.1963	35.1	46.6
HiC_scaffold_13	1	184337	9040	146028	79.218	6.90296	35.5	53.1
HiC_scaffold_14	1	85992	2094	52995	61.6278	3.36093	34.9	45.4
HiC_scaffold_15	1	87022	1233	30366	34.8946	1.95453	35.3	46.6
HiC_scaffold_16	1	89609	2875	10431	11.6406	3.50505	35.6	50.5
HiC_scaffold_17	1	164154	1406	51145	31.1567	1.22283	35.4	51
HiC_scaffold_18	1	104921	116	7354	7.00908	0.153878	35.3	42.9
HiC_scaffold_19	1	103720	573	35628	34.3502	0.806161	35.4	48.3
HiC_scaffold_20	1	90353	894	31902	35.3082	1.40848	35.2	49.3
HiC_scaffold_21	1	85252	471	28207	33.0866	0.789483	35.3	47.4
HiC_scaffold_22	1	80500	495	24480	30.4099	0.907056	35.6	50.1
HiC_scaffold_23	1	75743	420	22685	29.95	0.817184	35.5	53.8
HiC_scaffold_24	1	75592	1999	18109	23.9562	3.74604	35.4	43.4
HiC_scaffold_25	1	72691	1334	35100	48.2866	2.5984	35.3	53.7
HiC_scaffold_26	1	71458	766	39219	54.884	1.55311	35.4	48.3
HiC_scaffold_27	1	70045	2991	54459	77.7486	6.04157	35.3	51.8
HiC_scaffold_28	1	68558	150	8299	12.1051	0.301847	35.3	51.8
HiC_scaffold_29	1	68222	926	21111	30.9446	2.01922	35.4	45.7
HiC_scaffold_30	1	67017	867	39299	58.6403	1.88109	35.5	46.5
HiC_scaffold_31	1	65972	106	9811	14.8715	0.238632	35.5	46.7
HiC_scaffold_32	1	64000	710	36597	57.1828	1.54456	35.4	50
HiC_scaffold_33	1	62684	645	19376	30.9106	1.30576	35.5	43.8
HiC_scaffold_34	1	60035	546	34832	58.0195	1.26786	35.6	55.3
HiC_scaffold_35	1	59483	177	15194	25.5434	0.438159	35.7	48.6
HiC_scaffold_36	1	58601	590	5468	9.3309	1.45431	35	43.8
HiC_scaffold_37	1	57907	232	12436	21.4758	0.578652	35.7	49.7
HiC_scaffold_38	1	57623	205	2857	4.95809	0.472832	35.4	38.5
HiC_scaffold_39	1	56881	798	22157	38.9533	1.65459	35.5	49.3
HiC_scaffold_40	1	56115	645	11161	19.8895	1.45359	35.6	38.9
HiC_scaffold_41	1	55753	892	23200	41.6121	2.30926	35.4	41.5
HiC_scaffold_42	1	55361	73	3896	7.03745	0.188183	34.8	44.7
HiC_scaffold_43	1	55333	680	12107	21.8803	1.72862	35.2	39.9
HiC_scaffold_44	1	54697	1806	45027	82.3208	4.83204	35.6	56.1
HiC_scaffold_45	1	54079	98	4068	7.52233	0.201224	35.4	48.7
HiC_scaffold_46	1	53000	204	6774	12.7811	0.554434	35.8	41.2
HiC_scaffold_47	1	52728	1361	23170	43.9425	3.64673	35.1	47.3
HiC_scaffold_48	1	52696	441	24517	46.5254	1.22239	35.6	54.1
HiC_scaffold_49	1	52574	103	5210	9.90984	0.287804	35	42.3
HiC_scaffold_50	1	52452	32	972	1.85312	0.0384161	35.9	49.6
HiC_scaffold_51	1	52291	260	9514	18.1943	0.670995	35.2	45.1
HiC_scaffold_52	1	50660	459	30199	59.6111	1.33784	35.7	57.3
HiC_scaffold_53	1	50444	1427	31871	63.181	4.16579	35.7	56.3
HiC_scaffold_54	1	50000	652	40136	80.272	1.91032	35.5	59.8
HiC_scaffold_55	1	49402	77	4983	10.0866	0.229991	35.3	42.7
HiC_scaffold_56	1	48994	169	7459	15.2243	0.49006	35.3	43.7
HiC_scaffold_57	1	48961	135	6473	13.2207	0.40281	35.3	44.3
HiC_scaffold_58	1	48913	364	24319	49.7189	1.09971	35.9	50.2
HiC_scaffold_59	1	48516	659	15569	32.0904	2.02208	35.5	48.2
HiC_scaffold_60	1	48449	402	27508	56.7772	1.2257	35.5	53.2
HiC_scaffold_61	1	48102	145	10134	21.0677	0.445844	35.1	49.7
HiC_scaffold_62	1	47095	454	29977	63.6522	1.40839	35.7	56.2
HiC_scaffold_63	1	45946	599	25937	56.4511	1.91945	35.5	53.7
HiC_scaffold_64	1	45702	217	5132	11.2293	0.637718	35.6	45.5
HiC_scaffold_65	1	45164	548	12698	28.1153	1.67822	35.2	45.7
HiC_scaffold_66	1	45000	1071	10006	22.2356	3.33211	35.3	47.9
HiC_scaffold_67	1	44932	831	9454	21.0407	2.25145	35.3	41
HiC_scaffold_68	1	44535	82	7090	15.9201	0.268081	35.6	45.8
HiC_scaffold_69	1	43359	393	12430	28.6676	1.32028	35.3	43.6
HiC_scaffold_70	1	43000	299	7657	17.807	0.873512	35.5	42.6
HiC_scaffold_71	1	42000	360	13865	33.0119	1.10367	35.6	49.1
HiC_scaffold_72	1	41780	27	1753	4.19579	0.0922212	35.7	44.2
HiC_scaffold_73	1	41131	67	4595	11.1716	0.239381	35.2	44.9
HiC_scaffold_74	1	41000	180	11330	27.6341	0.651024	35.6	56.8
HiC_scaffold_75	1	40673	158	4490	11.0393	0.566518	35.7	41.5
HiC_scaffold_76	1	40021	278	5425	13.5554	0.936458	34.7	40.6
HiC_scaffold_77	1	40000	78	4185	10.4625	0.28105	35.3	53.4
HiC_scaffold_78	1	39995	221	17938	44.8506	0.795949	35.9	53.4
HiC_scaffold_79	1	39987	33	2913	7.28487	0.122465	35.5	43.5
HiC_scaffold_80	1	39907	69	4946	12.3938	0.241361	35.5	54.1
HiC_scaffold_81	1	39785	272	7125	17.9088	0.782229	35.1	45.2
HiC_scaffold_82	1	39714	2192	12207	30.7373	7.67465	35.2	44.8
HiC_scaffold_83	1	39603	166	12290	31.033	0.619675	35.4	53.7
HiC_scaffold_84	1	39032	1576	25729	65.9177	5.6013	35.3	49.1
HiC_scaffold_85	1	38821	313	9298	23.951	1.1535	35.5	44.8
HiC_scaffold_86	1	38551	281	4719	12.2409	0.918134	35.4	46.1
HiC_scaffold_87	1	38336	152	5481	14.2973	0.588194	35	41.8
HiC_scaffold_88	1	38081	308	7142	18.7548	1.14834	35.5	56.8
HiC_scaffold_89	1	37423	130	1574	4.20597	0.484969	35	44.9
HiC_scaffold_90	1	37049	632	10743	28.9967	2.52779	35.6	42.7
HiC_scaffold_91	1	37000	562	31994	86.4703	2.21519	35.8	60
HiC_scaffold_92	1	36719	83	4797	13.0641	0.332062	35.9	53.6
HiC_scaffold_93	1	36624	339	7281	19.8804	1.24257	35.6	41.8
HiC_scaffold_94	1	36550	134	3715	10.1642	0.544405	35.9	41.1
HiC_scaffold_95	1	35915	1026	17040	47.4454	4.02553	35.1	44.5
HiC_scaffold_96	1	35569	373	12329	34.6622	1.54674	35.5	48.9
HiC_scaffold_97	1	35569	183	6907	19.4186	0.714077	35.4	47.1
HiC_scaffold_98	1	35521	227	5008	14.0987	0.678838	35.4	48.4
HiC_scaffold_99	1	35305	1473	27341	77.4423	5.46685	35.5	58
HiC_scaffold_100	1	35285	400	25047	70.9848	1.63608	35.6	58
HiC_scaffold_101	1	35090	197	12984	37.002	0.765945	35.1	53.2
HiC_scaffold_102	1	34736	73	5884	16.9392	0.31037	35.5	50.5
HiC_scaffold_103	1	34662	653	16158	46.6159	2.65016	35.5	42.4
HiC_scaffold_104	1	34539	105	8965	25.9562	0.453719	35.6	50
HiC_scaffold_105	1	34367	62	4387	12.7652	0.254605	35.3	47.3
HiC_scaffold_106	1	34092	5	445	1.30529	0.0205913	36.6	48.4
HiC_scaffold_107	1	34034	1072	30394	89.3048	4.52553	35.5	58
HiC_scaffold_108	1	34000	212	4736	13.9294	0.918412	35.3	40.4
HiC_scaffold_109	1	33013	302	11188	33.8897	1.22521	34.8	43.6
HiC_scaffold_110	1	32894	44	2243	6.81887	0.188788	35.2	55.1
HiC_scaffold_111	1	32703	73	7042	21.5332	0.329205	35.8	47.5
HiC_scaffold_112	1	32055	138	8971	27.9863	0.626704	35.5	53
HiC_scaffold_113	1	31996	236	3875	12.1109	0.762533	35.2	41.7
HiC_scaffold_114	1	31869	193	7918	24.8455	0.809439	35.4	50.6
HiC_scaffold_115	1	31497	232	9725	30.876	1.04769	34.9	43.1
HiC_scaffold_116	1	31452	232	16295	51.8091	1.08146	35.6	54.9
HiC_scaffold_117	1	31435	157	13464	42.8312	0.736822	35.6	51.1
HiC_scaffold_118	1	31168	312	18634	59.7857	1.43894	35.5	56.5
HiC_scaffold_119	1	31094	51	3310	10.6451	0.24471	35.5	45.1
HiC_scaffold_120	1	31000	115	8539	27.5452	0.550548	35.4	47.6
HiC_scaffold_121	1	30892	67	4509	14.596	0.313771	35	42.3
HiC_scaffold_122	1	30671	331	5920	19.3016	1.61276	35.6	37.2
HiC_scaffold_123	1	30159	452	26437	87.6587	2.18668	35.5	59.9
HiC_scaffold_124	1	30112	14	1512	5.02125	0.0696732	35.5	38.6
HiC_scaffold_125	1	30000	105	3183	10.61	0.5167	35.6	40
HiC_scaffold_126	1	30000	39	3105	10.35	0.190833	35	50.1
HiC_scaffold_127	1	29632	367	4845	16.3506	1.67798	35.3	43.6
HiC_scaffold_128	1	29216	119	9208	31.517	0.595838	35.5	50.1
HiC_scaffold_129	1	29000	46	3129	10.7897	0.220828	35.2	54
HiC_scaffold_130	1	28743	18	1481	5.15256	0.0918137	35.7	47.8
HiC_scaffold_131	1	28267	581	9549	33.7814	3.05222	35.6	40.2
HiC_scaffold_132	1	28006	365	7168	25.5945	1.92548	35.3	40.5
HiC_scaffold_133	1	27859	133	11353	40.7516	0.699415	35.7	54.9
HiC_scaffold_134	1	27837	415	23240	83.486	2.14779	35.4	59.8
HiC_scaffold_135	1	27503	198	5872	21.3504	1.06916	35.8	38.5
HiC_scaffold_136	1	27405	359	21489	78.4127	1.90899	35.5	60
HiC_scaffold_137	1	27128	8	1176	4.335	0.0442347	35	41.5
HiC_scaffold_138	1	27000	113	7225	26.7593	0.604778	36	50.5
HiC_scaffold_139	1	26958	45	2495	9.25514	0.244158	35.2	42.9
HiC_scaffold_140	1	26822	31	2505	9.33935	0.154463	35.3	44
HiC_scaffold_141	1	26714	507	10333	38.6801	2.62024	35.5	46
HiC_scaffold_142	1	26597	280	10958	41.2001	1.47408	35.2	47.8
HiC_scaffold_143	1	26526	65	2589	9.76024	0.320063	35.1	51.3
HiC_scaffold_144	1	26403	204	4438	16.8087	1.15191	35.4	41.9
HiC_scaffold_145	1	26321	572	14158	53.7897	3.21188	35.4	41.6
HiC_scaffold_146	1	26302	162	2811	10.6874	0.803133	35	39.5
HiC_scaffold_147	1	26228	72	5327	20.3104	0.402127	35.6	51
HiC_scaffold_148	1	26220	284	6055	23.0931	1.61232	35.6	39.4
HiC_scaffold_149	1	26169	73	5338	20.3982	0.413161	35.3	54
HiC_scaffold_150	1	26140	398	22706	86.863	2.20979	35.4	59.8
HiC_scaffold_151	1	25970	78	4789	18.4405	0.448749	35.3	38.5
HiC_scaffold_152	1	25914	64	3401	13.1242	0.331327	35.2	43.2
HiC_scaffold_153	1	25756	30	3023	11.7371	0.174561	35.6	45.6
HiC_scaffold_154	1	25701	79	6909	26.8822	0.435703	35.1	50.2
HiC_scaffold_155	1	25484	625	11990	47.0491	3.55113	35.3	42
HiC_scaffold_156	1	25347	1881	13966	55.0992	9.99519	35	44.9
HiC_scaffold_157	1	25300	171	7885	31.166	0.978617	35.8	47.6
HiC_scaffold_158	1	25137	733	11019	43.8358	4.15336	35.2	41.9
HiC_scaffold_159	1	25068	29	1353	5.39732	0.166587	34.9	46.3
HiC_scaffold_160	1	25021	215	14258	56.9841	1.25287	35.4	55.7
HiC_scaffold_161	1	25021	47	3568	14.26	0.281244	35.2	51.7
HiC_scaffold_162	1	25013	458	2027	8.10379	2.08683	35.4	44.2
HiC_scaffold_163	1	25000	10	909	3.636	0.05692	34.1	35.5
HiC_scaffold_164	1	25000	10	629	2.516	0.05988	35	35.9
HiC_scaffold_165	1	25000	2	299	1.196	0.01196	34	40
HiC_scaffold_166	1	25000	123	2826	11.304	0.7042	34.8	38.6
HiC_scaffold_167	1	25000	364	20646	82.584	2.10944	35.5	59.2
HiC_scaffold_168	1	25000	365	21554	86.216	2.13808	35.4	59.9
HiC_scaffold_169	1	25000	385	21862	87.448	2.19824	35.5	59.3
HiC_scaffold_170	1	25000	330	20504	82.016	1.91012	35.6	59.9
HiC_scaffold_171	1	25000	361	21083	84.332	2.132	35.8	60
HiC_scaffold_172	1	25000	396	22109	88.436	2.31124	35.5	59.8
HiC_scaffold_173	1	25000	349	21277	85.108	2.00308	35.4	59.8
HiC_scaffold_174	1	25000	374	21537	86.148	2.15112	35.3	60
HiC_scaffold_175	1	25000	331	20454	81.816	1.94528	35.4	60
HiC_scaffold_176	1	25000	310	19266	77.064	1.80292	35.5	59.5
HiC_scaffold_177	1	25000	400	21820	87.28	2.29468	35.4	59.4
HiC_scaffold_178	1	25000	324	20268	81.072	1.8802	35.3	59.2
HiC_scaffold_179	1	25000	306	18585	74.34	1.7628	35.6	59.8
HiC_scaffold_180	1	25000	343	17994	71.976	1.95888	35.5	55.8
HiC_scaffold_181	1	25000	408	21941	87.764	2.38436	35.8	60
HiC_scaffold_182	1	25000	373	22466	89.864	2.12452	35.6	59.8
HiC_scaffold_183	1	25000	149	3941	15.764	0.88476	35.7	42.7
HiC_scaffold_184	1	25000	402	22598	90.392	2.35696	35.6	59.8
HiC_scaffold_185	1	25000	1058	24923	99.692	6.1492	35.5	59.6
HiC_scaffold_186	1	25000	379	21901	87.604	2.20228	35.5	60
HiC_scaffold_187	1	25000	19	1373	5.492	0.1122	35.9	57.6
HiC_scaffold_188	1	24887	111	3245	13.0389	0.605778	35	44.3
HiC_scaffold_189	1	24881	754	14728	59.1938	3.6101	35.4	43.4
HiC_scaffold_190	1	24860	253	14774	59.4288	1.48029	34.9	56.8
HiC_scaffold_191	1	24785	160	11215	45.2491	0.95582	35.5	48.4
HiC_scaffold_192	1	24606	16	1805	7.33561	0.0957084	36	42.2
HiC_scaffold_193	1	24582	179	2601	10.5809	1.0644	35.2	44.4
HiC_scaffold_194	1	24552	768	11665	47.5114	4.22601	35.4	45.4
HiC_scaffold_195	1	24515	108	7124	29.0598	0.632592	35.5	53.8
HiC_scaffold_196	1	24429	131	5955	24.3768	0.720619	35.4	53.4
HiC_scaffold_197	1	24404	102	6340	25.9793	0.608056	35.4	56
HiC_scaffold_198	1	24065	254	16389	68.1031	1.54897	35.6	56.7
HiC_scaffold_199	1	24034	78	5173	21.5237	0.485978	35.4	49.1
HiC_scaffold_200	1	24000	26	1349	5.62083	0.151917	35.8	49.5
HiC_scaffold_201	1	24000	740	5066	21.1083	4.57583	35.6	46.6
HiC_scaffold_202	1	23940	308	4621	19.3024	1.80931	35.4	39.5
HiC_scaffold_203	1	23878	141	3552	14.8756	0.881439	35.7	36.5
HiC_scaffold_204	1	23813	101	8653	36.3373	0.618024	35.2	53.3
HiC_scaffold_205	1	23764	68	5244	22.067	0.425854	35.5	50.5
HiC_scaffold_206	1	23660	8	960	4.05748	0.0506762	36.3	46
HiC_scaffold_207	1	23581	258	17329	73.4871	1.6152	35.5	52.7
HiC_scaffold_208	1	23490	77	3803	16.1899	0.481439	35.7	39.8
HiC_scaffold_209	1	23453	185	12112	51.6437	1.15947	35.7	53.5
HiC_scaffold_210	1	23041	52	3057	13.2677	0.319561	36	58.4
HiC_scaffold_211	1	23000	457	3634	15.8	2.95348	35.8	39.2
HiC_scaffold_212	1	23000	197	11149	48.4739	1.25409	35.4	47.7
HiC_scaffold_213	1	23000	28	2676	11.6348	0.182217	35.6	44.4
HiC_scaffold_214	1	23000	165	6107	26.5522	1.05557	35.6	39.7
HiC_scaffold_215	1	23000	73	3988	17.3391	0.455217	35.9	51.6
HiC_scaffold_216	1	22979	11	970	4.22125	0.0706732	36.2	43.3
HiC_scaffold_217	1	22964	99	3329	14.4966	0.637128	35.4	42.2
HiC_scaffold_218	1	22956	105	7706	33.5686	0.675466	35.6	49.5
HiC_scaffold_219	1	22812	2	224	0.981939	0.013151	36.9	43.5
HiC_scaffold_220	1	22604	161	9809	43.395	1.0388	35.6	53.5
HiC_scaffold_221	1	22426	28	2287	10.198	0.184875	34.8	51.4
HiC_scaffold_222	1	22303	197	9851	44.1689	1.29906	35.6	48.1
HiC_scaffold_223	1	22199	110	4839	21.7983	0.716789	35.5	48.2
HiC_scaffold_224	1	22128	16	1548	6.99566	0.101726	34.1	48.3
HiC_scaffold_225	1	22127	4	369	1.66765	0.0269354	33.2	41.5
HiC_scaffold_226	1	21688	167	8038	37.062	1.13109	35.2	49.1
HiC_scaffold_227	1	21648	269	15550	71.8311	1.81934	35.4	53.8
HiC_scaffold_228	1	21608	251	11668	53.9985	1.58182	35.5	51.6
HiC_scaffold_229	1	21598	15	1143	5.29216	0.103065	34	35
HiC_scaffold_230	1	21510	18	1336	6.21106	0.120874	34.6	53.4
HiC_scaffold_231	1	21437	53	3696	17.2412	0.362457	35.5	47.2
HiC_scaffold_232	1	21282	162	12027	56.5125	1.12367	35.7	48.8
HiC_scaffold_233	1	20959	136	4245	20.2538	0.817358	35.4	40.5
HiC_scaffold_234	1	20824	22	1472	7.06877	0.14685	35.4	53.5
HiC_scaffold_235	1	20622	70	4314	20.9194	0.494569	35.4	54.4
HiC_scaffold_236	1	20377	54	4224	20.7293	0.377926	35.7	49.5
HiC_scaffold_237	1	20369	94	6831	33.5363	0.678286	35	49.4
HiC_scaffold_238	1	20340	40	3189	15.6785	0.290315	35.2	47.2
HiC_scaffold_239	1	20281	47	2506	12.3564	0.314876	34.8	40.5
HiC_scaffold_240	1	20166	27	2008	9.95735	0.196816	35.7	54.1
HiC_scaffold_241	1	20140	189	9634	47.8352	1.35606	35.3	51.2
HiC_scaffold_242	1	20135	236	15751	78.227	1.70713	35.6	59.3
HiC_scaffold_243	1	20122	19	1362	6.76871	0.129212	36.2	54.7
HiC_scaffold_244	1	20044	55	1959	9.7735	0.382059	35.4	46.3
HiC_scaffold_245	1	20021	48	2556	12.7666	0.338045	35.2	55.8
HiC_scaffold_246	1	20000	38	2134	10.67	0.25015	35.5	54
HiC_scaffold_247	1	20000	52	3299	16.495	0.34665	36	54.8
HiC_scaffold_248	1	19739	290	8631	43.7256	2.16206	35.4	44.8
HiC_scaffold_249	1	19737	14	1081	5.47702	0.0966712	34.7	52.3
HiC_scaffold_250	1	19724	23	1481	7.50862	0.162239	36.1	51.3
HiC_scaffold_251	1	19667	9	905	4.60162	0.0667107	34.8	41.7
HiC_scaffold_252	1	19649	53	5325	27.1006	0.400936	36.2	50.2
HiC_scaffold_253	1	19394	43	4145	21.3726	0.323193	34.8	50.2
HiC_scaffold_254	1	19304	38	3184	16.494	0.255957	35.9	52.7
HiC_scaffold_255	1	19231	36	2555	13.2858	0.268941	35.5	45.5
HiC_scaffold_256	1	19176	75	5329	27.7899	0.57598	35.5	50.7
HiC_scaffold_257	1	19156	1255	8342	43.5477	9.0676	35.3	43.8
HiC_scaffold_258	1	19143	70	1457	7.61114	0.518832	35.5	45.3
HiC_scaffold_259	1	19058	45	5482	28.7648	0.345209	35.7	47.8
HiC_scaffold_260	1	19000	116	4446	23.4	0.889579	35.7	43.2
HiC_scaffold_261	1	18934	16	1363	7.19869	0.114133	36	47.6
HiC_scaffold_262	1	18930	1437	9730	51.3999	11.0646	35.4	45.4
HiC_scaffold_263	1	18729	210	14522	77.5375	1.63116	35.5	58.2
HiC_scaffold_264	1	18528	40	2575	13.8979	0.286431	35.7	59.4
HiC_scaffold_265	1	18283	53	2513	13.745	0.423125	35.7	43.3
HiC_scaffold_266	1	18272	32	975	5.33603	0.185968	36.1	46.2
HiC_scaffold_267	1	18066	42	3002	16.6168	0.338647	35.8	49.2
HiC_scaffold_268	1	18044	51	2714	15.041	0.351751	35.3	41
HiC_scaffold_269	1	18026	100	4817	26.7225	0.778209	35.8	55.8
HiC_scaffold_270	1	18000	134	6314	35.0778	1.09289	35.2	45.6
HiC_scaffold_271	1	18000	134	8934	49.6333	1.07878	35.9	48.3
HiC_scaffold_272	1	18000	92	2785	15.4722	0.7535	35.7	43.2
HiC_scaffold_273	1	17971	273	6049	33.6598	2.22792	35.6	43.8
HiC_scaffold_274	1	17888	32	3252	18.1798	0.266715	35.3	45.6
HiC_scaffold_275	1	17782	26	2928	16.4661	0.213812	35.4	51.5
HiC_scaffold_276	1	17690	65	5599	31.6507	0.5368	35.7	49.5
HiC_scaffold_277	1	17675	40	2642	14.9477	0.330976	35.8	41.4
HiC_scaffold_278	1	17531	3	357	2.03639	0.0250414	36.5	47
HiC_scaffold_279	1	17508	286	2771	15.8271	1.4318	35.4	48.3
HiC_scaffold_280	1	17420	95	7344	42.1584	0.793513	35.4	50.7
HiC_scaffold_281	1	17399	54	2537	14.5813	0.455601	35.7	57.3
HiC_scaffold_282	1	17398	59	5557	31.9405	0.480917	35.5	50.3
HiC_scaffold_283	1	17257	1061	7991	46.3058	7.66558	35.2	51.5
HiC_scaffold_284	1	17224	243	14276	82.8843	2.08169	35.6	53.6
HiC_scaffold_285	1	17131	60	5151	30.0683	0.512871	35.4	49.1
HiC_scaffold_286	1	17073	56	4935	28.9053	0.485796	35.2	48.4
HiC_scaffold_287	1	17000	45	3692	21.7176	0.391647	35.3	46
HiC_scaffold_288	1	16908	15	1209	7.15046	0.102673	35	56.5
HiC_scaffold_289	1	16758	159	2952	17.6155	1.24585	35.2	41.7
HiC_scaffold_290	1	16602	144	3621	21.8106	1.1445	35.4	44.4
HiC_scaffold_291	1	16449	195	791	4.8088	1.40142	35.4	43
HiC_scaffold_292	1	16346	34	2501	15.3004	0.303866	35.5	55
HiC_scaffold_293	1	16263	468	1166	7.16965	3.94103	35	42
HiC_scaffold_294	1	16061	132	7989	49.7416	1.17589	35.5	49.2
HiC_scaffold_295	1	16000	18	1057	6.60625	0.146687	35.6	56.6
HiC_scaffold_296	1	16000	80	5050	31.5625	0.713875	35.7	50.7
HiC_scaffold_297	1	16000	30	2630	16.4375	0.248562	36.4	55.4
HiC_scaffold_298	1	16000	71	3570	22.3125	0.656062	35.4	45.9
HiC_scaffold_299	1	16000	47	2660	16.625	0.422063	34.9	45.5
HiC_scaffold_300	1	15603	57	4330	27.7511	0.530539	35.9	46.2
HiC_scaffold_301	1	15565	7	718	4.61291	0.0644394	35.5	56.9
HiC_scaffold_302	1	15554	170	4109	26.4176	1.60338	35.2	40.5
HiC_scaffold_303	1	15467	199	9134	59.0548	1.88155	35.5	47.8
HiC_scaffold_304	1	15433	61	3218	20.8514	0.587831	35.9	40.2
HiC_scaffold_305	1	15221	48	2758	18.1197	0.468366	35.8	49.6
HiC_scaffold_306	1	15208	15	1180	7.75907	0.13677	36	54.7
HiC_scaffold_307	1	15128	24	1150	7.6018	0.228715	36	52.8
HiC_scaffold_308	1	15037	66	4889	32.5131	0.644743	35.6	52.1
HiC_scaffold_309	1	15027	84	5104	33.9655	0.821588	35.9	51.7
HiC_scaffold_310	1	15014	127	8972	59.7576	1.24604	35.5	58.5
HiC_scaffold_311	1	15000	56	4283	28.5533	0.547133	35.6	48.9
HiC_scaffold_312	1	14886	142	9925	66.6734	1.42113	35.6	49.7
HiC_scaffold_313	1	14872	70	3174	21.3421	0.687063	35.6	46.2
HiC_scaffold_314	1	14743	29	1786	12.1142	0.274842	34.9	60
HiC_scaffold_315	1	14719	27	1201	8.15952	0.263265	35.7	55
HiC_scaffold_316	1	14619	95	7406	50.6601	0.922567	35.1	53.5
HiC_scaffold_317	1	14567	21	1614	11.0798	0.199286	36.3	50.1
HiC_scaffold_318	1	14553	32	2440	16.7663	0.317804	35.1	47.3
HiC_scaffold_319	1	14548	136	7655	52.6189	1.3771	35.9	47.9
HiC_scaffold_320	1	14465	40	3464	23.9475	0.414103	35.6	47.9
HiC_scaffold_321	1	14408	184	7336	50.9162	1.89242	35.4	44.1
HiC_scaffold_322	1	14386	18	1960	13.6244	0.187682	35.7	42.2
HiC_scaffold_323	1	14298	194	7050	49.3076	1.68282	34.2	50.8
HiC_scaffold_324	1	14091	138	6228	44.1984	1.41892	35.5	46.9
HiC_scaffold_325	1	14000	125	4167	29.7643	1.314	35.7	44.7
HiC_scaffold_326	1	14000	46	2551	18.2214	0.490143	35.7	46.2
HiC_scaffold_327	1	13966	95	5325	38.1283	1.01217	35.2	45.1
HiC_scaffold_328	1	13312	226	12152	91.2861	2.43111	35.3	60
HiC_scaffold_329	1	13309	93	6914	51.9498	1.01908	35.7	49.4
HiC_scaffold_330	1	13245	114	8342	62.9823	1.26667	35.8	54.3
HiC_scaffold_331	1	13138	195	10708	81.504	2.15132	35.5	59.6
HiC_scaffold_332	1	13083	4	565	4.31858	0.0457846	36.8	38.5
HiC_scaffold_333	1	13000	44	2980	22.9231	0.489462	35.9	46
HiC_scaffold_334	1	13000	50	4025	30.9615	0.573615	35.9	49.6
HiC_scaffold_335	1	13000	65	3177	24.4385	0.714308	35.3	52.8
HiC_scaffold_336	1	12527	404	6235	49.7725	4.65044	35.5	40.6
HiC_scaffold_337	1	12325	16	1597	12.9574	0.194402	35	44.7
HiC_scaffold_338	1	12210	12	998	8.17363	0.134562	36.6	52
HiC_scaffold_339	1	12140	154	8454	69.6376	1.83509	35.6	57.9
HiC_scaffold_340	1	12103	212	3798	31.3806	2.57878	35.5	46.5
HiC_scaffold_341	1	11792	6	358	3.03596	0.0533412	34.8	60
HiC_scaffold_342	1	11769	98	2172	18.4553	1.23307	35.7	42
HiC_scaffold_343	1	11768	83	5783	49.1417	1.00459	35.8	54.7
HiC_scaffold_344	1	11552	149	8933	77.3286	1.81432	35.9	54.8
HiC_scaffold_345	1	11294	50	2097	18.5674	0.633876	35.1	52.3
HiC_scaffold_346	1	11220	140	8970	79.9465	1.77781	35.7	59.2
HiC_scaffold_347	1	11009	954	5594	50.813	12.1865	35.2	41.7
HiC_scaffold_348	1	11007	68	5147	46.7612	0.881621	35.9	53.1
HiC_scaffold_349	1	11000	91	6765	61.5	1.22064	35.6	55.3
HiC_scaffold_350	1	10932	64	2944	26.9301	0.862971	35.8	44.2
HiC_scaffold_351	1	10903	111	6532	59.9101	1.46941	35.5	56.8
HiC_scaffold_352	1	10862	154	9022	83.0602	2.08203	35.6	57
HiC_scaffold_353	1	10825	51	4137	38.2171	0.693303	35.3	53.6
HiC_scaffold_354	1	10780	107	6664	61.8182	1.34777	35	54.7
HiC_scaffold_355	1	10606	5	689	6.49632	0.0663775	35.6	56
HiC_scaffold_356	1	10316	20	968	9.38348	0.273168	35.2	57.1
HiC_scaffold_357	1	10313	90	7027	68.1373	1.26268	35.6	58.5
HiC_scaffold_358	1	10116	27	2054	20.3045	0.392546	36.1	45.9
HiC_scaffold_359	1	9728	845	3668	37.7056	11.6964	35.3	41
HiC_scaffold_360	1	9582	39	1664	17.3659	0.598309	35.4	52.8
HiC_scaffold_361	1	9577	5	740	7.72685	0.0772685	36.5	46
HiC_scaffold_362	1	9324	22	2033	21.8039	0.331725	35.6	48.8
HiC_scaffold_363	1	9309	123	8162	87.6786	1.92298	35.5	59.4
HiC_scaffold_364	1	9000	24	1779	19.7667	0.352778	35.5	51.9
HiC_scaffold_365	1	8972	27	1982	22.0909	0.434574	35.9	52.7
HiC_scaffold_366	1	8717	6	186	2.13376	0.0660778	36.1	60
HiC_scaffold_367	1	8598	64	2534	29.472	0.832868	35.2	48
HiC_scaffold_368	1	8517	38	2320	27.2396	0.639075	35.4	52.3
HiC_scaffold_369	1	8159	43	3175	38.9141	0.777914	35.5	49
HiC_scaffold_370	1	8000	27	861	10.7625	0.449375	35.8	40.3
HiC_scaffold_371	1	7755	23	2089	26.9375	0.433398	34.7	53.5
HiC_scaffold_372	1	7349	35	3122	42.482	0.698326	35.2	55.3
HiC_scaffold_373	1	7312	66	5140	70.2954	1.30347	35.1	51.3
HiC_scaffold_374	1	7226	31	2304	31.8849	0.601162	36	57.5
HiC_scaffold_375	1	7101	8	1093	15.3922	0.168005	36.4	51.6
HiC_scaffold_376	1	7000	135	3469	49.5571	2.68971	35.1	38.8
HiC_scaffold_377	1	7000	68	4423	63.1857	1.43729	35.8	54.8
HiC_scaffold_378	1	7000	82	1791	25.5857	1.74814	35.8	41.7
HiC_scaffold_379	1	6605	110	3980	60.2574	2.32067	35	47.9
HiC_scaffold_380	1	6537	110	5662	86.6147	2.47545	35.5	58.4
HiC_scaffold_381	1	6484	75	3646	56.2307	1.67535	35.5	59.7
HiC_scaffold_382	1	6459	29	2649	41.0125	0.666821	35.4	48.7
HiC_scaffold_383	1	6245	23	1873	29.992	0.501201	35.8	52
HiC_scaffold_384	1	6125	94	5052	82.4816	2.27282	35.9	51.8
HiC_scaffold_385	1	6000	54	3914	65.2333	1.2465	35.9	55.2
HiC_scaffold_386	1	6000	34	1989	33.15	0.8235	35.7	56.8
HiC_scaffold_387	1	6000	72	4708	78.4667	1.75733	35.4	50
HiC_scaffold_388	1	5993	16	1805	30.1185	0.376439	35.9	48.8
HiC_scaffold_389	1	5821	57	4093	70.3144	1.43807	35.1	51.1
HiC_scaffold_390	1	5673	65	4092	72.1311	1.68324	35.8	50.1
HiC_scaffold_391	1	5000	20	1567	31.34	0.4982	35.4	58
HiC_scaffold_392	1	5000	33	2551	51.02	0.9806	35.9	52.7
HiC_scaffold_393	1	4994	2038	3836	76.8122	54.7567	35.2	46.9
HiC_scaffold_394	1	4893	35	3020	61.7208	1.0609	35.4	53.2
HiC_scaffold_395	1	4891	58	2974	60.8056	1.67287	35.8	58.6
HiC_scaffold_396	1	4877	6	667	13.6764	0.184335	35.9	48.3
HiC_scaffold_397	1	4000	7	831	20.775	0.2615	34.8	43.4
HiC_scaffold_398	1	4000	74	3703	92.575	2.471	35.9	56.9
HiC_scaffold_399	1	4000	11	1327	33.175	0.41225	36	45.5
HiC_scaffold_400	1	4000	187	1239	30.975	6.208	35.5	48.7
HiC_scaffold_401	1	3971	57	3691	92.9489	2.1098	35.7	59.7
HiC_scaffold_402	1	3919	13	916	23.3733	0.447563	34.9	53
HiC_scaffold_403	1	3281	26	1774	54.0689	1.12984	36	57.2
HiC_scaffold_405	1	3259	50	2801	85.9466	2.20098	35.7	59.1
HiC_scaffold_406	1	3042	22	1712	56.2788	1.0286	35.3	51.6
HiC_scaffold_407	1	3035	52	2584	85.14	2.45041	35.5	59.5
HiC_scaffold_408	1	3003	5	534	17.7822	0.242424	36.3	45.6
HiC_scaffold_409	1	3003	22	1887	62.8372	1.07726	36.3	50.2
HiC_scaffold_410	1	3000	35	2034	67.8	1.52433	35.9	58
HiC_scaffold_411	1	3000	145	1903	63.4333	7.101	35.9	42.8
HiC_scaffold_412	1	3000	56	2788	92.9333	2.60967	35.9	58.2
HiC_scaffold_413	1	3000	38	2370	79	1.68767	36.1	55.7
HiC_scaffold_414	1	3000	37	2201	73.3667	1.77133	34.8	55.4
HiC_scaffold_415	1	2897	36	2392	82.5682	1.74111	35.6	55.4
HiC_scaffold_416	1	2563	70	1709	66.6797	3.7698	35	47.9
HiC_scaffold_417	1	2259	32	2003	88.6676	2.0726	35.5	60
HiC_scaffold_418	1	2125	8	795	37.4118	0.481412	35.8	53.5
HiC_scaffold_419	1	2021	43	1940	95.9921	2.92924	35.8	60
HiC_scaffold_420	1	2000	27	1712	85.6	1.798	34.8	60
HiC_scaffold_421	1	2000	11	1184	59.2	0.823	35.3	46.6
HiC_scaffold_422	1	2000	43	1485	74.25	2.5445	35.8	57
HiC_scaffold_423	1	1676	15	1196	71.3604	1.34189	35.6	51.3
HiC_scaffold_425	1	1447	6	617	42.6399	0.621977	33.4	56.7
HiC_scaffold_426	1	1382	12	869	62.8799	1.25326	35.3	56.7
HiC_scaffold_427	1	1353	24	1263	93.3481	2.36659	35.4	60
HiC_scaffold_429	1	1175	13	956	81.3617	1.52681	35.7	60
HiC_scaffold_430	1	1138	35	1059	93.058	3.42179	36.1	58.3
HiC_scaffold_431	1	1108	7	696	62.8159	0.936823	36.3	60
HiC_scaffold_432	1	1097	37	1073	97.8122	4.84594	34.9	59.4
HiC_scaffold_433	1	1005	130	783	77.9104	18.6299	35.4	45.4
HiC_scaffold_434	1	1000	15	865	86.5	1.934	35.5	57.5
HiC_scaffold_435	1	1000	19	928	92.8	2.19	35.7	60
HiC_scaffold_436	1	1000	11	838	83.8	1.471	35.2	59.8
HiC_scaffold_437	1	1000	18	831	83.1	2.474	35.8	60
HiC_scaffold_438	1	1000	13	811	81.1	1.904	36.2	60
HiC_scaffold_439	1	1000	20	858	85.8	2.924	36	60
HiC_scaffold_440	1	1000	18	835	83.5	2.204	35.7	60
HiC_scaffold_441	1	1000	15	830	83	2.218	35.1	60
HiC_scaffold_442	1	1000	14	966	96.6	1.998	36.2	60
HiC_scaffold_443	1	1000	16	813	81.3	1.877	35.7	60
HiC_scaffold_444	1	1000	18	933	93.3	2.54	35.6	60
HiC_scaffold_445	1	1000	15	986	98.6	1.911	36.5	60
HiC_scaffold_446	1	1000	13	711	71.1	1.912	35.5	44.1
HiC_scaffold_447	1	1000	14	793	79.3	1.919	34.7	58.3
HiC_scaffold_448	1	1000	12	753	75.3	1.335	36.3	55.5
HiC_scaffold_449	1	1000	17	948	94.8	2.266	36.1	60
HiC_scaffold_450	1	1000	6	541	54.1	0.9	36.7	52.8
HiC_scaffold_451	1	1000	7	565	56.5	1.022	34.7	56
HiC_scaffold_452	1	1000	7	676	67.6	1.049	35.2	60
HiC_scaffold_453	1	1000	121	677	67.7	14.259	35.6	49.4
mitochondria	1	17813	84719	17642	99.04	687.439	35.5	59.3
HiC_scaffold_404	1	3264	0	0	0	0	0	0
HiC_scaffold_424	1	1484	0	0	0	0	0	0
HiC_scaffold_428	1	1184	0	0	0	0	0	0
HiC_scaffold_454	1	2000	0	0	0	0	0	0
