#rname	startpos	endpos	numreads	covbases	coverage	meandepth	meanbaseq	meanmapq
HiC_scaffold_1	1	75050035	800614	55772218	74.3134	1.55487	35.4	59.1
HiC_scaffold_2	1	56816963	608470	42261658	74.3821	1.55968	35.4	59.2
HiC_scaffold_3	1	109611085	1125136	79216471	72.2705	1.49636	35.4	58.7
HiC_scaffold_4	1	81599725	860269	59978263	73.503	1.53592	35.4	59.1
HiC_scaffold_5	1	72353455	775914	54039875	74.6887	1.5628	35.4	59.3
HiC_scaffold_6	1	67692486	730021	50362220	74.3985	1.57135	35.4	59.2
HiC_scaffold_7	1	59159807	630390	43676537	73.8281	1.551	35.4	59
HiC_scaffold_8	1	13479537	147702	10173179	75.4713	1.60324	35.4	59.5
HiC_scaffold_9	1	58964884	633414	43851699	74.3692	1.56421	35.4	59.1
HiC_scaffold_10	1	36732878	392194	27003028	73.5119	1.55274	35.4	59
HiC_scaffold_11	1	27384	194	5574	20.355	1.05167	34.9	42.1
HiC_scaffold_12	1	33592	3140	10316	30.7097	12.4209	34.9	45.8
HiC_scaffold_13	1	184337	6864	145481	78.9212	5.17223	35.5	52.1
HiC_scaffold_14	1	85992	3040	48874	56.8355	4.88682	34.8	45
HiC_scaffold_15	1	87022	1180	30575	35.1348	1.86431	35.2	45.8
HiC_scaffold_16	1	89609	2880	10230	11.4163	3.53401	35.6	51.1
HiC_scaffold_17	1	164154	7769	75967	46.2779	6.82275	35.2	49.1
HiC_scaffold_18	1	104921	586	47353	45.1321	0.801937	35.4	52.1
HiC_scaffold_19	1	103720	529	34846	33.5962	0.737669	35.2	47.1
HiC_scaffold_20	1	90353	690	30312	33.5484	1.07633	35.4	50.3
HiC_scaffold_21	1	85252	347	25916	30.3993	0.581159	35.3	48.3
HiC_scaffold_22	1	80500	438	23417	29.0894	0.800484	35.4	49.7
HiC_scaffold_23	1	75743	315	20970	27.6857	0.610221	35.6	53.9
HiC_scaffold_24	1	75592	910	15958	21.1107	1.7146	35.3	43.3
HiC_scaffold_25	1	72691	2389	37107	51.0476	4.72844	35.3	54.4
HiC_scaffold_26	1	71458	603	35883	50.2155	1.20433	35.4	48.2
HiC_scaffold_27	1	70045	3093	52937	75.5757	6.30793	35.3	54.8
HiC_scaffold_28	1	68558	54	4003	5.83885	0.108244	34.9	55
HiC_scaffold_29	1	68222	1067	20066	29.4128	2.31716	35.4	45.1
HiC_scaffold_30	1	67017	688	35206	52.5329	1.49655	35.1	46.1
HiC_scaffold_31	1	65972	95	9124	13.8301	0.214758	35.4	47.4
HiC_scaffold_32	1	64000	639	32303	50.4734	1.3777	35.5	50.1
HiC_scaffold_33	1	62684	690	20483	32.6766	1.4105	35.2	41.9
HiC_scaffold_34	1	60035	489	31506	52.4794	1.11655	35.5	56
HiC_scaffold_35	1	59483	117	11432	19.2189	0.290823	35.5	50.1
HiC_scaffold_36	1	58601	584	5180	8.83944	1.4423	34.9	43
HiC_scaffold_37	1	57907	165	10834	18.7093	0.395375	35.5	49.2
HiC_scaffold_38	1	57623	228	3446	5.98025	0.530101	35.3	37.8
HiC_scaffold_39	1	56881	710	21047	37.0018	1.41838	35.4	49.3
HiC_scaffold_40	1	56115	525	9074	16.1704	1.18612	35.6	38.6
HiC_scaffold_41	1	55753	554	20864	37.4222	1.42708	35.2	40.4
HiC_scaffold_42	1	55361	57	2092	3.77883	0.139918	34.4	40.2
HiC_scaffold_43	1	55333	776	12134	21.929	1.98484	34.9	39.6
HiC_scaffold_44	1	54697	2412	45186	82.6115	6.4646	35.4	55.6
HiC_scaffold_45	1	54079	89	3514	6.4979	0.188816	35.3	45.1
HiC_scaffold_46	1	53000	241	6293	11.8736	0.66934	35.1	38.9
HiC_scaffold_47	1	52728	1846	25756	48.8469	4.89488	34.8	47.4
HiC_scaffold_48	1	52696	292	22266	42.2537	0.815071	35.1	52.2
HiC_scaffold_49	1	52574	86	4263	8.10857	0.243923	35.5	38.2
HiC_scaffold_50	1	52452	27	825	1.57287	0.0327728	34.6	54.1
HiC_scaffold_51	1	52291	190	5259	10.0572	0.456197	35	43.8
HiC_scaffold_52	1	50660	310	24230	47.8287	0.887564	35.4	56.7
HiC_scaffold_53	1	50444	2084	34623	68.6365	6.07559	35.4	56
HiC_scaffold_54	1	50000	630	40771	81.542	1.83476	35.3	59.6
HiC_scaffold_55	1	49402	178	7659	15.5034	0.530748	35.4	42.9
HiC_scaffold_56	1	48994	275	7562	15.4345	0.78626	35.4	44.4
HiC_scaffold_57	1	48961	98	5801	11.8482	0.296215	35.5	40.7
HiC_scaffold_58	1	48913	339	26090	53.3396	1.01456	35.3	51.3
HiC_scaffold_59	1	48516	395	10437	21.5125	1.20309	35.5	46.5
HiC_scaffold_60	1	48449	252	21260	43.8812	0.77176	35.5	52.5
HiC_scaffold_61	1	48102	99	7147	14.858	0.297659	34.9	47.2
HiC_scaffold_62	1	47095	429	29940	63.5736	1.33965	35.5	56.6
HiC_scaffold_63	1	45946	620	26146	56.9059	1.97839	35.2	51
HiC_scaffold_64	1	45702	212	6156	13.4699	0.6296	35.3	46.7
HiC_scaffold_65	1	45164	717	13415	29.7029	2.20067	35.1	44
HiC_scaffold_66	1	45000	2286	10412	23.1378	6.97078	35.2	46.1
HiC_scaffold_67	1	44932	587	8669	19.2936	1.51847	35.3	40.1
HiC_scaffold_68	1	44535	98	8748	19.643	0.329067	35.1	43.3
HiC_scaffold_69	1	43359	286	11801	27.217	0.974999	35.4	41.9
HiC_scaffold_70	1	43000	302	9363	21.7744	0.885465	35.2	41.7
HiC_scaffold_71	1	42000	342	14500	34.5238	1.06052	35.5	47.1
HiC_scaffold_72	1	41780	38	2278	5.45237	0.132647	35	40.9
HiC_scaffold_73	1	41131	33	2023	4.91843	0.112202	34.9	57.4
HiC_scaffold_74	1	41000	176	11870	28.9512	0.626512	35.2	56.3
HiC_scaffold_75	1	40673	194	5647	13.8839	0.702186	35.5	40.8
HiC_scaffold_76	1	40021	250	5388	13.4629	0.843807	35.4	40.2
HiC_scaffold_77	1	40000	48	3670	9.175	0.17275	35.3	54.8
HiC_scaffold_78	1	39995	289	22940	57.3572	1.05981	35.5	54.2
HiC_scaffold_79	1	39987	63	5543	13.862	0.231675	35.4	44
HiC_scaffold_80	1	39907	40	3634	9.10617	0.142206	35.2	52.5
HiC_scaffold_81	1	39785	288	6548	16.4585	0.830966	35	43.7
HiC_scaffold_82	1	39714	2261	11716	29.5009	7.82991	35.1	44.5
HiC_scaffold_83	1	39603	170	13749	34.7171	0.631594	35.5	54
HiC_scaffold_84	1	39032	1179	24305	62.2694	4.20299	35.2	48.9
HiC_scaffold_85	1	38821	301	7688	19.8037	1.08382	35.5	43.8
HiC_scaffold_86	1	38551	216	5184	13.4471	0.694586	35.1	48.4
HiC_scaffold_87	1	38336	270	7722	20.1429	1.03772	35.2	39.5
HiC_scaffold_88	1	38081	196	5747	15.0915	0.717182	35.2	56.5
HiC_scaffold_89	1	37423	90	1537	4.1071	0.330011	35.4	44.1
HiC_scaffold_90	1	37049	409	12375	33.4017	1.63357	35.4	43.5
HiC_scaffold_91	1	37000	398	27813	75.1703	1.55632	35.5	60
HiC_scaffold_92	1	36719	57	4385	11.942	0.225006	34.7	51.9
HiC_scaffold_93	1	36624	340	7131	19.4708	1.21745	35.1	39.9
HiC_scaffold_94	1	36550	147	3625	9.91792	0.594993	35.6	39.1
HiC_scaffold_95	1	35915	986	18344	51.0762	3.75328	34.8	43.5
HiC_scaffold_96	1	35569	256	11319	31.8227	1.06688	35.3	50.6
HiC_scaffold_97	1	35569	164	8142	22.8907	0.62771	35.3	45.8
HiC_scaffold_98	1	35521	256	5812	16.3622	0.817826	35.3	49
HiC_scaffold_99	1	35305	1281	27103	76.7682	4.84725	35.3	57.9
HiC_scaffold_100	1	35285	380	24504	69.4459	1.56347	35.2	57.7
HiC_scaffold_101	1	35090	187	9937	28.3186	0.663893	34.7	52
HiC_scaffold_102	1	34736	86	6966	20.0541	0.36596	35.8	51.2
HiC_scaffold_103	1	34662	877	18096	52.207	3.43414	35.4	41.7
HiC_scaffold_104	1	34539	133	11316	32.763	0.567011	35.3	50.3
HiC_scaffold_105	1	34367	57	4477	13.027	0.237088	34.8	48.5
HiC_scaffold_106	1	34092	10	1018	2.98604	0.0394521	34.8	49.1
HiC_scaffold_107	1	34034	1445	27149	79.7702	6.10269	35.4	58.7
HiC_scaffold_108	1	34000	102	4144	12.1882	0.438824	35.5	41.5
HiC_scaffold_109	1	33013	286	11479	34.7712	1.19035	34.4	42
HiC_scaffold_110	1	32894	34	2250	6.84015	0.145102	35.1	51.9
HiC_scaffold_111	1	32703	80	7777	23.7807	0.362627	36	48
HiC_scaffold_112	1	32055	111	9454	29.4931	0.505007	35.7	52.2
HiC_scaffold_113	1	31996	305	4194	13.1079	0.928835	35	44.1
HiC_scaffold_114	1	31869	191	7451	23.3801	0.740029	35.7	50.4
HiC_scaffold_115	1	31497	161	6881	21.8465	0.744007	35.3	42.3
HiC_scaffold_116	1	31452	172	14885	47.3261	0.811236	35.7	54
HiC_scaffold_117	1	31435	213	17933	57.0479	1.00757	35.5	49.2
HiC_scaffold_118	1	31168	195	13991	44.889	0.917191	35.3	57.2
HiC_scaffold_119	1	31094	27	3001	9.65138	0.128481	36	45.9
HiC_scaffold_120	1	31000	98	8692	28.0387	0.471742	35.3	47.3
HiC_scaffold_121	1	30892	62	3997	12.9386	0.299366	35	41.4
HiC_scaffold_122	1	30671	299	7090	23.1163	1.45499	35.4	39.4
HiC_scaffold_123	1	30159	377	24792	82.2043	1.82513	35.3	59.9
HiC_scaffold_124	1	30112	10	1151	3.8224	0.0484857	35.9	42.8
HiC_scaffold_125	1	30000	104	2891	9.63667	0.511467	35.5	38.7
HiC_scaffold_126	1	30000	79	5910	19.7	0.38	35.2	46.9
HiC_scaffold_127	1	29632	350	5077	17.1335	1.53584	35.3	43.2
HiC_scaffold_128	1	29216	104	8195	28.0497	0.521632	35.6	49.6
HiC_scaffold_129	1	29000	34	2356	8.12414	0.15731	35.5	46.2
HiC_scaffold_130	1	28743	14	1311	4.56111	0.0724698	36.1	57.1
HiC_scaffold_131	1	28267	565	8991	31.8074	2.98313	35.5	40.2
HiC_scaffold_132	1	28006	220	5897	21.0562	1.15022	35.2	42
HiC_scaffold_133	1	27859	108	10239	36.7529	0.562511	35.2	55
HiC_scaffold_134	1	27837	339	22751	81.7294	1.78011	35.4	59.8
HiC_scaffold_135	1	27503	180	5737	20.8595	0.970294	35.1	38.3
HiC_scaffold_136	1	27405	344	22845	83.3607	1.84167	35.4	59.9
HiC_scaffold_137	1	27128	4	600	2.21174	0.0221174	35.4	42.8
HiC_scaffold_138	1	27000	106	8778	32.5111	0.570519	35.8	50.9
HiC_scaffold_139	1	26958	36	2444	9.06595	0.195601	35.1	50.9
HiC_scaffold_140	1	26822	59	2627	9.7942	0.30941	35.6	45.6
HiC_scaffold_141	1	26714	610	10394	38.9084	3.20974	35.3	44.1
HiC_scaffold_142	1	26597	350	11685	43.9335	1.83686	35.2	45.6
HiC_scaffold_143	1	26526	45	2675	10.0844	0.230114	34.4	49.6
HiC_scaffold_144	1	26403	147	3490	13.2182	0.827217	35	42.4
HiC_scaffold_145	1	26321	433	12493	47.464	2.40834	35.2	41.9
HiC_scaffold_146	1	26302	199	3418	12.9952	0.987682	34.7	39.3
HiC_scaffold_147	1	26228	105	5353	20.4095	0.589408	35.5	51
HiC_scaffold_148	1	26220	369	5614	21.4111	2.10019	35.4	38.4
HiC_scaffold_149	1	26169	70	5961	22.7789	0.389354	35.4	50.8
HiC_scaffold_150	1	26140	288	20879	79.8738	1.62552	35.3	59.9
HiC_scaffold_151	1	25970	70	4573	17.6088	0.391837	35.1	38
HiC_scaffold_152	1	25914	52	3191	12.3138	0.27051	34.6	42.5
HiC_scaffold_153	1	25756	44	3744	14.5364	0.254232	35.8	45.1
HiC_scaffold_154	1	25701	100	7319	28.4775	0.571573	35.4	52.8
HiC_scaffold_155	1	25484	585	12490	49.0111	3.33268	35.3	43
HiC_scaffold_156	1	25347	1086	13159	51.9154	5.86069	34.9	43.1
HiC_scaffold_157	1	25300	168	5956	23.5415	0.97751	35	42.9
HiC_scaffold_158	1	25137	569	11389	45.3077	3.24474	35.2	40.5
HiC_scaffold_159	1	25068	47	2935	11.7082	0.273217	35.3	45.8
HiC_scaffold_160	1	25021	203	15185	60.689	1.15095	35.7	55.6
HiC_scaffold_161	1	25021	37	2973	11.882	0.221734	35.1	50.1
HiC_scaffold_162	1	25013	356	1678	6.70851	1.62543	35.3	43.5
HiC_scaffold_163	1	25000	14	885	3.54	0.08392	35	37.4
HiC_scaffold_164	1	25000	14	804	3.216	0.0838	32.4	36.1
HiC_scaffold_165	1	25000	16	1026	4.104	0.09404	35	37
HiC_scaffold_166	1	25000	79	1918	7.672	0.45956	35.1	37.9
HiC_scaffold_167	1	25000	274	19198	76.792	1.55708	35.1	58.5
HiC_scaffold_168	1	25000	312	20967	83.868	1.81508	35.2	60
HiC_scaffold_169	1	25000	257	18053	72.212	1.49756	35.2	58.8
HiC_scaffold_170	1	25000	298	19956	79.824	1.7508	35.3	60
HiC_scaffold_171	1	25000	290	19813	79.252	1.70516	35.5	59.9
HiC_scaffold_172	1	25000	254	18389	73.556	1.49096	35.4	59.8
HiC_scaffold_173	1	25000	277	19048	76.192	1.60984	35.4	60
HiC_scaffold_174	1	25000	277	19868	79.472	1.59068	35.1	59.9
HiC_scaffold_175	1	25000	325	21569	86.276	1.90076	35.4	60
HiC_scaffold_176	1	25000	283	18807	75.228	1.64164	35.3	59.2
HiC_scaffold_177	1	25000	278	18591	74.364	1.60952	35.5	59.9
HiC_scaffold_178	1	25000	286	19943	79.772	1.64152	34.9	59.3
HiC_scaffold_179	1	25000	293	20030	80.12	1.69696	35.5	59.9
HiC_scaffold_180	1	25000	231	13822	55.288	1.35216	35.5	57.7
HiC_scaffold_181	1	25000	288	20474	81.896	1.68448	35.8	60
HiC_scaffold_182	1	25000	275	19507	78.028	1.58072	35	59.9
HiC_scaffold_183	1	25000	104	3958	15.832	0.58664	35.7	42.7
HiC_scaffold_184	1	25000	289	20188	80.752	1.70316	35.6	60
HiC_scaffold_185	1	25000	762	24400	97.6	4.40832	35.3	59.8
HiC_scaffold_186	1	25000	321	20716	82.864	1.88724	35.5	60
HiC_scaffold_187	1	25000	14	1348	5.392	0.08188	34.9	53.4
HiC_scaffold_188	1	24887	135	4470	17.9612	0.724274	35	42.7
HiC_scaffold_189	1	24881	614	14248	57.2646	2.80897	35.3	44.2
HiC_scaffold_190	1	24860	183	12681	51.0097	1.06935	35.4	57
HiC_scaffold_191	1	24785	128	11066	44.648	0.76627	35.7	47.8
HiC_scaffold_192	1	24606	32	2100	8.5345	0.181257	35.4	43
HiC_scaffold_193	1	24582	236	2985	12.143	1.39476	35.2	44.3
HiC_scaffold_194	1	24552	725	13361	54.4192	4.09197	35.1	47.2
HiC_scaffold_195	1	24515	60	5405	22.0477	0.352845	35.4	52.8
HiC_scaffold_196	1	24429	94	4988	20.4184	0.52102	35.6	52.5
HiC_scaffold_197	1	24404	127	6710	27.4955	0.768481	35.2	51
HiC_scaffold_198	1	24065	206	14564	60.5194	1.26416	35.3	55.1
HiC_scaffold_199	1	24034	70	6220	25.88	0.434426	35.9	48.2
HiC_scaffold_200	1	24000	19	1253	5.22083	0.105458	35.9	52.1
HiC_scaffold_201	1	24000	702	4777	19.9042	4.35008	35.3	45.8
HiC_scaffold_202	1	23940	244	4571	19.0936	1.42836	35.3	39.6
HiC_scaffold_203	1	23878	45	1896	7.94036	0.271631	35.6	39.7
HiC_scaffold_204	1	23813	73	6498	27.2876	0.442111	35.4	51.8
HiC_scaffold_205	1	23764	107	6432	27.0662	0.648754	35.2	51.7
HiC_scaffold_206	1	23660	20	2114	8.93491	0.125106	35.5	44.2
HiC_scaffold_207	1	23581	208	16219	68.7799	1.30542	35.6	54
HiC_scaffold_208	1	23490	70	3106	13.2226	0.436994	35.3	37.7
HiC_scaffold_209	1	23453	95	8205	34.9849	0.585426	35.8	57.1
HiC_scaffold_210	1	23041	38	3018	13.0984	0.239313	35.2	58.1
HiC_scaffold_211	1	23000	481	3555	15.4565	3.12665	35.5	38.2
HiC_scaffold_212	1	23000	80	6813	29.6217	0.502087	35.3	49.2
HiC_scaffold_213	1	23000	44	3641	15.8304	0.264565	34.9	48.7
HiC_scaffold_214	1	23000	164	5681	24.7	1.06009	35.7	37
HiC_scaffold_215	1	23000	42	3338	14.513	0.262783	35.6	55.3
HiC_scaffold_216	1	22979	6	477	2.07581	0.0347709	36.5	43.7
HiC_scaffold_217	1	22964	101	3352	14.5968	0.645271	35.1	41
HiC_scaffold_218	1	22956	83	8321	36.2476	0.53816	35.1	50.4
HiC_scaffold_220	1	22604	105	9411	41.6342	0.688108	35.3	49.8
HiC_scaffold_221	1	22426	20	1761	7.85249	0.128779	35.4	52.4
HiC_scaffold_222	1	22303	319	11373	50.9931	2.11541	35.5	47.6
HiC_scaffold_223	1	22199	100	4246	19.127	0.667778	35.9	45
HiC_scaffold_224	1	22128	13	870	3.93167	0.079944	35.3	53.8
HiC_scaffold_225	1	22127	2	300	1.35581	0.0135581	32.3	40
HiC_scaffold_226	1	21688	93	5605	25.8438	0.6404	35	53.1
HiC_scaffold_227	1	21648	143	10075	46.5401	0.930201	35.3	54.5
HiC_scaffold_228	1	21608	215	10889	50.3934	1.33733	35.7	50.7
HiC_scaffold_229	1	21598	20	1263	5.84776	0.138207	35.2	39
HiC_scaffold_230	1	21510	19	1648	7.66155	0.123106	35.9	46.2
HiC_scaffold_231	1	21437	29	2435	11.3589	0.19485	35.2	47.7
HiC_scaffold_232	1	21282	79	6455	30.3308	0.549431	35.7	48.1
HiC_scaffold_233	1	20959	160	4744	22.6347	0.961973	35.4	40.6
HiC_scaffold_234	1	20824	14	1131	5.43123	0.0920092	33.9	52.6
HiC_scaffold_235	1	20622	81	4752	23.0434	0.583746	35.7	54.7
HiC_scaffold_236	1	20377	48	3705	18.1823	0.341562	35.6	50
HiC_scaffold_237	1	20369	87	6563	32.2205	0.636016	35.8	49.3
HiC_scaffold_238	1	20340	30	3084	15.1622	0.213471	35.8	45.3
HiC_scaffold_239	1	20281	34	1654	8.15542	0.226813	35	40.8
HiC_scaffold_240	1	20166	15	1554	7.70604	0.11083	33	50.3
HiC_scaffold_241	1	20140	107	7165	35.576	0.784012	34.7	54.5
HiC_scaffold_242	1	20135	211	15063	74.81	1.5041	35	59.4
HiC_scaffold_243	1	20122	25	2209	10.978	0.178909	34.2	47.7
HiC_scaffold_244	1	20044	52	2129	10.6216	0.386001	35.2	44
HiC_scaffold_245	1	20021	35	2146	10.7187	0.239199	35.7	57.4
HiC_scaffold_246	1	20000	45	2349	11.745	0.31785	35.5	54.6
HiC_scaffold_247	1	20000	29	2450	12.25	0.2137	36	55.4
HiC_scaffold_248	1	19739	348	9502	48.1382	2.563	35.5	44.3
HiC_scaffold_249	1	19737	125	10589	53.6505	0.931955	35.5	56.8
HiC_scaffold_250	1	19724	17	1049	5.31839	0.120361	35	44.5
HiC_scaffold_251	1	19667	83	1975	10.0422	0.608278	35.3	40.1
HiC_scaffold_252	1	19649	36	3589	18.2656	0.271159	35.9	50.3
HiC_scaffold_253	1	19394	57	4635	23.8991	0.43596	35.5	51.6
HiC_scaffold_254	1	19304	63	4028	20.8661	0.465292	35.2	49.9
HiC_scaffold_255	1	19231	45	3512	18.2622	0.334044	35.1	43.4
HiC_scaffold_256	1	19176	48	4347	22.669	0.352315	35.1	52.4
HiC_scaffold_257	1	19156	3300	7769	40.5565	23.8131	35.1	44
HiC_scaffold_258	1	19143	84	1533	8.00815	0.576869	35.4	44.2
HiC_scaffold_259	1	19058	30	2888	15.1537	0.235124	35.1	49.1
HiC_scaffold_260	1	19000	105	4297	22.6158	0.793053	35.4	44.9
HiC_scaffold_261	1	18934	29	2841	15.0048	0.2289	35.2	51.7
HiC_scaffold_262	1	18930	981	11618	61.3735	7.54966	35.2	45.2
HiC_scaffold_263	1	18729	207	14448	77.1424	1.61504	35.4	58.2
HiC_scaffold_264	1	18528	27	1974	10.6541	0.196729	35	58.9
HiC_scaffold_265	1	18283	31	2039	11.1524	0.240333	35.3	46.7
HiC_scaffold_266	1	18272	32	1463	8.00679	0.205615	35.5	47.4
HiC_scaffold_267	1	18066	33	3429	18.9804	0.267962	35.3	48.9
HiC_scaffold_268	1	18044	29	1527	8.46265	0.154511	35.1	40.6
HiC_scaffold_269	1	18026	68	4228	23.455	0.549928	35.4	55.8
HiC_scaffold_270	1	18000	181	6269	34.8278	1.46594	35.6	44.8
HiC_scaffold_271	1	18000	91	7528	41.8222	0.753333	35.4	51.6
HiC_scaffold_272	1	18000	71	2797	15.5389	0.578667	35.7	42.6
HiC_scaffold_273	1	17971	387	7039	39.1687	3.19682	35.5	44.3
HiC_scaffold_274	1	17888	27	2329	13.0199	0.208799	34.9	42.9
HiC_scaffold_275	1	17782	47	3941	22.1629	0.385558	35.7	55.7
HiC_scaffold_276	1	17690	63	4685	26.4839	0.489146	35	49.1
HiC_scaffold_277	1	17675	16	1730	9.78784	0.132956	36.1	40.5
HiC_scaffold_278	1	17531	8	275	1.56865	0.0560721	35.4	60
HiC_scaffold_279	1	17508	313	2732	15.6043	1.43883	34.9	46.6
HiC_scaffold_280	1	17420	69	5826	33.4443	0.589954	35.3	51.4
HiC_scaffold_281	1	17399	54	2714	15.5986	0.454049	35.6	57.3
HiC_scaffold_282	1	17398	59	5812	33.4061	0.500172	35.5	50.3
HiC_scaffold_283	1	17257	1040	7665	44.4168	7.45958	34.8	50.5
HiC_scaffold_284	1	17224	196	13320	77.334	1.6758	35.3	53.7
HiC_scaffold_285	1	17131	68	6239	36.4194	0.589166	35.9	51.6
HiC_scaffold_286	1	17073	57	4578	26.8143	0.480876	35.3	50.6
HiC_scaffold_287	1	17000	58	3569	20.9941	0.485176	34.6	43.1
HiC_scaffold_288	1	16908	32	1777	10.5098	0.220073	35.9	51.4
HiC_scaffold_289	1	16758	183	3325	19.8413	1.3146	35.1	42.7
HiC_scaffold_290	1	16602	165	3660	22.0455	1.3243	35.2	42.4
HiC_scaffold_291	1	16449	161	1031	6.26786	1.06931	35.3	44.1
HiC_scaffold_292	1	16346	45	2906	17.778	0.408051	34.8	52.6
HiC_scaffold_293	1	16263	365	1395	8.57775	3.04261	35.1	43.7
HiC_scaffold_294	1	16061	100	6403	39.8668	0.872797	35.8	49.2
HiC_scaffold_295	1	16000	20	1201	7.50625	0.17675	35.3	60
HiC_scaffold_296	1	16000	64	4626	28.9125	0.572438	35.3	52.1
HiC_scaffold_297	1	16000	52	3761	23.5063	0.442312	35.9	51.9
HiC_scaffold_298	1	16000	50	3006	18.7875	0.452375	34.9	46.9
HiC_scaffold_299	1	16000	55	3241	20.2563	0.492063	34.6	47.6
HiC_scaffold_300	1	15603	146	5451	34.9356	1.36153	35.5	47.1
HiC_scaffold_301	1	15565	10	671	4.31095	0.0949566	35.5	60
HiC_scaffold_302	1	15554	135	3039	19.5384	1.29652	35.8	39.1
HiC_scaffold_303	1	15467	121	7833	50.6433	1.13623	35.4	49.4
HiC_scaffold_304	1	15433	65	2991	19.3805	0.624636	34.9	38.6
HiC_scaffold_305	1	15221	31	2107	13.8427	0.301294	35.3	49.7
HiC_scaffold_306	1	15208	6	735	4.83298	0.0562862	33.1	60
HiC_scaffold_307	1	15128	29	1080	7.13908	0.263088	35.5	49.6
HiC_scaffold_308	1	15037	74	5990	39.8351	0.733856	35.8	54.1
HiC_scaffold_309	1	15027	55	4132	27.4972	0.519066	35	53.4
HiC_scaffold_310	1	15014	132	9438	62.8613	1.30492	35.4	58
HiC_scaffold_311	1	15000	41	3380	22.5333	0.4042	35.4	52.5
HiC_scaffold_312	1	14886	119	9190	61.7359	1.18957	35.9	49
HiC_scaffold_313	1	14872	66	3015	20.273	0.643491	34.9	41.2
HiC_scaffold_314	1	14743	19	2014	13.6607	0.193244	35.6	54.8
HiC_scaffold_315	1	14719	22	1491	10.1298	0.18663	35	53.2
HiC_scaffold_316	1	14619	61	6532	44.6816	0.621041	34.8	51.7
HiC_scaffold_317	1	14567	31	3344	22.956	0.317498	35.9	48
HiC_scaffold_318	1	14553	4	585	4.01979	0.0412286	36.6	43.8
HiC_scaffold_319	1	14548	165	7730	53.1345	1.67088	35.6	47
HiC_scaffold_320	1	14465	62	4046	27.971	0.613896	35.1	46.1
HiC_scaffold_321	1	14408	126	6287	43.6355	1.27207	35.2	43.4
HiC_scaffold_322	1	14386	22	2310	16.0573	0.217225	34.6	45.6
HiC_scaffold_323	1	14298	214	6868	48.0347	1.74703	34.3	47.8
HiC_scaffold_324	1	14091	138	6690	47.4771	1.45561	35.2	48.5
HiC_scaffold_325	1	14000	29	1759	12.5643	0.286357	35	47.2
HiC_scaffold_326	1	14000	22	1786	12.7571	0.234786	35.3	43.7
HiC_scaffold_327	1	13966	44	3866	27.6815	0.469641	35	47.5
HiC_scaffold_328	1	13312	187	11211	84.2172	2.00285	35.3	59.7
HiC_scaffold_329	1	13309	68	6269	47.1035	0.751221	35.7	49
HiC_scaffold_330	1	13245	79	6623	50.0038	0.890147	35.4	54.1
HiC_scaffold_331	1	13138	160	10528	80.134	1.74753	35.5	59.3
HiC_scaffold_332	1	13083	4	592	4.52496	0.0457846	36.3	38.5
HiC_scaffold_333	1	13000	66	3238	24.9077	0.753077	35.2	44.7
HiC_scaffold_334	1	13000	26	2649	20.3769	0.299923	35.6	46.5
HiC_scaffold_335	1	13000	31	2214	17.0308	0.309462	34.9	49.7
HiC_scaffold_336	1	12527	284	5248	41.8935	3.26527	35.2	40
HiC_scaffold_337	1	12325	21	1963	15.927	0.250223	35.8	51.3
HiC_scaffold_338	1	12210	11	948	7.76413	0.118182	36.6	53.3
HiC_scaffold_339	1	12140	100	7485	61.6557	1.19745	35.4	57.6
HiC_scaffold_340	1	12103	9	1055	8.71685	0.108816	35.4	47.4
HiC_scaffold_341	1	11792	10	614	5.20692	0.107615	35.7	54
HiC_scaffold_342	1	11769	71	1691	14.3683	0.878494	35.1	41.5
HiC_scaffold_343	1	11768	67	4984	42.3521	0.75	34.6	52.1
HiC_scaffold_344	1	11552	130	8502	73.5976	1.63089	35.5	56.3
HiC_scaffold_345	1	11294	28	2082	18.4346	0.350806	35.2	54
HiC_scaffold_346	1	11220	114	7964	70.9804	1.48681	35.5	58.3
HiC_scaffold_347	1	11009	757	6442	58.5158	9.64974	35.1	41.2
HiC_scaffold_348	1	11007	55	4795	43.5632	0.716544	35.7	52.5
HiC_scaffold_349	1	11000	70	5695	51.7727	0.943	35.4	56.7
HiC_scaffold_350	1	10932	22	2061	18.8529	0.286315	35.8	45.7
HiC_scaffold_351	1	10903	65	4975	45.6296	0.877924	35.9	56.9
HiC_scaffold_352	1	10862	131	8370	77.0576	1.75704	35.3	57.5
HiC_scaffold_353	1	10825	35	3654	33.7552	0.454596	35	53
HiC_scaffold_354	1	10780	118	7097	65.8349	1.54898	35.1	54.8
HiC_scaffold_355	1	10606	27	1615	15.2272	0.363662	34.9	58.3
HiC_scaffold_356	1	10316	6	399	3.86778	0.0709577	36.1	60
HiC_scaffold_357	1	10313	70	5646	54.7464	0.974692	35.2	55.1
HiC_scaffold_358	1	10116	33	2219	21.9355	0.455714	35.9	47.8
HiC_scaffold_359	1	9728	1194	4079	41.9305	16.2916	35	40.8
HiC_scaffold_360	1	9582	24	1880	19.6201	0.366416	35.9	50.1
HiC_scaffold_361	1	9577	44	3972	41.4744	0.665762	35.6	46.6
HiC_scaffold_362	1	9324	25	2340	25.0965	0.399185	36.1	48.4
HiC_scaffold_363	1	9309	102	7861	84.4452	1.59233	35.3	59.6
HiC_scaffold_364	1	9000	12	1429	15.8778	0.176667	36.1	46.7
HiC_scaffold_365	1	8972	15	1310	14.601	0.244204	35	53.5
HiC_scaffold_366	1	8717	5	486	5.57531	0.0791557	34.9	54.2
HiC_scaffold_367	1	8598	37	1926	22.4006	0.491044	34.6	50.2
HiC_scaffold_368	1	8517	11	1305	15.3223	0.193613	35.6	50.3
HiC_scaffold_369	1	8159	33	3218	39.4411	0.572864	35.5	52.1
HiC_scaffold_370	1	8000	11	459	5.7375	0.1755	35.8	41
HiC_scaffold_371	1	7755	18	1966	25.3514	0.34726	35.3	52.1
HiC_scaffold_372	1	7349	33	3273	44.5367	0.653422	35.8	51.9
HiC_scaffold_373	1	7312	55	4569	62.4863	1.10079	35.4	48
HiC_scaffold_374	1	7226	29	2306	31.9125	0.581511	34.9	56.5
HiC_scaffold_375	1	7101	4	559	7.87213	0.0829461	36.2	60
HiC_scaffold_376	1	7000	108	3453	49.3286	2.19729	35.3	38.8
HiC_scaffold_377	1	7000	56	4024	57.4857	1.16671	36	56.1
HiC_scaffold_378	1	7000	78	2373	33.9	1.66543	35.7	41.1
HiC_scaffold_379	1	6605	117	3659	55.3974	2.34307	34.3	47.2
HiC_scaffold_380	1	6537	61	4638	70.95	1.28652	35.5	58.7
HiC_scaffold_381	1	6484	55	3801	58.6212	1.24352	35.8	59.9
HiC_scaffold_382	1	6459	34	2336	36.1666	0.787428	35.3	52.2
HiC_scaffold_383	1	6245	20	1957	31.3371	0.480064	35.4	46
HiC_scaffold_384	1	6125	69	4529	73.9429	1.68327	35.7	52.3
HiC_scaffold_385	1	6000	60	4512	75.2	1.40217	35.9	55.4
HiC_scaffold_386	1	6000	25	2233	37.2167	0.607833	35.9	52.5
HiC_scaffold_387	1	6000	46	4106	68.4333	1.1055	35	51.6
HiC_scaffold_388	1	5993	15	1365	22.7766	0.362423	35.5	45.9
HiC_scaffold_389	1	5821	28	2916	50.0945	0.719808	34.5	49.8
HiC_scaffold_390	1	5673	23	2688	47.3823	0.607615	36	51.6
HiC_scaffold_391	1	5000	8	687	13.74	0.224	35.4	57.5
HiC_scaffold_392	1	5000	25	1907	38.14	0.713	35.6	51.7
HiC_scaffold_393	1	4994	1637	3796	76.0112	43.9984	35.1	46.5
HiC_scaffold_394	1	4893	37	3395	69.3848	1.12467	35.3	52.1
HiC_scaffold_395	1	4891	45	3435	70.231	1.33449	35.9	59.1
HiC_scaffold_396	1	4877	8	666	13.6559	0.246053	35	43.6
HiC_scaffold_397	1	4000	27	1371	34.275	0.9575	34.9	43.3
HiC_scaffold_398	1	4000	30	2471	61.775	1.074	35.8	56.9
HiC_scaffold_399	1	4000	32	2508	62.7	1.16275	35.3	52.6
HiC_scaffold_400	1	4000	176	1105	27.625	5.615	34.7	46.4
HiC_scaffold_401	1	3971	42	3099	78.0408	1.52833	35.5	59.5
HiC_scaffold_402	1	3919	2	240	6.12401	0.0612401	32.8	44
HiC_scaffold_403	1	3281	19	1224	37.3057	0.830539	35.7	57.2
HiC_scaffold_404	1	3264	2	298	9.1299	0.091299	33.1	43
HiC_scaffold_405	1	3259	38	2380	73.0285	1.60632	35.1	60
HiC_scaffold_406	1	3042	4	599	19.691	0.19691	35.8	50
HiC_scaffold_407	1	3035	37	2277	75.0247	1.76474	34.3	60
HiC_scaffold_408	1	3003	2	299	9.95671	0.0995671	36.3	32
HiC_scaffold_409	1	3003	4	388	12.9204	0.1998	35.3	47
HiC_scaffold_410	1	3000	27	1831	61.0333	1.34233	35.9	55.6
HiC_scaffold_411	1	3000	205	2246	74.8667	9.944	35.1	44.3
HiC_scaffold_412	1	3000	63	2554	85.1333	3.044	35.7	56.3
HiC_scaffold_413	1	3000	29	2394	79.8	1.26567	35	53.1
HiC_scaffold_414	1	3000	30	2025	67.5	1.47167	35.3	53.7
HiC_scaffold_415	1	2897	34	2239	77.2868	1.68381	36.1	54
HiC_scaffold_416	1	2563	71	1227	47.8736	3.43348	34.7	49.6
HiC_scaffold_417	1	2259	31	1872	82.8685	1.9429	35.5	59.4
HiC_scaffold_418	1	2125	4	600	28.2353	0.282353	35.9	50
HiC_scaffold_419	1	2021	24	1726	85.4033	1.73924	35.1	60
HiC_scaffold_420	1	2000	29	1754	87.7	2.037	35.5	59.6
HiC_scaffold_421	1	2000	19	1375	68.75	1.4065	35.2	51.4
HiC_scaffold_422	1	2000	21	1537	76.85	1.392	34.9	60
HiC_scaffold_423	1	1676	8	868	51.79	0.692721	36.3	48.6
HiC_scaffold_424	1	1484	3	387	26.0782	0.260782	36	46.7
HiC_scaffold_425	1	1447	7	455	31.4444	0.68141	34.6	57.7
HiC_scaffold_426	1	1382	16	1190	86.1071	1.57381	35.8	58.4
HiC_scaffold_427	1	1353	21	1045	77.2358	2.03991	35.7	60
HiC_scaffold_428	1	1184	2	151	12.7534	0.251689	36.6	47
HiC_scaffold_429	1	1175	13	922	78.4681	1.65532	36	60
HiC_scaffold_430	1	1138	22	1016	89.2794	2.19244	35.6	58.5
HiC_scaffold_431	1	1108	12	683	61.6426	1.41155	35.3	60
HiC_scaffold_432	1	1097	24	928	84.5943	3.19599	34.9	58.1
HiC_scaffold_433	1	1005	7	372	37.0149	1.04478	35.4	37.6
HiC_scaffold_434	1	1000	9	477	47.7	1.012	35.7	58.2
HiC_scaffold_435	1	1000	22	989	98.9	2.956	35.1	60
HiC_scaffold_436	1	1000	11	579	57.9	1.48	34.8	56.6
HiC_scaffold_437	1	1000	19	994	99.4	2.72	35.8	60
HiC_scaffold_438	1	1000	13	777	77.7	1.679	36.1	56.9
HiC_scaffold_439	1	1000	9	809	80.9	1.161	36.1	60
HiC_scaffold_440	1	1000	10	700	70	1.096	35.3	60
HiC_scaffold_441	1	1000	11	861	86.1	1.303	35.8	60
HiC_scaffold_442	1	1000	17	952	95.2	2.168	35.8	59.4
HiC_scaffold_443	1	1000	11	884	88.4	1.471	36	60
HiC_scaffold_444	1	1000	8	780	78	1.088	34.9	60
HiC_scaffold_445	1	1000	14	849	84.9	1.89	34.8	60
HiC_scaffold_446	1	1000	22	852	85.2	3.144	35.8	40.9
HiC_scaffold_447	1	1000	20	848	84.8	2.558	35.5	56.1
HiC_scaffold_448	1	1000	16	931	93.1	1.82	35.8	54.6
HiC_scaffold_449	1	1000	17	831	83.1	2.051	35.3	60
HiC_scaffold_450	1	1000	10	698	69.8	1.498	35.5	57.9
HiC_scaffold_451	1	1000	10	816	81.6	1.499	35.6	50.5
HiC_scaffold_452	1	1000	13	923	92.3	1.871	35.6	58.8
HiC_scaffold_453	1	1000	72	680	68	9.015	35.5	49.6
mitochondria	1	17813	79628	17673	99.2141	647.84	35.4	59.3
HiC_scaffold_219	1	22812	0	0	0	0	0	0
HiC_scaffold_454	1	2000	0	0	0	0	0	0
