#rname	startpos	endpos	numreads	covbases	coverage	meandepth	meanbaseq	meanmapq
HiC_scaffold_1	1	75050035	757016	54949938	73.2177	1.47615	35.4	59.1
HiC_scaffold_2	1	56816963	577808	41743406	73.47	1.4867	35.4	59.2
HiC_scaffold_3	1	109611085	1061224	77927390	71.0944	1.41748	35.4	58.7
HiC_scaffold_4	1	81599725	812496	59116549	72.447	1.45717	35.4	59.1
HiC_scaffold_5	1	72353455	734348	53228274	73.567	1.48515	35.4	59.3
HiC_scaffold_6	1	67692486	685832	49559648	73.2129	1.48199	35.4	59.2
HiC_scaffold_7	1	59159807	598003	42958906	72.615	1.47699	35.4	59
HiC_scaffold_8	1	13479537	70367	6848426	50.8061	0.766324	35.4	59.4
HiC_scaffold_9	1	58964884	598380	43126861	73.1399	1.48338	35.4	59.1
HiC_scaffold_10	1	36732878	370941	26546742	72.2697	1.47391	35.4	59
HiC_scaffold_11	1	27384	146	5787	21.1328	0.777936	35	43.9
HiC_scaffold_12	1	33592	2615	8445	25.1399	10.2901	34.9	45.7
HiC_scaffold_13	1	184337	7156	146623	79.5407	5.4578	35.4	52.6
HiC_scaffold_14	1	85992	3099	49484	57.5449	4.97385	34.7	44.9
HiC_scaffold_15	1	87022	892	26543	30.5015	1.38528	35.1	46.5
HiC_scaffold_16	1	89609	2750	12550	14.0053	3.21038	35.6	51
HiC_scaffold_17	1	164154	1304	51318	31.2621	1.14337	35.2	50.7
HiC_scaffold_18	1	104921	100	7128	6.79368	0.134577	34.8	43.5
HiC_scaffold_19	1	103720	418	31164	30.0463	0.5793	35.4	48.8
HiC_scaffold_20	1	90353	476	30086	33.2983	0.753788	35.2	51.8
HiC_scaffold_21	1	85252	350	25242	29.6087	0.58537	35.4	48.3
HiC_scaffold_22	1	80500	457	23913	29.7056	0.84528	35.2	48.4
HiC_scaffold_23	1	75743	287	20001	26.4064	0.554137	35.4	55.8
HiC_scaffold_24	1	75592	1363	18994	25.127	2.54209	35.2	42.8
HiC_scaffold_25	1	72691	1535	35383	48.6759	3.04464	35.3	54.2
HiC_scaffold_26	1	71458	630	36277	50.7669	1.27595	35.5	48.1
HiC_scaffold_27	1	70045	2761	53677	76.6322	5.53857	35.2	51.1
HiC_scaffold_28	1	68558	101	5762	8.40456	0.193763	35.5	53.5
HiC_scaffold_29	1	68222	798	19245	28.2094	1.73762	35.5	44.3
HiC_scaffold_30	1	67017	609	32722	48.8264	1.32631	35.1	45.3
HiC_scaffold_31	1	65972	108	10407	15.7749	0.244619	35.8	46
HiC_scaffold_32	1	64000	693	36299	56.7172	1.47411	35.4	50.2
HiC_scaffold_33	1	62684	680	19422	30.984	1.33822	35.1	42.4
HiC_scaffold_34	1	60035	361	26294	43.7978	0.769151	35.3	55
HiC_scaffold_35	1	59483	116	11512	19.3534	0.290739	35.6	49.9
HiC_scaffold_36	1	58601	364	4363	7.44527	0.901316	34.9	43
HiC_scaffold_37	1	57907	153	10616	18.3328	0.371648	35.2	49.6
HiC_scaffold_38	1	57623	163	3007	5.2184	0.391441	35	38.6
HiC_scaffold_39	1	56881	722	21489	37.7789	1.47221	35.3	48.6
HiC_scaffold_40	1	56115	428	6618	11.7936	0.937325	35.5	36.8
HiC_scaffold_41	1	55753	776	25776	46.2325	1.98956	35	41.1
HiC_scaffold_42	1	55361	80	4504	8.13569	0.203735	35	48
HiC_scaffold_43	1	55333	641	11043	19.9573	1.61531	35	38.8
HiC_scaffold_44	1	54697	1843	45706	83.5622	4.95981	35.5	55.8
HiC_scaffold_45	1	54079	65	4323	7.99386	0.153553	35.3	47.6
HiC_scaffold_46	1	53000	185	6866	12.9547	0.515585	35.5	39.7
HiC_scaffold_47	1	52728	1546	24286	46.059	4.14053	34.7	47.3
HiC_scaffold_48	1	52696	356	26137	49.5996	0.9963	35.6	53.6
HiC_scaffold_49	1	52574	66	3916	7.44855	0.181839	34.7	39.4
HiC_scaffold_50	1	52452	39	962	1.83406	0.0438305	34.9	51.4
HiC_scaffold_51	1	52291	232	7041	13.465	0.551261	35.4	45.1
HiC_scaffold_52	1	50660	359	28618	56.4903	1.05497	35.5	55.8
HiC_scaffold_53	1	50444	1320	32797	65.0167	3.85419	35.4	55.6
HiC_scaffold_54	1	50000	596	40441	80.882	1.75562	35.3	59.7
HiC_scaffold_55	1	49402	74	5617	11.37	0.220578	35.3	45.2
HiC_scaffold_56	1	48994	186	7089	14.4691	0.536127	35.4	42.6
HiC_scaffold_57	1	48961	77	4279	8.73961	0.234146	35.4	40.8
HiC_scaffold_58	1	48913	291	24319	49.7189	0.881197	35.4	49.4
HiC_scaffold_59	1	48516	538	12833	26.4511	1.64886	35.2	47.3
HiC_scaffold_60	1	48449	248	23647	48.808	0.760263	35.6	51.3
HiC_scaffold_61	1	48102	172	8588	17.8537	0.52135	35	45.7
HiC_scaffold_62	1	47095	428	31999	67.9456	1.33481	35.6	56.3
HiC_scaffold_63	1	45946	561	23370	50.8641	1.81071	35.2	49.4
HiC_scaffold_64	1	45702	362	6876	15.0453	1.06954	35.3	45.2
HiC_scaffold_65	1	45164	491	12074	26.7337	1.51019	35	43.7
HiC_scaffold_66	1	45000	1074	9129	20.2867	3.26349	35	46.6
HiC_scaffold_67	1	44932	832	11970	26.6403	2.3007	35.2	41.9
HiC_scaffold_68	1	44535	78	7301	16.3938	0.257101	35.2	44.2
HiC_scaffold_69	1	43359	225	11623	26.8064	0.76088	35.4	43
HiC_scaffold_70	1	43000	229	8912	20.7256	0.695791	35.2	40.9
HiC_scaffold_71	1	42000	329	13990	33.3095	0.993024	35.6	48.8
HiC_scaffold_72	1	41780	29	2258	5.4045	0.101197	35	43.4
HiC_scaffold_73	1	41131	61	4738	11.5193	0.221706	35.5	45.8
HiC_scaffold_74	1	41000	180	13392	32.6634	0.652927	35.2	54.4
HiC_scaffold_75	1	40673	173	5726	14.0781	0.629115	35.5	41.4
HiC_scaffold_76	1	40021	175	5325	13.3055	0.588141	35	39
HiC_scaffold_77	1	40000	40	3414	8.535	0.13745	35.3	54.1
HiC_scaffold_78	1	39995	122	13421	33.5567	0.450181	35.4	54
HiC_scaffold_79	1	39987	43	4122	10.3084	0.159052	35.5	44.3
HiC_scaffold_80	1	39907	65	4507	11.2938	0.237678	35.2	56.5
HiC_scaffold_81	1	39785	534	7713	19.3867	1.58778	34.9	44.3
HiC_scaffold_82	1	39714	1531	10801	27.197	5.30825	35.2	44.9
HiC_scaffold_83	1	39603	133	11166	28.1948	0.487741	35.5	54.3
HiC_scaffold_84	1	39032	1257	24679	63.2276	4.49526	35.2	48.4
HiC_scaffold_85	1	38821	212	9988	25.7283	0.784884	35.6	45.4
HiC_scaffold_86	1	38551	185	5893	15.2862	0.570439	35.1	46.6
HiC_scaffold_87	1	38336	215	7340	19.1465	0.828803	35	40.7
HiC_scaffold_88	1	38081	144	6211	16.31	0.531184	35.5	55.4
HiC_scaffold_89	1	37423	123	1579	4.21933	0.438981	35	44.9
HiC_scaffold_90	1	37049	336	11172	30.1547	1.34209	35.4	41.6
HiC_scaffold_91	1	37000	434	30013	81.1162	1.72308	35.3	60
HiC_scaffold_92	1	36719	39	2970	8.08846	0.156486	35.9	53.5
HiC_scaffold_93	1	36624	303	6347	17.3302	1.08595	35.2	40.6
HiC_scaffold_94	1	36550	99	3949	10.8044	0.402435	35.5	43.1
HiC_scaffold_95	1	35915	589	16603	46.2286	2.29996	34.7	43.7
HiC_scaffold_96	1	35569	375	11671	32.8123	1.57522	35.3	45.3
HiC_scaffold_97	1	35569	139	10659	29.9671	0.56195	35.1	46.7
HiC_scaffold_98	1	35521	183	5168	14.5491	0.542496	35.6	47.7
HiC_scaffold_99	1	35305	1077	26511	75.0913	3.98748	35.2	58
HiC_scaffold_100	1	35285	346	23477	66.5354	1.41992	35.4	57.6
HiC_scaffold_101	1	35090	149	7871	22.4309	0.545483	34.6	51.8
HiC_scaffold_102	1	34736	47	5258	15.137	0.198526	35.9	46.2
HiC_scaffold_103	1	34662	731	15954	46.0273	2.88679	35.4	41.2
HiC_scaffold_104	1	34539	90	8055	23.3215	0.386201	35.7	49.6
HiC_scaffold_105	1	34367	61	5034	14.6478	0.255216	35.5	46.6
HiC_scaffold_106	1	34092	32	1411	4.1388	0.122873	35.3	47
HiC_scaffold_107	1	34034	1279	30214	88.7759	5.43742	35.4	58.3
HiC_scaffold_108	1	34000	156	4633	13.6265	0.669853	35.1	40.2
HiC_scaffold_109	1	33013	283	10649	32.257	1.17069	34.5	42.1
HiC_scaffold_110	1	32894	26	2031	6.17438	0.110263	34.6	47.5
HiC_scaffold_111	1	32703	77	7695	23.53	0.351894	35.9	47.1
HiC_scaffold_112	1	32055	133	9442	29.4556	0.600998	35	53
HiC_scaffold_113	1	31996	253	3396	10.6138	0.712058	35.4	45.9
HiC_scaffold_114	1	31869	114	5949	18.667	0.448712	35.5	51.3
HiC_scaffold_115	1	31497	162	6774	21.5068	0.738166	35.2	41.6
HiC_scaffold_116	1	31452	169	13689	43.5235	0.795403	35.2	54.4
HiC_scaffold_117	1	31435	108	11540	36.7107	0.51185	35.2	48.4
HiC_scaffold_118	1	31168	182	13599	43.6313	0.836691	35	56.5
HiC_scaffold_119	1	31094	27	2857	9.18827	0.130154	36.4	47.7
HiC_scaffold_120	1	31000	121	8832	28.4903	0.577355	35.7	46.2
HiC_scaffold_121	1	30892	92	4452	14.4115	0.439596	35.2	39.7
HiC_scaffold_122	1	30671	257	7134	23.2598	1.24293	35.2	38.6
HiC_scaffold_123	1	30159	343	24804	82.2441	1.66524	35.5	60
HiC_scaffold_124	1	30112	6	632	2.09883	0.0298884	34.9	38.5
HiC_scaffold_125	1	30000	102	3688	12.2933	0.5086	35.1	38.7
HiC_scaffold_126	1	30000	37	3146	10.4867	0.177667	35.8	46.5
HiC_scaffold_127	1	29632	268	4769	16.0941	1.19445	35.2	43.5
HiC_scaffold_128	1	29216	101	7835	26.8175	0.510953	35.5	49.3
HiC_scaffold_129	1	29000	44	2938	10.131	0.201138	35.3	56.1
HiC_scaffold_130	1	28743	19	1464	5.09341	0.0945274	34.5	49.7
HiC_scaffold_131	1	28267	463	8768	31.0185	2.44193	35.6	39.7
HiC_scaffold_132	1	28006	213	6186	22.0881	1.12772	35.2	40.8
HiC_scaffold_133	1	27859	123	11109	39.8758	0.656269	35.1	54.4
HiC_scaffold_134	1	27837	315	21810	78.349	1.61479	35	59.7
HiC_scaffold_135	1	27503	209	6161	22.4012	1.11362	35.4	43.1
HiC_scaffold_136	1	27405	324	21513	78.5003	1.73118	35.3	60
HiC_scaffold_137	1	27128	4	600	2.21174	0.0221174	35.9	40.5
HiC_scaffold_138	1	27000	116	10657	39.4704	0.634741	35.9	50
HiC_scaffold_139	1	26958	45	2718	10.0824	0.242451	34.6	45.6
HiC_scaffold_140	1	26822	63	2614	9.74573	0.326299	35.1	42.1
HiC_scaffold_141	1	26714	527	8651	32.3838	2.68833	35.1	43.4
HiC_scaffold_142	1	26597	183	7847	29.5033	0.877355	35.2	47.5
HiC_scaffold_143	1	26526	40	2778	10.4727	0.19528	35.3	48.4
HiC_scaffold_144	1	26403	199	4701	17.8048	1.12347	35.4	42.2
HiC_scaffold_145	1	26321	344	13040	49.5422	1.93473	35.1	41.6
HiC_scaffold_146	1	26302	132	2632	10.0068	0.62961	34.4	40.4
HiC_scaffold_147	1	26228	66	4693	17.8931	0.369796	35.3	49.9
HiC_scaffold_148	1	26220	300	5020	19.1457	1.70599	35.5	38.5
HiC_scaffold_149	1	26169	52	5676	21.6898	0.295808	35	47.2
HiC_scaffold_150	1	26140	321	20902	79.9617	1.79541	34.9	59.9
HiC_scaffold_151	1	25970	86	4786	18.429	0.488756	35	37.8
HiC_scaffold_152	1	25914	43	2900	11.1909	0.221926	35.4	43.9
HiC_scaffold_153	1	25756	19	2320	9.00761	0.110654	35.7	44.9
HiC_scaffold_154	1	25701	69	6091	23.6995	0.397339	35.7	53.2
HiC_scaffold_155	1	25484	574	12438	48.8071	3.25177	35.2	41.6
HiC_scaffold_156	1	25347	1320	13678	53.963	7.17844	34.9	44.3
HiC_scaffold_157	1	25300	190	7394	29.2253	1.1153	35.2	46.8
HiC_scaffold_158	1	25137	328	8715	34.67	1.87703	35.1	40.7
HiC_scaffold_159	1	25068	34	2286	9.1192	0.202848	35.8	47.1
HiC_scaffold_160	1	25021	205	13927	55.6612	1.19184	35.7	55.5
HiC_scaffold_161	1	25021	26	2765	11.0507	0.153991	35.4	52.9
HiC_scaffold_162	1	25013	272	1465	5.85695	1.20397	35.1	42.3
HiC_scaffold_163	1	25000	10	988	3.952	0.05788	35.2	36.4
HiC_scaffold_164	1	25000	10	586	2.344	0.05724	33.9	37.3
HiC_scaffold_165	1	25000	16	818	3.272	0.0936	34.6	38.9
HiC_scaffold_166	1	25000	94	2541	10.164	0.53348	35.2	37.5
HiC_scaffold_167	1	25000	255	18849	75.396	1.47928	35.5	58.4
HiC_scaffold_168	1	25000	319	20920	83.68	1.85692	35.1	59.6
HiC_scaffold_169	1	25000	284	20041	80.164	1.6704	35.2	59.8
HiC_scaffold_170	1	25000	237	18863	75.452	1.37224	35.5	59.9
HiC_scaffold_171	1	25000	283	19179	76.716	1.63904	35.3	59.9
HiC_scaffold_172	1	25000	311	21150	84.6	1.82492	35.5	59.9
HiC_scaffold_173	1	25000	277	19133	76.532	1.6076	35.3	59.7
HiC_scaffold_174	1	25000	281	19391	77.564	1.63536	35.3	59.8
HiC_scaffold_175	1	25000	282	20078	80.312	1.65836	35.2	60
HiC_scaffold_176	1	25000	285	18908	75.632	1.65972	35.3	59.3
HiC_scaffold_177	1	25000	319	20159	80.636	1.84256	35.4	59.8
HiC_scaffold_178	1	25000	303	19259	77.036	1.74528	35.1	59.4
HiC_scaffold_179	1	25000	305	20687	82.748	1.79168	35.4	59.7
HiC_scaffold_180	1	25000	256	16189	64.756	1.4328	35.4	56.3
HiC_scaffold_181	1	25000	283	20292	81.168	1.66612	35.5	60
HiC_scaffold_182	1	25000	281	19399	77.596	1.65984	35.3	60
HiC_scaffold_183	1	25000	96	3944	15.776	0.5614	35.6	47
HiC_scaffold_184	1	25000	319	21142	84.568	1.84784	35.4	59.9
HiC_scaffold_185	1	25000	679	24432	97.728	3.915	35.4	59.8
HiC_scaffold_186	1	25000	286	19681	78.724	1.66904	35.3	60
HiC_scaffold_187	1	25000	16	1554	6.216	0.09544	34.9	49
HiC_scaffold_188	1	24887	200	4793	19.2591	1.07695	34.9	42.5
HiC_scaffold_189	1	24881	549	16217	65.1782	2.53483	35.1	44.9
HiC_scaffold_190	1	24860	161	13396	53.8858	0.949236	35.4	55.3
HiC_scaffold_191	1	24785	136	11934	48.1501	0.803672	35.5	48.4
HiC_scaffold_192	1	24606	8	736	2.99114	0.0475494	35.8	43.9
HiC_scaffold_193	1	24582	212	2925	11.899	1.2547	35.1	43.7
HiC_scaffold_194	1	24552	789	14936	60.8341	4.46738	35	47
HiC_scaffold_195	1	24515	99	6588	26.8733	0.596941	35.9	54.2
HiC_scaffold_196	1	24429	110	5206	21.3107	0.593352	35.2	52
HiC_scaffold_197	1	24404	90	6433	26.3604	0.541837	35.8	53.9
HiC_scaffold_198	1	24065	176	14808	61.5333	1.0908	35.5	56.5
HiC_scaffold_199	1	24034	41	3823	15.9066	0.254889	35.5	52.7
HiC_scaffold_200	1	24000	16	1069	4.45417	0.0916667	36.5	48.9
HiC_scaffold_201	1	24000	535	4983	20.7625	3.31521	35.2	44.8
HiC_scaffold_202	1	23940	264	4452	18.5965	1.52861	35	39.2
HiC_scaffold_203	1	23878	60	2345	9.82076	0.360457	35.8	37.2
HiC_scaffold_204	1	23813	70	6093	25.5869	0.430185	35.5	53.1
HiC_scaffold_205	1	23764	63	4919	20.6994	0.366352	35.7	51.4
HiC_scaffold_206	1	23660	17	2056	8.68977	0.10262	34.3	40.8
HiC_scaffold_207	1	23581	176	14413	61.1212	1.10254	35.3	55.7
HiC_scaffold_208	1	23490	47	2669	11.3623	0.293359	35	37.9
HiC_scaffold_209	1	23453	106	9996	42.6214	0.662772	35.2	54.6
HiC_scaffold_210	1	23041	28	2179	9.45705	0.171303	35.8	59
HiC_scaffold_211	1	23000	373	3059	13.3	2.42522	35.8	38.3
HiC_scaffold_212	1	23000	84	7530	32.7391	0.539087	35.2	45.7
HiC_scaffold_213	1	23000	20	1879	8.16957	0.117043	34.8	52.6
HiC_scaffold_214	1	23000	79	3704	16.1043	0.509609	35.6	39.3
HiC_scaffold_215	1	23000	65	4441	19.3087	0.410261	35.5	56.5
HiC_scaffold_216	1	22979	9	963	4.19078	0.0580965	35.2	49.6
HiC_scaffold_217	1	22964	159	3507	15.2717	1.02678	35.3	39.9
HiC_scaffold_218	1	22956	97	8296	36.1387	0.626372	35.9	49.3
HiC_scaffold_220	1	22604	114	9327	41.2626	0.739427	35.3	53.3
HiC_scaffold_221	1	22426	9	1018	4.53937	0.0600196	35.9	48.2
HiC_scaffold_222	1	22303	189	10320	46.2718	1.24867	35.3	48.1
HiC_scaffold_223	1	22199	93	5552	25.0101	0.610838	35.3	48.5
HiC_scaffold_224	1	22128	4	289	1.30604	0.0193872	32.7	53.8
HiC_scaffold_225	1	22127	4	428	1.93429	0.0193429	32.9	42.5
HiC_scaffold_226	1	21688	98	7336	33.8252	0.66576	35.2	51.5
HiC_scaffold_227	1	21648	200	14314	66.1216	1.33024	35.4	53.5
HiC_scaffold_228	1	21608	240	11890	55.0259	1.48649	35.5	51
HiC_scaffold_229	1	21598	37	1636	7.57478	0.256274	35.4	35.7
HiC_scaffold_230	1	21510	19	1267	5.89028	0.124826	36.2	56.2
HiC_scaffold_231	1	21437	23	2069	9.65154	0.16033	35.5	46.3
HiC_scaffold_232	1	21282	131	10448	49.0931	0.910441	35.7	49.6
HiC_scaffold_233	1	20959	134	4007	19.1183	0.796746	35.2	39.2
HiC_scaffold_234	1	20824	21	1100	5.28237	0.14685	34.4	53.8
HiC_scaffold_235	1	20622	37	3615	17.5298	0.266657	35.8	55.2
HiC_scaffold_236	1	20377	41	3679	18.0547	0.301222	35.9	48.1
HiC_scaffold_237	1	20369	99	8290	40.6991	0.712602	35.5	49.8
HiC_scaffold_238	1	20340	30	3023	14.8623	0.219715	36.3	50.3
HiC_scaffold_239	1	20281	41	1831	9.02815	0.292885	34.8	43.8
HiC_scaffold_240	1	20166	29	2443	12.1145	0.204403	35.4	53.4
HiC_scaffold_241	1	20140	178	9548	47.4081	1.2995	35.4	48.5
HiC_scaffold_242	1	20135	180	14328	71.1597	1.30171	35.6	59.5
HiC_scaffold_243	1	20122	14	1329	6.60471	0.104165	34.9	57.1
HiC_scaffold_244	1	20044	32	1634	8.15207	0.213131	35.6	42.2
HiC_scaffold_245	1	20021	12	1235	6.16852	0.0830128	36.2	60
HiC_scaffold_246	1	20000	26	1815	9.075	0.17825	35.7	55.1
HiC_scaffold_247	1	20000	34	2784	13.92	0.23615	35.7	54.6
HiC_scaffold_248	1	19739	210	7806	39.5461	1.54111	35.4	43.9
HiC_scaffold_249	1	19737	28	2513	12.7324	0.208948	35.5	54.1
HiC_scaffold_250	1	19724	7	802	4.06611	0.0521699	35.6	51.4
HiC_scaffold_251	1	19667	2	171	0.869477	0.015254	35.9	40
HiC_scaffold_252	1	19649	47	4820	24.5305	0.358593	35.8	50.7
HiC_scaffold_253	1	19394	27	2503	12.9061	0.199031	35.1	54.6
HiC_scaffold_254	1	19304	76	5134	26.5955	0.58822	35.5	48.2
HiC_scaffold_255	1	19231	14	1555	8.0859	0.108523	35.4	43.6
HiC_scaffold_256	1	19176	102	6292	32.8118	0.770547	35.3	50
HiC_scaffold_257	1	19156	1016	7019	36.6413	7.27756	35.3	44.2
HiC_scaffold_258	1	19143	63	1381	7.21413	0.445698	35.4	42.9
HiC_scaffold_259	1	19058	28	2668	13.9994	0.215238	36.1	50.5
HiC_scaffold_260	1	19000	112	4007	21.0895	0.867632	35.4	41
HiC_scaffold_261	1	18934	28	2025	10.695	0.216806	36	50
HiC_scaffold_262	1	18930	355	9217	48.6899	2.67739	35.1	42.4
HiC_scaffold_263	1	18729	207	14970	79.9295	1.63479	35.5	58.5
HiC_scaffold_264	1	18528	50	2602	14.0436	0.379588	35.3	59.7
HiC_scaffold_265	1	18283	7	870	4.75852	0.0574304	34.8	46.3
HiC_scaffold_266	1	18272	15	541	2.96081	0.0877846	35.6	44.2
HiC_scaffold_267	1	18066	41	3699	20.4749	0.33981	35.2	48.1
HiC_scaffold_268	1	18044	24	2077	11.5108	0.172966	35.9	43.1
HiC_scaffold_269	1	18026	51	3949	21.9072	0.413625	34.9	59.1
HiC_scaffold_270	1	18000	55	3668	20.3778	0.419889	35.4	47.7
HiC_scaffold_271	1	18000	82	6825	37.9167	0.663722	35.8	52.6
HiC_scaffold_272	1	18000	49	2908	16.1556	0.399444	35.7	46.3
HiC_scaffold_273	1	17971	151	5903	32.8474	1.25068	35.6	44.4
HiC_scaffold_274	1	17888	48	3969	22.1881	0.398983	34.9	42.5
HiC_scaffold_275	1	17782	22	2509	14.1098	0.181138	35.8	57.4
HiC_scaffold_276	1	17690	38	3951	22.3347	0.311588	35.7	47.7
HiC_scaffold_277	1	17675	33	2740	15.5021	0.278529	34.9	41.2
HiC_scaffold_278	1	17531	4	254	1.44886	0.0235012	35	60
HiC_scaffold_279	1	17508	287	2943	16.8095	1.30832	35.2	49.5
HiC_scaffold_280	1	17420	73	6256	35.9127	0.610792	35.5	48.9
HiC_scaffold_281	1	17399	28	2203	12.6616	0.236106	35.7	56.3
HiC_scaffold_282	1	17398	64	4880	28.0492	0.52552	35.5	51.7
HiC_scaffold_283	1	17257	521	6515	37.7528	3.81126	34.9	50.3
HiC_scaffold_284	1	17224	168	12830	74.4891	1.44862	35.6	53.5
HiC_scaffold_285	1	17131	55	4713	27.5115	0.470083	35.6	48.3
HiC_scaffold_286	1	17073	48	3914	22.9251	0.41182	35.8	50
HiC_scaffold_287	1	17000	66	3429	20.1706	0.554765	35.9	44.4
HiC_scaffold_288	1	16908	17	1212	7.1682	0.126331	35	54.4
HiC_scaffold_289	1	16758	119	2626	15.6701	0.913713	35.1	43.5
HiC_scaffold_290	1	16602	94	3413	20.5578	0.716119	34.8	42.6
HiC_scaffold_291	1	16449	188	741	4.50483	1.19144	35.1	45.7
HiC_scaffold_292	1	16346	35	2773	16.9644	0.313104	35.3	49.7
HiC_scaffold_293	1	16263	310	1630	10.0228	2.46744	34.7	43.2
HiC_scaffold_294	1	16061	78	5859	36.4797	0.718884	35.2	52.5
HiC_scaffold_295	1	16000	18	1064	6.65	0.15725	35.5	54.6
HiC_scaffold_296	1	16000	53	4309	26.9312	0.476125	35.1	50.4
HiC_scaffold_297	1	16000	30	3314	20.7125	0.255625	35.5	55.6
HiC_scaffold_298	1	16000	39	2951	18.4438	0.363812	35.5	42.8
HiC_scaffold_299	1	16000	26	2058	12.8625	0.236	34.7	43.3
HiC_scaffold_300	1	15603	115	5575	35.7303	1.08479	35.2	43.9
HiC_scaffold_301	1	15565	14	783	5.03052	0.131577	36.1	60
HiC_scaffold_302	1	15554	123	3974	25.5497	1.18452	35.3	40.3
HiC_scaffold_303	1	15467	152	8397	54.2898	1.40777	35.6	49.4
HiC_scaffold_304	1	15433	40	2520	16.3286	0.383788	35.3	42.5
HiC_scaffold_305	1	15221	38	2545	16.7203	0.358846	34.7	48.2
HiC_scaffold_306	1	15208	10	623	4.09653	0.0773935	36.3	60
HiC_scaffold_307	1	15128	48	1563	10.3318	0.430526	35	50.3
HiC_scaffold_308	1	15037	35	3763	25.0249	0.338698	34.4	50.8
HiC_scaffold_309	1	15027	62	3902	25.9666	0.603514	34.7	55.2
HiC_scaffold_310	1	15014	77	6984	46.5166	0.729652	35.3	58.6
HiC_scaffold_311	1	15000	81	8353	55.6867	0.804133	35.3	49
HiC_scaffold_312	1	14886	111	9740	65.4306	1.11145	35.7	49.1
HiC_scaffold_313	1	14872	54	2212	14.8736	0.534158	35.5	41.6
HiC_scaffold_314	1	14743	24	1772	12.0193	0.232449	35.8	60
HiC_scaffold_315	1	14719	26	1484	10.0822	0.249473	35.2	53.5
HiC_scaffold_316	1	14619	65	5782	39.5513	0.664204	35.5	53.2
HiC_scaffold_317	1	14567	22	1896	13.0157	0.222352	35	50.5
HiC_scaffold_318	1	14553	12	1345	9.24208	0.123686	36.5	46.8
HiC_scaffold_319	1	14548	101	6786	46.6456	1.03148	35.7	47.8
HiC_scaffold_320	1	14465	34	2360	16.3152	0.344832	35.2	45.7
HiC_scaffold_321	1	14408	141	5672	39.367	1.44968	35.2	43.8
HiC_scaffold_322	1	14386	12	1373	9.544	0.124079	35.5	48.5
HiC_scaffold_323	1	14298	109	3824	26.745	0.83774	34.4	49.1
HiC_scaffold_324	1	14091	128	7316	51.9197	1.34788	35	50.6
HiC_scaffold_325	1	14000	118	4444	31.7429	1.2465	35.5	45.2
HiC_scaffold_326	1	14000	54	2435	17.3929	0.565643	35.3	46.1
HiC_scaffold_327	1	13966	60	4858	34.7845	0.637548	35.5	44.6
HiC_scaffold_328	1	13312	139	10100	75.8714	1.50083	35.3	59.9
HiC_scaffold_329	1	13309	79	6903	51.8672	0.873469	35.5	50.6
HiC_scaffold_330	1	13245	61	5163	38.9807	0.68222	35.2	52.2
HiC_scaffold_331	1	13138	143	10920	83.1177	1.60009	35.5	59.4
HiC_scaffold_333	1	13000	39	2729	20.9923	0.431615	35.8	45.2
HiC_scaffold_334	1	13000	26	2498	19.2154	0.290308	35.6	51.2
HiC_scaffold_335	1	13000	31	2089	16.0692	0.349692	34.6	60
HiC_scaffold_336	1	12527	247	5422	43.2825	2.82494	35.1	39.9
HiC_scaffold_337	1	12325	39	4076	33.071	0.472779	35.9	42.3
HiC_scaffold_338	1	12210	9	977	8.00164	0.106634	35.5	50.7
HiC_scaffold_339	1	12140	101	7205	59.3493	1.16079	35.3	58.5
HiC_scaffold_340	1	12103	148	2914	24.0767	1.81153	34.8	46.2
HiC_scaffold_341	1	11792	2	65	0.551221	0.0110244	37	60
HiC_scaffold_342	1	11769	39	1312	11.1479	0.488487	35.9	38.7
HiC_scaffold_343	1	11768	68	5634	47.8756	0.817556	34.8	54.4
HiC_scaffold_344	1	11552	66	5821	50.3895	0.80947	35.9	57
HiC_scaffold_345	1	11294	28	2115	18.7268	0.32991	34.8	48.8
HiC_scaffold_346	1	11220	99	7322	65.2585	1.23975	35.5	58.6
HiC_scaffold_347	1	11009	932	6106	55.4637	11.8627	34.8	41.3
HiC_scaffold_348	1	11007	39	3788	34.4145	0.529027	36.2	50.9
HiC_scaffold_349	1	11000	30	2622	23.8364	0.404455	35.4	52.8
HiC_scaffold_350	1	10932	53	3216	29.4182	0.700512	35.8	46
HiC_scaffold_351	1	10903	94	5382	49.3626	1.22168	35.5	56.7
HiC_scaffold_352	1	10862	120	7631	70.2541	1.58037	35.4	58.3
HiC_scaffold_353	1	10825	44	4593	42.4296	0.59612	35.8	54.6
HiC_scaffold_354	1	10780	114	7825	72.5881	1.54109	35.3	54.3
HiC_scaffold_355	1	10606	9	859	8.09919	0.122761	35.3	57.8
HiC_scaffold_356	1	10316	22	971	9.41256	0.268806	35.4	57.3
HiC_scaffold_357	1	10313	78	6356	61.631	1.11869	35.1	56
HiC_scaffold_358	1	10116	33	1912	18.9008	0.474694	35.1	51.1
HiC_scaffold_359	1	9728	831	3956	40.6661	11.1223	35.2	39.2
HiC_scaffold_360	1	9582	113	3561	37.1634	1.7463	35	50.6
HiC_scaffold_361	1	9577	47	4410	46.0478	0.723295	35.5	47.8
HiC_scaffold_362	1	9324	30	2831	30.3625	0.482411	35.7	47.1
HiC_scaffold_363	1	9309	98	6916	74.2937	1.52852	35.3	59.3
HiC_scaffold_364	1	9000	14	1158	12.8667	0.222778	35.7	52.9
HiC_scaffold_365	1	8972	11	1278	14.2443	0.183905	36	53.1
HiC_scaffold_366	1	8717	3	177	2.03052	0.0387748	35.9	60
HiC_scaffold_367	1	8598	138	4176	48.5694	1.96546	34.2	48.6
HiC_scaffold_368	1	8517	19	1744	20.4767	0.311495	35.1	49.2
HiC_scaffold_369	1	8159	28	3023	37.0511	0.496384	34.1	51
HiC_scaffold_370	1	8000	6	419	5.2375	0.104375	36.6	40
HiC_scaffold_371	1	7755	17	1831	23.6106	0.320954	34.4	52.5
HiC_scaffold_372	1	7349	30	1871	25.4592	0.589332	35	57.3
HiC_scaffold_373	1	7312	44	3674	50.2462	0.87965	35.1	51.9
HiC_scaffold_374	1	7226	34	2432	33.6562	0.68987	36.3	57.3
HiC_scaffold_375	1	7101	17	1660	23.377	0.340093	35.4	50.9
HiC_scaffold_376	1	7000	77	3712	53.0286	1.58243	35	42
HiC_scaffold_377	1	7000	47	4391	62.7286	0.981714	34.9	57.5
HiC_scaffold_378	1	7000	54	1811	25.8714	1.15643	35.5	40.7
HiC_scaffold_379	1	6605	57	2854	43.2097	1.20212	34.6	49.4
HiC_scaffold_380	1	6537	63	5152	78.8129	1.40829	35.5	58.2
HiC_scaffold_381	1	6484	46	3273	50.4781	1.01727	35.6	59.6
HiC_scaffold_382	1	6459	28	2533	39.2166	0.647623	36	50.7
HiC_scaffold_383	1	6245	27	1842	29.4956	0.622098	36.5	51.4
HiC_scaffold_384	1	6125	53	4138	67.5592	1.28522	35.7	51.4
HiC_scaffold_385	1	6000	50	3684	61.4	1.21383	35.4	52.1
HiC_scaffold_386	1	6000	30	2141	35.6833	0.6915	34.8	57.6
HiC_scaffold_387	1	6000	63	4186	69.7667	1.5395	34.6	49.6
HiC_scaffold_388	1	5993	17	2069	34.5236	0.409478	36.4	46.5
HiC_scaffold_389	1	5821	51	4220	72.4961	1.30785	35.8	51.8
HiC_scaffold_390	1	5673	21	2311	40.7368	0.54874	35.6	51.3
HiC_scaffold_391	1	5000	14	1380	27.6	0.4188	35.3	57.9
HiC_scaffold_392	1	5000	18	1521	30.42	0.5198	35.3	58.8
HiC_scaffold_393	1	4994	1870	3473	69.5435	50.6464	35	46.4
HiC_scaffold_394	1	4893	58	4131	84.4267	1.74126	35	52.4
HiC_scaffold_395	1	4891	54	3642	74.4633	1.60867	35.5	59.2
HiC_scaffold_396	1	4877	6	741	15.1938	0.18454	36.1	42.5
HiC_scaffold_397	1	4000	31	1310	32.75	1.10925	34.9	41.8
HiC_scaffold_398	1	4000	59	3165	79.125	2.048	35.6	56.6
HiC_scaffold_399	1	4000	18	2026	50.65	0.66725	34.8	53.7
HiC_scaffold_400	1	4000	100	1132	28.3	3.04425	34.6	46.4
HiC_scaffold_401	1	3971	52	3500	88.139	1.80534	35.5	58.7
HiC_scaffold_402	1	3919	2	212	5.40954	0.0765501	35.1	47
HiC_scaffold_403	1	3281	31	2558	77.964	1.39835	36.2	55
HiC_scaffold_404	1	3264	1	150	4.59559	0.0459559	35.1	60
HiC_scaffold_405	1	3259	20	1823	55.9374	0.895674	35.4	60
HiC_scaffold_406	1	3042	8	863	28.3695	0.392834	35.5	47.1
HiC_scaffold_407	1	3035	29	2168	71.4333	1.39934	35.9	60
HiC_scaffold_408	1	3003	2	300	9.99001	0.0999001	35.2	30
HiC_scaffold_409	1	3003	8	1051	34.9983	0.3996	35.2	46.5
HiC_scaffold_410	1	3000	41	2511	83.7	1.989	35.5	55.6
HiC_scaffold_411	1	3000	55	1768	58.9333	2.70533	35.3	42.7
HiC_scaffold_412	1	3000	50	2657	88.5667	2.42867	35.4	58.8
HiC_scaffold_413	1	3000	30	2240	74.6667	1.46067	35	57.2
HiC_scaffold_414	1	3000	17	1815	60.5	0.848	36.3	53.9
HiC_scaffold_415	1	2897	26	1930	66.6206	1.34518	35.9	53.4
HiC_scaffold_416	1	2563	84	1738	67.8112	4.00156	34.7	49
HiC_scaffold_417	1	2259	21	1516	67.1093	1.19345	36	60
HiC_scaffold_419	1	2021	36	1950	96.4869	2.53538	35.5	59.4
HiC_scaffold_420	1	2000	17	1476	73.8	1.23	35.6	60
HiC_scaffold_421	1	2000	18	1239	61.95	1.3165	34.9	52.4
HiC_scaffold_422	1	2000	20	1464	73.2	1.46	36	60
HiC_scaffold_423	1	1676	9	693	41.3484	0.73568	35.2	51.8
HiC_scaffold_424	1	1484	5	495	33.3558	0.43531	35.2	50
HiC_scaffold_425	1	1447	7	605	41.8106	0.725639	35.7	60
HiC_scaffold_426	1	1382	12	930	67.2938	1.09117	36	58.6
HiC_scaffold_427	1	1353	19	1112	82.1877	1.98965	35.3	60
HiC_scaffold_428	1	1184	3	322	27.1959	0.380068	35.7	53.3
HiC_scaffold_429	1	1175	14	1142	97.1915	1.75234	35.6	60
HiC_scaffold_430	1	1138	15	1036	91.0369	1.49824	35.9	55.7
HiC_scaffold_431	1	1108	10	828	74.7292	1.14711	36	60
HiC_scaffold_432	1	1097	22	874	79.6718	2.79125	35.8	54.1
HiC_scaffold_433	1	1005	69	700	69.6517	9.2	35.5	44.3
HiC_scaffold_434	1	1000	17	961	96.1	2.277	35.2	55.2
HiC_scaffold_435	1	1000	12	963	96.3	1.6	35.9	60
HiC_scaffold_436	1	1000	12	786	78.6	1.394	35.2	58.2
HiC_scaffold_437	1	1000	10	704	70.4	1.263	36.2	60
HiC_scaffold_438	1	1000	7	769	76.9	0.973	36.5	60
HiC_scaffold_439	1	1000	9	721	72.1	1.314	36.3	60
HiC_scaffold_440	1	1000	14	879	87.9	1.76	34.8	59.9
HiC_scaffold_441	1	1000	15	880	88	2.116	35.6	60
HiC_scaffold_442	1	1000	15	861	86.1	2.14	36.4	60
HiC_scaffold_443	1	1000	6	573	57.3	0.848	34.3	60
HiC_scaffold_444	1	1000	14	918	91.8	1.862	35.4	56.3
HiC_scaffold_445	1	1000	15	934	93.4	1.74	35	56.6
HiC_scaffold_446	1	1000	19	765	76.5	2.371	36.2	46.7
HiC_scaffold_447	1	1000	9	602	60.2	1.241	34.6	57.4
HiC_scaffold_448	1	1000	11	862	86.2	1.541	35	57.5
HiC_scaffold_449	1	1000	8	675	67.5	1.12	34.1	60
HiC_scaffold_450	1	1000	8	672	67.2	1.173	35.9	50.2
HiC_scaffold_451	1	1000	8	749	74.9	1.199	35.3	57.2
HiC_scaffold_452	1	1000	17	1000	100	2.456	35.4	59.9
HiC_scaffold_453	1	1000	53	613	61.3	6.401	35.2	46
HiC_scaffold_454	1	2000	2	300	15	0.15	34.7	36
mitochondria	1	17813	62220	17679	99.2477	507.784	35.3	59.3
HiC_scaffold_219	1	22812	0	0	0	0	0	0
HiC_scaffold_332	1	13083	0	0	0	0	0	0
HiC_scaffold_418	1	2125	0	0	0	0	0	0
