#rname	startpos	endpos	numreads	covbases	coverage	meandepth	meanbaseq	meanmapq
HiC_scaffold_1	1	75050035	788362	55546177	74.0122	1.53127	35.5	59.1
HiC_scaffold_2	1	56816963	606883	42365524	74.5649	1.55603	35.4	59.1
HiC_scaffold_3	1	109611085	1107707	79038336	72.108	1.47407	35.5	58.6
HiC_scaffold_4	1	81599725	847205	59819443	73.3084	1.51355	35.5	59
HiC_scaffold_5	1	72353455	765216	53904882	74.5022	1.54172	35.5	59.2
HiC_scaffold_6	1	67692486	723577	50455660	74.5366	1.55807	35.5	59.1
HiC_scaffold_7	1	59159807	628315	43712536	73.8889	1.54654	35.4	58.9
HiC_scaffold_8	1	13479537	75497	7126531	52.8693	0.819328	35.4	59.4
HiC_scaffold_9	1	58964884	627710	43723672	74.1521	1.55053	35.4	59.1
HiC_scaffold_10	1	36732878	398762	27261618	74.2159	1.5792	35.4	58.9
HiC_scaffold_11	1	27384	175	6072	22.1735	0.937993	35.3	44.5
HiC_scaffold_12	1	33592	2612	7898	23.5116	10.442	35	46
HiC_scaffold_13	1	184337	6731	144164	78.2068	5.10123	35.5	52.4
HiC_scaffold_14	1	85992	3088	45334	52.7189	4.94327	34.9	45.8
HiC_scaffold_15	1	87022	890	27590	31.7046	1.39846	35.2	44.9
HiC_scaffold_16	1	89609	3453	11643	12.9931	4.16947	35.7	51.3
HiC_scaffold_17	1	164154	2406	54368	33.1201	2.12368	35.3	51.1
HiC_scaffold_18	1	104921	520	44072	42.0049	0.717711	35.3	52.4
HiC_scaffold_19	1	103720	200	18164	17.5125	0.282781	35.2	47.1
HiC_scaffold_20	1	90353	662	30349	33.5894	1.05099	35	48
HiC_scaffold_21	1	85252	396	25472	29.8785	0.655598	35.5	47.8
HiC_scaffold_22	1	80500	423	23680	29.4161	0.774311	35.5	50.9
HiC_scaffold_23	1	75743	288	20003	26.409	0.557543	35.5	53.7
HiC_scaffold_24	1	75592	1396	13022	17.2267	2.58812	35.3	42.2
HiC_scaffold_25	1	72691	1649	36990	50.8866	3.23183	35.2	53.5
HiC_scaffold_26	1	71458	634	38706	54.1661	1.2867	35.4	48.2
HiC_scaffold_27	1	70045	2802	48424	69.1327	5.69311	35.3	52.7
HiC_scaffold_28	1	68558	139	5401	7.878	0.269655	34.8	55.5
HiC_scaffold_29	1	68222	1094	19982	29.2897	2.37705	35.5	44.4
HiC_scaffold_30	1	67017	623	34539	51.5377	1.36086	35.3	47.8
HiC_scaffold_31	1	65972	93	9385	14.2257	0.207846	35.4	48.5
HiC_scaffold_32	1	64000	688	35351	55.2359	1.49023	35.5	50.2
HiC_scaffold_33	1	62684	496	16778	26.766	0.982866	35.1	42.6
HiC_scaffold_34	1	60035	501	30961	51.5716	1.17456	35.4	56.3
HiC_scaffold_35	1	59483	113	12021	20.2091	0.281122	35.5	50.5
HiC_scaffold_36	1	58601	553	4321	7.37359	1.35231	35	42.2
HiC_scaffold_37	1	57907	192	12074	20.8507	0.465298	35.4	48.1
HiC_scaffold_38	1	57623	282	3278	5.6887	0.659147	35.2	38.6
HiC_scaffold_39	1	56881	712	21485	37.7718	1.46472	35.4	49.2
HiC_scaffold_40	1	56115	436	8710	15.5217	0.98929	35.5	37.5
HiC_scaffold_41	1	55753	523	20302	36.4142	1.34081	35.2	42.3
HiC_scaffold_42	1	55361	94	4792	8.65591	0.247936	35.2	46
HiC_scaffold_43	1	55333	715	12421	22.4477	1.81859	35	39.2
HiC_scaffold_44	1	54697	2136	48699	89.0341	5.74622	35.4	55.5
HiC_scaffold_45	1	54079	61	4187	7.74238	0.143179	35.3	48.2
HiC_scaffold_46	1	53000	286	9202	17.3623	0.785189	35.2	40.6
HiC_scaffold_47	1	52728	1639	27926	52.9624	4.40527	34.9	47.1
HiC_scaffold_48	1	52696	284	22020	41.7869	0.793248	35.3	53.3
HiC_scaffold_49	1	52574	84	3921	7.45806	0.233671	35.8	39.3
HiC_scaffold_50	1	52452	39	837	1.59574	0.0325822	35.7	54.5
HiC_scaffold_51	1	52291	117	5120	9.79136	0.276988	35.4	47.6
HiC_scaffold_52	1	50660	375	29152	57.5444	1.08981	35.5	57
HiC_scaffold_53	1	50444	1515	32566	64.5587	4.43012	35.4	56.3
HiC_scaffold_54	1	50000	549	39638	79.276	1.61578	35.3	59.8
HiC_scaffold_55	1	49402	90	5920	11.9833	0.264969	35.1	43.9
HiC_scaffold_56	1	48994	180	7560	15.4305	0.521003	35.6	43.7
HiC_scaffold_57	1	48961	91	6149	12.559	0.271298	35.5	44.5
HiC_scaffold_58	1	48913	92	7530	15.3947	0.2806	35.8	48.1
HiC_scaffold_59	1	48516	311	13651	28.1371	0.95183	35.1	48.5
HiC_scaffold_60	1	48449	297	24701	50.9835	0.907408	35.4	51.2
HiC_scaffold_61	1	48102	143	9006	18.7227	0.429712	34.9	45.5
HiC_scaffold_62	1	47095	373	28591	60.7092	1.16877	35.6	56.2
HiC_scaffold_63	1	45946	627	27248	59.3044	2.0039	35.5	52.2
HiC_scaffold_64	1	45702	215	6278	13.7368	0.644392	35.3	45.6
HiC_scaffold_65	1	45164	259	9697	21.4706	0.790984	35	42.9
HiC_scaffold_66	1	45000	1554	8943	19.8733	4.8178	35.2	47.7
HiC_scaffold_67	1	44932	796	11926	26.5423	2.19761	35.3	42.3
HiC_scaffold_68	1	44535	96	8320	18.6819	0.322174	35.6	42.3
HiC_scaffold_69	1	43359	196	11577	26.7003	0.665514	35.5	43.7
HiC_scaffold_70	1	43000	259	9408	21.8791	0.810558	35.3	42.3
HiC_scaffold_71	1	42000	352	13811	32.8833	1.07752	35.5	47.9
HiC_scaffold_72	1	41780	42	3123	7.47487	0.150096	34.8	40.8
HiC_scaffold_73	1	41131	50	4482	10.8969	0.179743	34.9	47.3
HiC_scaffold_74	1	41000	165	11864	28.9366	0.592146	35.2	56.5
HiC_scaffold_75	1	40673	180	5572	13.6995	0.657414	35.5	43.9
HiC_scaffold_76	1	40021	220	5674	14.1776	0.737963	35.1	39.4
HiC_scaffold_77	1	40000	64	3832	9.58	0.2191	36	55.4
HiC_scaffold_78	1	39995	198	17823	44.5631	0.731566	35.6	51.9
HiC_scaffold_79	1	39987	18	2155	5.38925	0.0670468	35.4	43.4
HiC_scaffold_80	1	39907	51	4175	10.4618	0.185657	35.3	53.5
HiC_scaffold_81	1	39785	351	5617	14.1184	1.07757	35.4	42.7
HiC_scaffold_82	1	39714	1824	11475	28.8941	6.38321	35.2	44
HiC_scaffold_83	1	39603	105	8586	21.6802	0.385425	35.5	54.9
HiC_scaffold_84	1	39032	1217	24471	62.6947	4.38146	35.3	49.2
HiC_scaffold_85	1	38821	244	8885	22.8871	0.894593	35.1	45.3
HiC_scaffold_86	1	38551	228	5054	13.1099	0.728905	34.9	45.4
HiC_scaffold_87	1	38336	179	6957	18.1474	0.693213	35.1	41.5
HiC_scaffold_88	1	38081	232	7013	18.416	0.860954	35.5	55.6
HiC_scaffold_89	1	37423	157	1574	4.20597	0.541939	35.5	45.7
HiC_scaffold_90	1	37049	404	9957	26.8752	1.60795	35.4	42.9
HiC_scaffold_91	1	37000	482	31267	84.5054	1.91138	35.5	59.9
HiC_scaffold_92	1	36719	66	4319	11.7623	0.265666	35.4	51.6
HiC_scaffold_93	1	36624	391	7376	20.1398	1.44383	35.4	41.6
HiC_scaffold_94	1	36550	115	3956	10.8235	0.458796	35.3	43.7
HiC_scaffold_95	1	35915	888	17362	48.3419	3.43444	34.8	43.5
HiC_scaffold_96	1	35569	340	11207	31.5078	1.41376	35.5	46.5
HiC_scaffold_97	1	35569	167	9064	25.4829	0.648402	35.2	44.3
HiC_scaffold_98	1	35521	234	5974	16.8182	0.715464	35.6	50.7
HiC_scaffold_99	1	35305	1056	26150	74.0688	3.94715	35.3	58.3
HiC_scaffold_100	1	35285	369	24380	69.0945	1.52246	35.6	56.4
HiC_scaffold_101	1	35090	131	8038	22.9068	0.488544	34.9	51.9
HiC_scaffold_102	1	34736	38	4283	12.3301	0.162569	35.7	46.8
HiC_scaffold_103	1	34662	658	16148	46.587	2.6585	35.4	41.7
HiC_scaffold_104	1	34539	157	11718	33.9269	0.662671	35.5	49.7
HiC_scaffold_105	1	34367	81	5402	15.7186	0.346961	35.5	47.9
HiC_scaffold_106	1	34092	12	757	2.22046	0.0471078	35	54.9
HiC_scaffold_107	1	34034	1154	29464	86.5723	4.93912	35.5	58.5
HiC_scaffold_108	1	34000	218	5320	15.6471	0.952235	35.2	39.7
HiC_scaffold_109	1	33013	329	11423	34.6015	1.35768	34.6	42.2
HiC_scaffold_110	1	32894	42	2600	7.90418	0.172645	35.2	50.9
HiC_scaffold_111	1	32703	82	6933	21.1999	0.37177	35.7	47.7
HiC_scaffold_112	1	32055	126	9607	29.9704	0.578319	35.4	51.9
HiC_scaffold_113	1	31996	302	3916	12.239	0.935461	35.3	43.4
HiC_scaffold_114	1	31869	152	6487	20.3552	0.59321	35.2	48.6
HiC_scaffold_115	1	31497	247	8214	26.0787	1.13344	35.2	41.8
HiC_scaffold_116	1	31452	164	15009	47.7203	0.772002	35.6	54.6
HiC_scaffold_117	1	31435	96	10320	32.8296	0.453285	35.4	47.4
HiC_scaffold_118	1	31168	239	16644	53.4009	1.10617	35.2	56.5
HiC_scaffold_119	1	31094	46	3904	12.5555	0.220268	35.7	48.1
HiC_scaffold_120	1	31000	166	10330	33.3226	0.786387	35.3	46.6
HiC_scaffold_121	1	30892	49	2984	9.65946	0.227114	35.2	43.2
HiC_scaffold_122	1	30671	323	7329	23.8955	1.56979	35.4	38
HiC_scaffold_123	1	30159	376	25448	84.3795	1.80527	35.3	59.9
HiC_scaffold_124	1	30112	12	1209	4.01501	0.0596108	35.8	40.3
HiC_scaffold_125	1	30000	125	3083	10.2767	0.6177	34.8	39.8
HiC_scaffold_126	1	30000	45	3250	10.8333	0.207033	35.5	46.9
HiC_scaffold_127	1	29632	368	5302	17.8928	1.58876	35.4	43.5
HiC_scaffold_128	1	29216	94	8833	30.2334	0.475493	35.3	49.7
HiC_scaffold_129	1	29000	52	2708	9.33793	0.257621	35.1	53.7
HiC_scaffold_130	1	28743	19	1888	6.56856	0.0990154	35.6	48.5
HiC_scaffold_131	1	28267	415	9068	32.0798	2.19365	35.6	40.9
HiC_scaffold_132	1	28006	341	7284	26.0087	1.79915	35.2	39.7
HiC_scaffold_133	1	27859	94	8705	31.2466	0.489572	35.6	54.5
HiC_scaffold_134	1	27837	373	22812	81.9485	1.90707	35.3	59.5
HiC_scaffold_135	1	27503	131	5616	20.4196	0.706141	35.6	39.4
HiC_scaffold_136	1	27405	367	22393	81.7114	1.95873	35.5	59.9
HiC_scaffold_137	1	27128	6	704	2.5951	0.0331761	34.9	39.8
HiC_scaffold_138	1	27000	95	7775	28.7963	0.513889	35.6	52.2
HiC_scaffold_139	1	26958	39	3550	13.1686	0.212664	35.2	47.3
HiC_scaffold_140	1	26822	39	1486	5.54023	0.19663	35.2	38.9
HiC_scaffold_141	1	26714	386	10315	38.6127	2.00453	35.3	44.7
HiC_scaffold_142	1	26597	151	8497	31.9472	0.804076	35.6	47.6
HiC_scaffold_143	1	26526	53	2781	10.4841	0.232866	34.9	48.2
HiC_scaffold_144	1	26403	142	4118	15.5967	0.777109	35.5	44.4
HiC_scaffold_145	1	26321	471	13304	50.5452	2.65336	35.4	42.4
HiC_scaffold_146	1	26302	204	2901	11.0296	0.96966	35.1	39.1
HiC_scaffold_147	1	26228	74	4844	18.4688	0.408152	35.6	49
HiC_scaffold_148	1	26220	312	5821	22.2006	1.77086	35.6	38.9
HiC_scaffold_149	1	26169	75	6231	23.8106	0.428255	35.6	50.7
HiC_scaffold_150	1	26140	315	20813	79.6213	1.74093	35.4	59.9
HiC_scaffold_151	1	25970	115	6087	23.4386	0.646977	35.7	38.2
HiC_scaffold_152	1	25914	49	2636	10.1721	0.264606	35.9	43
HiC_scaffold_153	1	25756	9	981	3.80882	0.0523761	36	42.2
HiC_scaffold_154	1	25701	83	6424	24.9951	0.456519	35.7	54.7
HiC_scaffold_155	1	25484	820	13124	51.499	4.60764	35.4	42.6
HiC_scaffold_156	1	25347	875	12049	47.5362	4.75528	34.9	44
HiC_scaffold_157	1	25300	121	7265	28.7154	0.695375	35.3	45.8
HiC_scaffold_158	1	25137	379	9385	37.3354	2.14131	35	40.3
HiC_scaffold_159	1	25068	40	2224	8.87187	0.23524	35.6	44.2
HiC_scaffold_160	1	25021	175	12778	51.0691	1.00639	35.5	56
HiC_scaffold_161	1	25021	27	2366	9.45606	0.145238	35.7	54.4
HiC_scaffold_162	1	25013	466	2168	8.66749	2.11442	35.3	43.5
HiC_scaffold_163	1	25000	6	427	1.708	0.03364	34.7	38.7
HiC_scaffold_164	1	25000	16	582	2.328	0.09548	36.2	37.4
HiC_scaffold_165	1	25000	26	969	3.876	0.15584	35.6	38.7
HiC_scaffold_166	1	25000	124	3663	14.652	0.71396	34.9	37.7
HiC_scaffold_167	1	25000	277	17908	71.632	1.60624	35.5	59
HiC_scaffold_168	1	25000	308	19884	79.536	1.79112	35.2	59.8
HiC_scaffold_169	1	25000	265	18847	75.388	1.54592	35.4	59.7
HiC_scaffold_170	1	25000	322	21321	85.284	1.88068	35.2	59.7
HiC_scaffold_171	1	25000	323	20746	82.984	1.88996	35.2	59.8
HiC_scaffold_172	1	25000	261	18579	74.316	1.53548	35.7	59.6
HiC_scaffold_173	1	25000	285	19798	79.192	1.66584	35.5	59.9
HiC_scaffold_174	1	25000	340	21077	84.308	1.95832	35.4	59.5
HiC_scaffold_175	1	25000	322	19906	79.624	1.86744	35.4	59.9
HiC_scaffold_176	1	25000	272	18774	75.096	1.60424	35.3	59.3
HiC_scaffold_177	1	25000	267	18592	74.368	1.54632	35.3	59.5
HiC_scaffold_178	1	25000	316	20102	80.408	1.82212	35.2	59.2
HiC_scaffold_179	1	25000	318	20873	83.492	1.84404	35.5	59.9
HiC_scaffold_180	1	25000	282	15600	62.4	1.60896	35.3	56.9
HiC_scaffold_181	1	25000	252	18927	75.708	1.48848	35.2	59.9
HiC_scaffold_182	1	25000	313	20130	80.52	1.78836	35.2	59.9
HiC_scaffold_183	1	25000	88	3636	14.544	0.5216	35.6	44
HiC_scaffold_184	1	25000	273	19444	77.776	1.58704	35.5	59.9
HiC_scaffold_185	1	25000	433	22164	88.656	2.52096	35.5	59.7
HiC_scaffold_186	1	25000	300	20761	83.044	1.74888	35.4	59.8
HiC_scaffold_187	1	25000	4	507	2.028	0.02392	36.7	60
HiC_scaffold_188	1	24887	207	5401	21.7021	1.09756	35.1	44
HiC_scaffold_189	1	24881	670	15061	60.5321	3.1852	35.3	44.1
HiC_scaffold_190	1	24860	180	13406	53.926	1.04171	35.2	55.5
HiC_scaffold_191	1	24785	105	9092	36.6835	0.620456	35.8	47.4
HiC_scaffold_192	1	24606	19	1343	5.45802	0.114687	35.7	43.8
HiC_scaffold_193	1	24582	212	2803	11.4027	1.24677	35.2	44.1
HiC_scaffold_194	1	24552	656	16015	65.2289	3.67339	35.1	45.1
HiC_scaffold_195	1	24515	80	6022	24.5646	0.478034	35.4	54.3
HiC_scaffold_196	1	24429	117	5644	23.1037	0.65676	35.6	50.6
HiC_scaffold_197	1	24404	109	6967	28.5486	0.655384	35.6	52.7
HiC_scaffold_198	1	24065	223	16457	68.3856	1.35944	35.4	54.9
HiC_scaffold_199	1	24034	65	5163	21.4821	0.400766	35.4	48.8
HiC_scaffold_200	1	24000	22	1207	5.02917	0.118292	35.5	53.5
HiC_scaffold_201	1	24000	743	4562	19.0083	4.615	35.3	45.4
HiC_scaffold_202	1	23940	287	4811	20.0961	1.70543	35.2	39.6
HiC_scaffold_203	1	23878	47	1741	7.29123	0.292571	36.3	36.3
HiC_scaffold_204	1	23813	87	8218	34.5106	0.540713	35.3	50
HiC_scaffold_205	1	23764	67	5698	23.9774	0.40494	35.7	50.4
HiC_scaffold_206	1	23660	13	984	4.15892	0.0804734	35.7	47.2
HiC_scaffold_207	1	23581	222	16639	70.561	1.38438	35.3	54.5
HiC_scaffold_208	1	23490	74	2497	10.6301	0.465815	35.3	37.8
HiC_scaffold_209	1	23453	110	8916	38.0165	0.67808	35.2	54.4
HiC_scaffold_210	1	23041	74	3940	17.1	0.458964	35.5	54.6
HiC_scaffold_211	1	23000	310	3097	13.4652	2.00778	35.6	39.2
HiC_scaffold_212	1	23000	118	9422	40.9652	0.757652	35.8	47.4
HiC_scaffold_213	1	23000	35	2942	12.7913	0.216435	35.1	46.4
HiC_scaffold_214	1	23000	215	7876	34.2435	1.37009	35.5	40.4
HiC_scaffold_215	1	23000	39	2962	12.8783	0.245435	35.6	55.4
HiC_scaffold_216	1	22979	7	817	3.55542	0.0439532	35.6	43
HiC_scaffold_217	1	22964	117	4069	17.719	0.759754	35.4	41.1
HiC_scaffold_218	1	22956	85	7961	34.6794	0.541558	35.4	49.7
HiC_scaffold_220	1	22604	123	10213	45.1823	0.789197	35.5	52.5
HiC_scaffold_221	1	22426	30	2237	9.97503	0.184741	34.5	51.3
HiC_scaffold_222	1	22303	220	9937	44.5545	1.46474	35.6	47
HiC_scaffold_223	1	22199	60	3921	17.663	0.399703	35.1	53.8
HiC_scaffold_224	1	22128	11	1012	4.57339	0.0589299	33.8	47.5
HiC_scaffold_226	1	21688	102	6800	31.3537	0.696284	35.5	50.9
HiC_scaffold_227	1	21648	136	9670	44.6693	0.90558	35.3	51.3
HiC_scaffold_228	1	21608	189	11476	53.11	1.2115	35.4	52.8
HiC_scaffold_229	1	21598	19	1244	5.75979	0.130475	35.8	38.8
HiC_scaffold_230	1	21510	7	716	3.32868	0.0434682	35.2	54.7
HiC_scaffold_231	1	21437	53	3951	18.4308	0.355647	35.1	42.1
HiC_scaffold_232	1	21282	133	11220	52.7206	0.91763	35.5	49
HiC_scaffold_233	1	20959	143	4748	22.6538	0.91574	35.3	39.1
HiC_scaffold_234	1	20824	18	1329	6.38206	0.129226	36.1	54.7
HiC_scaffold_235	1	20622	40	3405	16.5115	0.290321	35.5	53.2
HiC_scaffold_236	1	20377	55	4809	23.6001	0.380184	35.8	48.9
HiC_scaffold_237	1	20369	72	6185	30.3648	0.525848	35.5	51.3
HiC_scaffold_238	1	20340	27	2442	12.0059	0.197443	35.4	46.6
HiC_scaffold_239	1	20281	30	1731	8.53508	0.210591	34.3	41
HiC_scaffold_240	1	20166	31	2654	13.1608	0.219825	35.9	47.7
HiC_scaffold_241	1	20140	218	9426	46.8024	1.5856	35.3	46.4
HiC_scaffold_242	1	20135	200	15168	75.3315	1.44683	35.1	59.1
HiC_scaffold_243	1	20122	17	1462	7.26568	0.125783	35.1	50.6
HiC_scaffold_244	1	20044	51	2560	12.7719	0.363001	35.6	41.8
HiC_scaffold_245	1	20021	32	2215	11.0634	0.220768	35.1	58.9
HiC_scaffold_246	1	20000	26	1942	9.71	0.182	34.6	55.3
HiC_scaffold_247	1	20000	38	2985	14.925	0.25745	35.3	54.2
HiC_scaffold_248	1	19739	317	8580	43.4672	2.34824	35.6	42.6
HiC_scaffold_249	1	19737	8	871	4.41303	0.0540102	36	51
HiC_scaffold_250	1	19724	21	1525	7.7317	0.149817	36	49.7
HiC_scaffold_251	1	19667	51	1765	8.97442	0.360045	34.8	38.3
HiC_scaffold_252	1	19649	36	3616	18.403	0.27462	35.8	51.2
HiC_scaffold_253	1	19394	30	3303	17.031	0.228988	35.5	47.8
HiC_scaffold_254	1	19304	46	2956	15.3129	0.335423	35.8	53
HiC_scaffold_255	1	19231	27	2428	12.6254	0.201862	36.1	45.3
HiC_scaffold_256	1	19176	81	7168	37.3801	0.610711	35.5	50.3
HiC_scaffold_257	1	19156	1660	7500	39.1522	11.8911	35.1	43.6
HiC_scaffold_258	1	19143	66	1112	5.80891	0.453691	34.7	44.5
HiC_scaffold_259	1	19058	8	846	4.43908	0.0628083	35.3	50.6
HiC_scaffold_260	1	19000	109	4158	21.8842	0.827421	35.7	42.7
HiC_scaffold_261	1	18934	3	450	2.37668	0.0237668	35.4	56
HiC_scaffold_262	1	18930	515	6921	36.561	3.84638	35.3	42.3
HiC_scaffold_263	1	18729	217	14969	79.9242	1.68044	35.6	57.6
HiC_scaffold_264	1	18528	43	2398	12.9426	0.305376	35.4	59
HiC_scaffold_265	1	18283	39	1895	10.3648	0.303561	34.7	41.9
HiC_scaffold_266	1	18272	41	1312	7.18039	0.261493	35.2	42.7
HiC_scaffold_267	1	18066	29	3057	16.9213	0.227001	35.6	48.7
HiC_scaffold_268	1	18044	18	1565	8.67324	0.14182	35.7	40.1
HiC_scaffold_269	1	18026	56	4035	22.3843	0.446744	35.5	58
HiC_scaffold_270	1	18000	137	6390	35.5	1.12189	35.3	45.6
HiC_scaffold_271	1	18000	94	7841	43.5611	0.754222	35.5	50
HiC_scaffold_272	1	18000	58	2961	16.45	0.458222	35.1	42.9
HiC_scaffold_273	1	17971	171	6371	35.4516	1.40838	35.2	45.4
HiC_scaffold_274	1	17888	47	3953	22.0986	0.389703	35.7	41.1
HiC_scaffold_275	1	17782	25	2420	13.6093	0.195141	35.7	54.2
HiC_scaffold_276	1	17690	37	4583	25.9073	0.313171	35.4	46.6
HiC_scaffold_277	1	17675	42	2620	14.8232	0.328656	35.1	43.9
HiC_scaffold_278	1	17531	4	270	1.54013	0.0293195	36.4	60
HiC_scaffold_279	1	17508	298	2722	15.5472	1.48252	34.8	47.9
HiC_scaffold_280	1	17420	51	5163	29.6383	0.430367	34.9	50.3
HiC_scaffold_281	1	17399	39	2503	14.3859	0.331341	35.7	58.6
HiC_scaffold_282	1	17398	67	6298	36.1996	0.562823	35.2	50.3
HiC_scaffold_283	1	17257	955	7819	45.3091	6.9143	34.9	50.5
HiC_scaffold_284	1	17224	191	13327	77.3746	1.64282	35.2	53.6
HiC_scaffold_285	1	17131	60	4971	29.0176	0.514214	35.9	49.3
HiC_scaffold_286	1	17073	40	3655	21.4081	0.350846	35.8	47.9
HiC_scaffold_287	1	17000	53	3432	20.1882	0.461235	35.2	44.2
HiC_scaffold_288	1	16908	18	1392	8.23279	0.12775	35.6	54.8
HiC_scaffold_289	1	16758	224	3483	20.7841	1.76471	35.2	42.2
HiC_scaffold_290	1	16602	193	4094	24.6597	1.59324	35.2	41.5
HiC_scaffold_291	1	16449	139	984	5.98213	1.00365	35.2	45.9
HiC_scaffold_292	1	16346	27	2247	13.7465	0.244831	35.5	49.8
HiC_scaffold_293	1	16263	262	1388	8.53471	2.19129	35.4	42.8
HiC_scaffold_294	1	16061	91	6435	40.066	0.805118	35.8	52.2
HiC_scaffold_295	1	16000	9	815	5.09375	0.070125	36.2	55
HiC_scaffold_296	1	16000	50	3372	21.075	0.450875	35.6	52.1
HiC_scaffold_297	1	16000	28	2691	16.8188	0.261	35.4	47.9
HiC_scaffold_298	1	16000	47	3326	20.7875	0.427187	35.1	41.8
HiC_scaffold_299	1	16000	46	2929	18.3062	0.425625	34.7	42.4
HiC_scaffold_300	1	15603	104	5440	34.8651	0.970839	35.2	47.4
HiC_scaffold_301	1	15565	10	809	5.19756	0.0957276	35.3	60
HiC_scaffold_302	1	15554	85	3841	24.6946	0.801144	35.6	40.8
HiC_scaffold_303	1	15467	155	8103	52.389	1.41928	35	48.9
HiC_scaffold_304	1	15433	50	3352	21.7197	0.484222	35.4	39.2
HiC_scaffold_305	1	15221	22	2062	13.5471	0.214572	35.2	45.4
HiC_scaffold_306	1	15208	13	873	5.7404	0.116912	35.7	60
HiC_scaffold_307	1	15128	22	1184	7.82655	0.210405	34.4	50.8
HiC_scaffold_308	1	15037	68	5500	36.5764	0.660172	35	53.4
HiC_scaffold_309	1	15027	69	4067	27.0646	0.662474	35	49.4
HiC_scaffold_310	1	15014	63	6144	40.9218	0.611696	35.2	59.6
HiC_scaffold_311	1	15000	109	9166	61.1067	1.08133	35.2	48.7
HiC_scaffold_312	1	14886	132	9614	64.5842	1.31654	34.9	49.8
HiC_scaffold_313	1	14872	64	3301	22.1961	0.621772	35.2	41.9
HiC_scaffold_314	1	14743	19	1678	11.3817	0.193312	36.2	58.9
HiC_scaffold_315	1	14719	18	965	6.55615	0.144439	35.3	58.8
HiC_scaffold_316	1	14619	58	4689	32.0747	0.589233	35.6	54.5
HiC_scaffold_317	1	14567	17	2117	14.5328	0.174161	35.3	45.5
HiC_scaffold_318	1	14553	9	1062	7.29746	0.0926269	36.7	45.9
HiC_scaffold_319	1	14548	123	7799	53.6087	1.24443	35.9	47.9
HiC_scaffold_320	1	14465	36	3728	25.7726	0.366056	35.8	47.9
HiC_scaffold_321	1	14408	108	5710	39.6308	1.09807	35.5	46.7
HiC_scaffold_322	1	14386	22	2505	17.4128	0.228069	35.8	48.6
HiC_scaffold_323	1	14298	82	3371	23.5767	0.652819	34.6	46.4
HiC_scaffold_324	1	14091	112	5721	40.6004	1.12774	35.4	48.4
HiC_scaffold_325	1	14000	39	3277	23.4071	0.403929	35	41
HiC_scaffold_326	1	14000	54	2209	15.7786	0.575571	35.1	46.4
HiC_scaffold_327	1	13966	51	4103	29.3785	0.536732	35.2	46
HiC_scaffold_328	1	13312	165	10318	77.509	1.80799	35.5	59.8
HiC_scaffold_329	1	13309	81	6738	50.6274	0.902171	35.4	48.8
HiC_scaffold_330	1	13245	96	6457	48.7505	1.04545	35.3	54.7
HiC_scaffold_331	1	13138	143	10366	78.9009	1.57284	35.4	59.4
HiC_scaffold_332	1	13083	2	284	2.17076	0.0217076	36.8	42.5
HiC_scaffold_333	1	13000	42	2889	22.2231	0.471308	35.6	50.8
HiC_scaffold_334	1	13000	49	3926	30.2	0.560077	35.8	51.8
HiC_scaffold_335	1	13000	57	3307	25.4385	0.629	35.6	53
HiC_scaffold_336	1	12527	331	6084	48.5671	3.80506	35.2	40.3
HiC_scaffold_337	1	12325	18	2333	18.929	0.218905	35.7	43.8
HiC_scaffold_338	1	12210	8	1015	8.31286	0.0955774	34.7	48.2
HiC_scaffold_339	1	12140	127	8069	66.4662	1.53064	35.3	56.4
HiC_scaffold_340	1	12103	84	3073	25.3904	1.029	35	47.9
HiC_scaffold_341	1	11792	9	331	2.80699	0.0811567	35.7	60
HiC_scaffold_342	1	11769	57	1407	11.9551	0.718328	35.3	39.2
HiC_scaffold_343	1	11768	47	3289	27.9487	0.534925	35.4	53.8
HiC_scaffold_344	1	11552	86	5700	49.3421	1.09124	35.1	56.5
HiC_scaffold_345	1	11294	30	2213	19.5945	0.377103	35.6	55.9
HiC_scaffold_346	1	11220	101	7601	67.7451	1.30196	35	57.7
HiC_scaffold_347	1	11009	1115	6436	58.4613	14.2873	35	41.4
HiC_scaffold_348	1	11007	40	3978	36.1406	0.518216	35.8	50.5
HiC_scaffold_349	1	11000	49	3795	34.5	0.639727	36	52.8
HiC_scaffold_350	1	10932	60	2817	25.7684	0.805982	35.9	43.7
HiC_scaffold_351	1	10903	67	4961	45.5012	0.898101	35.8	55.3
HiC_scaffold_352	1	10862	123	7802	71.8284	1.66848	35.7	57.9
HiC_scaffold_353	1	10825	33	2797	25.8383	0.443233	35	50.7
HiC_scaffold_354	1	10780	87	7464	69.2393	1.16364	35.6	53.7
HiC_scaffold_355	1	10606	8	810	7.63719	0.105978	35.5	57.5
HiC_scaffold_356	1	10316	6	650	6.30089	0.0790035	35.3	60
HiC_scaffold_357	1	10313	98	7492	72.6462	1.41045	35.6	56.4
HiC_scaffold_358	1	10116	24	1723	17.0324	0.342823	35.4	52.8
HiC_scaffold_359	1	9728	802	4067	41.8072	10.9462	35.2	39.1
HiC_scaffold_360	1	9582	25	1745	18.2112	0.370382	34.7	49.9
HiC_scaffold_361	1	9577	43	4075	42.5499	0.662629	35.9	46.5
HiC_scaffold_362	1	9324	39	3655	39.1999	0.620764	35.5	44.2
HiC_scaffold_363	1	9309	84	6668	71.6296	1.31636	35.3	59.7
HiC_scaffold_364	1	9000	9	798	8.86667	0.135333	34.5	55.8
HiC_scaffold_365	1	8972	25	2142	23.8743	0.386759	35.9	54.1
HiC_scaffold_366	1	8717	6	374	4.29047	0.07537	35.9	56.7
HiC_scaffold_367	1	8598	51	3376	39.2649	0.812049	35	51
HiC_scaffold_368	1	8517	28	2169	25.4667	0.474228	35.9	51.5
HiC_scaffold_369	1	8159	34	3249	39.8211	0.588675	34.7	51.6
HiC_scaffold_370	1	8000	14	871	10.8875	0.262	35.6	40.9
HiC_scaffold_371	1	7755	20	1595	20.5674	0.369697	35.7	54.7
HiC_scaffold_372	1	7349	28	2271	30.9022	0.523609	36.1	57.9
HiC_scaffold_373	1	7312	37	3192	43.6543	0.747949	35.7	51.8
HiC_scaffold_374	1	7226	13	1464	20.2602	0.245918	35.4	52.2
HiC_scaffold_375	1	7101	10	1339	18.8565	0.209548	35.3	49.9
HiC_scaffold_376	1	7000	105	3819	54.5571	2.10386	35.5	42
HiC_scaffold_377	1	7000	50	3433	49.0429	1.03986	36	54.1
HiC_scaffold_378	1	7000	105	2618	37.4	2.21843	35.5	41.8
HiC_scaffold_379	1	6605	72	3415	51.7033	1.49296	34.9	51.2
HiC_scaffold_380	1	6537	72	5409	82.7444	1.56601	35.6	59
HiC_scaffold_381	1	6484	39	3459	53.3467	0.871684	35.3	59.5
HiC_scaffold_382	1	6459	24	2177	33.7049	0.555814	35.4	51.3
HiC_scaffold_383	1	6245	15	1993	31.9135	0.359648	36	44.1
HiC_scaffold_384	1	6125	64	4840	79.0204	1.53486	36	51.8
HiC_scaffold_385	1	6000	61	3977	66.2833	1.464	35.7	54.4
HiC_scaffold_386	1	6000	20	1385	23.0833	0.447	35.8	59.2
HiC_scaffold_387	1	6000	41	3631	60.5167	1.0175	35	50
HiC_scaffold_388	1	5993	17	1668	27.8325	0.349074	36.1	47.9
HiC_scaffold_389	1	5821	57	4472	76.8253	1.42622	34.9	49.8
HiC_scaffold_390	1	5673	44	3498	61.6605	1.15494	35.9	49.9
HiC_scaffold_391	1	5000	18	1441	28.82	0.5228	34.9	58.9
HiC_scaffold_392	1	5000	37	2297	45.94	1.0638	35.3	54
HiC_scaffold_393	1	4994	2673	4098	82.0585	72.5975	35.1	46.6
HiC_scaffold_394	1	4893	40	3247	66.3601	1.15655	35.9	52.2
HiC_scaffold_395	1	4891	40	2879	58.8632	1.13228	35.2	58.8
HiC_scaffold_396	1	4877	10	1044	21.4066	0.307156	34.9	42.5
HiC_scaffold_397	1	4000	35	1404	35.1	1.2955	34.5	43.8
HiC_scaffold_398	1	4000	49	3093	77.325	1.737	35	58.1
HiC_scaffold_399	1	4000	25	2559	63.975	0.93475	36.1	55.2
HiC_scaffold_400	1	4000	243	998	24.95	8.033	34.9	45.8
HiC_scaffold_401	1	3971	36	2536	63.863	1.35709	35.2	60
HiC_scaffold_402	1	3919	8	1026	26.1801	0.294973	34.7	44.2
HiC_scaffold_403	1	3281	33	2567	78.2383	1.47912	35.5	58.7
HiC_scaffold_405	1	3259	46	2959	90.7947	2.0672	35.4	60
HiC_scaffold_406	1	3042	22	1565	51.4464	1.0789	35.1	51.6
HiC_scaffold_407	1	3035	21	1504	49.5552	0.981219	36.3	59.2
HiC_scaffold_408	1	3003	13	1331	44.3223	0.648019	35.5	43.6
HiC_scaffold_409	1	3003	11	1131	37.6623	0.549118	35.8	50.3
HiC_scaffold_410	1	3000	38	2244	74.8	1.81167	34.9	53.3
HiC_scaffold_411	1	3000	43	1529	50.9667	2.09433	34.9	42.4
HiC_scaffold_412	1	3000	48	2347	78.2333	2.19033	36	57.8
HiC_scaffold_413	1	3000	32	2078	69.2667	1.43167	35.6	56.7
HiC_scaffold_414	1	3000	29	1884	62.8	1.42567	35.2	55.8
HiC_scaffold_415	1	2897	28	2337	80.6697	1.44874	35.9	54.1
HiC_scaffold_416	1	2563	64	1237	48.2638	2.70776	35	46.3
HiC_scaffold_417	1	2259	7	571	25.2767	0.389553	36	60
HiC_scaffold_418	1	2125	8	563	26.4941	0.392471	34	60
HiC_scaffold_419	1	2021	26	1666	82.4344	1.86244	35.2	59.5
HiC_scaffold_420	1	2000	22	1097	54.85	1.397	35.2	60
HiC_scaffold_421	1	2000	15	1233	61.65	1.115	34.7	50.5
HiC_scaffold_422	1	2000	13	1165	58.25	0.795	35.9	57.7
HiC_scaffold_423	1	1676	13	1176	70.1671	1.1599	35.3	49.5
HiC_scaffold_424	1	1484	4	466	31.4016	0.386119	36.7	46
HiC_scaffold_425	1	1447	2	292	20.1797	0.201797	34.5	50
HiC_scaffold_426	1	1382	11	1067	77.2069	1.13025	33.7	60
HiC_scaffold_427	1	1353	23	1198	88.544	2.26977	35.9	60
HiC_scaffold_428	1	1184	2	129	10.8953	0.217905	34.1	45
HiC_scaffold_429	1	1175	11	815	69.3617	1.0434	35.9	60
HiC_scaffold_430	1	1138	31	1090	95.7821	3.28383	34.8	57.9
HiC_scaffold_431	1	1108	14	1027	92.6895	1.65704	35.7	60
HiC_scaffold_432	1	1097	19	937	85.4148	2.42479	35.5	58
HiC_scaffold_433	1	1005	70	613	60.995	9.9005	35.5	45.3
HiC_scaffold_434	1	1000	7	631	63.1	0.886	34.3	60
HiC_scaffold_435	1	1000	20	953	95.3	2.75	35.4	60
HiC_scaffold_436	1	1000	5	458	45.8	0.51	35.1	57.6
HiC_scaffold_437	1	1000	13	884	88.4	1.687	36.2	59.7
HiC_scaffold_438	1	1000	16	915	91.5	1.994	35.1	60
HiC_scaffold_439	1	1000	18	983	98.3	2.291	36	57.7
HiC_scaffold_440	1	1000	8	805	80.5	1.159	35.9	60
HiC_scaffold_441	1	1000	19	949	94.9	2.577	34.4	60
HiC_scaffold_442	1	1000	15	812	81.2	1.943	35.3	60
HiC_scaffold_443	1	1000	12	905	90.5	1.72	35.8	60
HiC_scaffold_444	1	1000	9	717	71.7	1.32	34.2	60
HiC_scaffold_445	1	1000	16	899	89.9	2.053	34.1	59.2
HiC_scaffold_446	1	1000	20	862	86.2	2.758	35.2	46.4
HiC_scaffold_447	1	1000	23	917	91.7	3.174	35.1	55.5
HiC_scaffold_448	1	1000	16	894	89.4	1.911	34.8	55.6
HiC_scaffold_449	1	1000	7	682	68.2	0.906	35.4	59.4
HiC_scaffold_450	1	1000	4	490	49	0.598	36.4	60
HiC_scaffold_451	1	1000	9	724	72.4	1.307	36	55.2
HiC_scaffold_452	1	1000	10	865	86.5	1.394	35.1	57.4
HiC_scaffold_453	1	1000	126	824	82.4	14.436	35.3	47.5
HiC_scaffold_454	1	2000	2	111	5.55	0.111	36.7	42
mitochondria	1	17813	47692	17381	97.5748	385.221	35.4	59.3
HiC_scaffold_219	1	22812	0	0	0	0	0	0
HiC_scaffold_225	1	22127	0	0	0	0	0	0
HiC_scaffold_404	1	3264	0	0	0	0	0	0
