#rname	startpos	endpos	numreads	covbases	coverage	meandepth	meanbaseq	meanmapq
HiC_scaffold_1	1	75050035	596435	48606578	64.7656	1.15945	35.4	59.1
HiC_scaffold_2	1	56816963	454579	36923445	64.9867	1.16607	35.4	59.1
HiC_scaffold_3	1	109611085	829388	68516235	62.5085	1.1045	35.4	58.7
HiC_scaffold_4	1	81599725	639971	52292431	64.0841	1.14409	35.4	59.1
HiC_scaffold_5	1	72353455	580197	47227015	65.2726	1.17005	35.4	59.3
HiC_scaffold_6	1	67692486	542946	43999978	64.9998	1.17023	35.4	59.1
HiC_scaffold_7	1	59159807	468327	37908174	64.0776	1.15296	35.4	59
HiC_scaffold_8	1	13479537	57304	5897657	43.7527	0.621976	35.4	59.4
HiC_scaffold_9	1	58964884	466166	37958236	64.3743	1.15213	35.4	59.1
HiC_scaffold_10	1	36732878	292621	23575062	64.1797	1.1599	35.4	59
HiC_scaffold_11	1	27384	237	6467	23.616	1.28469	35.3	43.3
HiC_scaffold_12	1	33592	3446	8041	23.9372	13.6717	35	46.1
HiC_scaffold_13	1	184337	5818	135694	73.6119	4.37991	35.4	51
HiC_scaffold_14	1	85992	2426	43677	50.7919	3.92559	34.7	45.5
HiC_scaffold_15	1	87022	545	19519	22.43	0.863471	35.1	44.7
HiC_scaffold_16	1	89609	3424	11499	12.8324	4.15388	35.6	50.7
HiC_scaffold_17	1	164154	1375	49949	30.4281	1.20272	35.2	49.7
HiC_scaffold_18	1	104921	325	30509	29.0781	0.450263	35.6	53.3
HiC_scaffold_19	1	103720	329	25432	24.5199	0.446394	35.3	47.7
HiC_scaffold_20	1	90353	355	23536	26.0489	0.561077	35.1	50.5
HiC_scaffold_21	1	85252	258	17753	20.8241	0.419955	35.3	48
HiC_scaffold_22	1	80500	326	19706	24.4795	0.601615	35.2	49.7
HiC_scaffold_23	1	75743	251	19633	25.9205	0.488204	35.6	53.8
HiC_scaffold_24	1	75592	1348	15122	20.0048	2.49795	35.3	43.1
HiC_scaffold_25	1	72691	1183	33842	46.556	2.33248	35.3	53.6
HiC_scaffold_26	1	71458	609	36737	51.4106	1.23334	35.3	47.8
HiC_scaffold_27	1	70045	2213	49330	70.4262	4.51814	35.2	52.8
HiC_scaffold_28	1	68558	76	5244	7.649	0.15279	35.3	53.1
HiC_scaffold_29	1	68222	826	18619	27.2918	1.79888	35.3	44.6
HiC_scaffold_30	1	67017	609	33262	49.6322	1.31946	35.2	45.6
HiC_scaffold_31	1	65972	73	8636	13.0904	0.162766	34.9	46.7
HiC_scaffold_32	1	64000	555	31136	48.65	1.18717	35.4	50
HiC_scaffold_33	1	62684	545	15834	25.26	1.11097	35.2	42.5
HiC_scaffold_34	1	60035	330	24334	40.533	0.747664	35.5	55.8
HiC_scaffold_35	1	59483	73	8070	13.5669	0.181749	35.7	52.2
HiC_scaffold_36	1	58601	296	4075	6.95381	0.735465	35	42.6
HiC_scaffold_37	1	57907	113	8390	14.4887	0.270088	35.7	51.5
HiC_scaffold_38	1	57623	197	2890	5.01536	0.466862	35.2	37.7
HiC_scaffold_39	1	56881	698	19123	33.6193	1.38915	35.2	48.7
HiC_scaffold_40	1	56115	465	8455	15.0673	1.03425	35.4	38
HiC_scaffold_41	1	55753	471	15208	27.2775	1.22758	35.2	40.5
HiC_scaffold_42	1	55361	67	3270	5.90669	0.174888	34.7	43.3
HiC_scaffold_43	1	55333	652	10597	19.1513	1.68458	35	39.3
HiC_scaffold_44	1	54697	1430	44776	81.8619	3.86113	35.5	54.8
HiC_scaffold_45	1	54079	70	2996	5.54004	0.132436	35.3	45.8
HiC_scaffold_46	1	53000	182	6600	12.4528	0.503151	35.1	40.2
HiC_scaffold_47	1	52728	1143	23477	44.5247	3.04764	34.9	47
HiC_scaffold_48	1	52696	260	21312	40.4433	0.716734	35.3	54.1
HiC_scaffold_49	1	52574	94	4559	8.67159	0.264009	35	39.6
HiC_scaffold_50	1	52452	18	863	1.64531	0.0278731	34.6	57.1
HiC_scaffold_51	1	52291	185	6152	11.7649	0.460462	35	47.2
HiC_scaffold_52	1	50660	294	24978	49.3052	0.839459	35.3	56.1
HiC_scaffold_53	1	50444	1278	31595	62.6338	3.72072	35.5	56.1
HiC_scaffold_54	1	50000	454	34308	68.616	1.3039	35.5	59.8
HiC_scaffold_55	1	49402	66	4651	9.4146	0.19566	35.3	44.2
HiC_scaffold_56	1	48994	156	6152	12.5566	0.444932	35.4	44.8
HiC_scaffold_57	1	48961	81	4687	9.57293	0.244664	35.6	42.1
HiC_scaffold_58	1	48913	191	18151	37.1087	0.569256	35.4	49.8
HiC_scaffold_59	1	48516	315	10408	21.4527	0.962054	35.4	48.1
HiC_scaffold_60	1	48449	280	24716	51.0145	0.850276	35.3	52
HiC_scaffold_61	1	48102	70	5579	11.5983	0.21049	35.4	49.2
HiC_scaffold_62	1	47095	357	28071	59.6051	1.11893	35.4	55.7
HiC_scaffold_63	1	45946	487	22600	49.1882	1.54205	35.2	49.6
HiC_scaffold_64	1	45702	167	4909	10.7413	0.495952	35.4	43.5
HiC_scaffold_65	1	45164	389	10797	23.9062	1.2049	34.8	43.4
HiC_scaffold_66	1	45000	1375	9233	20.5178	4.26533	35.1	47.1
HiC_scaffold_67	1	44932	692	10333	22.997	1.95963	35.1	42
HiC_scaffold_68	1	44535	43	4778	10.7286	0.143011	35.4	43.7
HiC_scaffold_69	1	43359	258	10491	24.1957	0.87758	35.8	43.3
HiC_scaffold_70	1	43000	436	13533	31.4721	1.33812	35.2	44
HiC_scaffold_71	1	42000	294	12861	30.6214	0.906548	35.2	47.6
HiC_scaffold_72	1	41780	17	1851	4.43035	0.0608186	35	43
HiC_scaffold_73	1	41131	30	2951	7.17464	0.0999246	35.6	49.7
HiC_scaffold_74	1	41000	96	8500	20.7317	0.348634	35.5	57.7
HiC_scaffold_75	1	40673	124	3483	8.56342	0.448553	35.5	40.7
HiC_scaffold_76	1	40021	211	5819	14.5399	0.72302	35.2	40.4
HiC_scaffold_77	1	40000	33	3156	7.89	0.1184	35.8	52.9
HiC_scaffold_78	1	39995	115	13367	33.4217	0.423053	35.3	54
HiC_scaffold_79	1	39987	9	1312	3.28107	0.0335609	34.7	44
HiC_scaffold_80	1	39907	46	3878	9.71759	0.167214	35.3	53.4
HiC_scaffold_81	1	39785	398	5932	14.9101	1.15116	35.2	44.5
HiC_scaffold_82	1	39714	793	9678	24.3692	2.74828	35.2	45.9
HiC_scaffold_83	1	39603	105	9409	23.7583	0.383102	35.5	54.1
HiC_scaffold_84	1	39032	812	22458	57.5374	2.94358	35.2	49.1
HiC_scaffold_85	1	38821	339	8460	21.7923	1.25682	35.3	43.4
HiC_scaffold_86	1	38551	204	4976	12.9076	0.647662	34.8	45.6
HiC_scaffold_87	1	38336	227	7867	20.5212	0.883843	35.5	39.1
HiC_scaffold_88	1	38081	135	5477	14.3825	0.506132	35	56.7
HiC_scaffold_89	1	37423	121	1448	3.86928	0.435534	35.5	46.3
HiC_scaffold_90	1	37049	324	9964	26.8941	1.2985	35.6	41
HiC_scaffold_91	1	37000	359	28404	76.7676	1.43357	35.4	60
HiC_scaffold_92	1	36719	89	4095	11.1523	0.356764	35.4	50.5
HiC_scaffold_93	1	36624	295	5955	16.2598	1.07353	35.3	38.6
HiC_scaffold_94	1	36550	116	3162	8.65116	0.473844	35.8	38.3
HiC_scaffold_95	1	35915	535	15018	41.8154	2.08615	34.7	42.3
HiC_scaffold_96	1	35569	306	10095	28.3815	1.26695	35.6	44.7
HiC_scaffold_97	1	35569	67	5893	16.5678	0.26689	34.6	47.2
HiC_scaffold_98	1	35521	273	6011	16.9224	0.87064	35.3	47.6
HiC_scaffold_99	1	35305	621	22825	64.6509	2.33953	35	58.3
HiC_scaffold_100	1	35285	270	21080	59.7421	1.11659	35.2	57.5
HiC_scaffold_101	1	35090	109	6598	18.8031	0.359333	35.2	51.8
HiC_scaffold_102	1	34736	42	4499	12.952	0.179756	35.7	50.5
HiC_scaffold_103	1	34662	582	14368	41.4517	2.33258	35.1	41.4
HiC_scaffold_104	1	34539	78	8013	23.1999	0.333044	35.4	49.6
HiC_scaffold_105	1	34367	46	4255	12.3811	0.188378	35.9	50.1
HiC_scaffold_106	1	34092	18	1135	3.32923	0.06371	34.5	47.9
HiC_scaffold_107	1	34034	774	26500	77.8633	3.26588	35.3	58.8
HiC_scaffold_108	1	34000	134	4392	12.9176	0.589559	35.4	39.8
HiC_scaffold_109	1	33013	307	10806	32.7326	1.27968	34.9	41.7
HiC_scaffold_110	1	32894	29	2099	6.3811	0.113334	35.3	42.6
HiC_scaffold_111	1	32703	58	6648	20.3284	0.258631	35.3	45.3
HiC_scaffold_112	1	32055	113	7895	24.6295	0.512588	35.3	52.5
HiC_scaffold_113	1	31996	267	3431	10.7232	0.785442	35	44
HiC_scaffold_114	1	31869	115	4996	15.6767	0.448994	35.5	50.7
HiC_scaffold_115	1	31497	179	7226	22.9419	0.826714	35	40.5
HiC_scaffold_116	1	31452	170	14049	44.6681	0.789616	35.5	56.2
HiC_scaffold_117	1	31435	104	11350	36.1063	0.490631	35.5	48.7
HiC_scaffold_118	1	31168	175	15130	48.5434	0.813751	35.4	56.9
HiC_scaffold_119	1	31094	41	3836	12.3368	0.190776	35.4	48.7
HiC_scaffold_120	1	31000	86	7157	23.0871	0.404613	35.4	46.2
HiC_scaffold_121	1	30892	50	3351	10.8475	0.240159	35.8	43.6
HiC_scaffold_122	1	30671	274	6703	21.8545	1.32956	35.4	38.5
HiC_scaffold_123	1	30159	275	22114	73.3247	1.333	35.3	59.9
HiC_scaffold_124	1	30112	12	1241	4.12128	0.0559245	36	43.6
HiC_scaffold_125	1	30000	118	3150	10.5	0.584667	35.5	37
HiC_scaffold_126	1	30000	40	1891	6.30333	0.186067	35.5	38.4
HiC_scaffold_127	1	29632	334	5441	18.3619	1.50216	35.2	42.6
HiC_scaffold_128	1	29216	70	7499	25.6674	0.351759	35.5	48.5
HiC_scaffold_129	1	29000	31	3053	10.5276	0.158138	35.3	49.9
HiC_scaffold_130	1	28743	22	2349	8.17242	0.109975	34.6	47.2
HiC_scaffold_131	1	28267	537	8178	28.9313	2.84031	35.5	38.9
HiC_scaffold_132	1	28006	364	6556	23.4093	1.93141	35	39.3
HiC_scaffold_133	1	27859	75	6814	24.4589	0.395815	34.8	54
HiC_scaffold_134	1	27837	245	19057	68.4592	1.28505	35.5	59.7
HiC_scaffold_135	1	27503	80	3893	14.1548	0.433153	35.2	38.3
HiC_scaffold_136	1	27405	257	19430	70.8995	1.36723	35.2	60
HiC_scaffold_137	1	27128	6	743	2.73887	0.0327337	35.5	36.7
HiC_scaffold_138	1	27000	65	6931	25.6704	0.355296	35.7	48.8
HiC_scaffold_139	1	26958	47	3396	12.5974	0.251094	34.9	44.2
HiC_scaffold_140	1	26822	32	1903	7.09492	0.175043	35.7	39.7
HiC_scaffold_141	1	26714	413	8833	33.0651	2.08902	35.2	43.6
HiC_scaffold_142	1	26597	111	6846	25.7397	0.577246	34.9	47.8
HiC_scaffold_143	1	26526	51	2529	9.53404	0.242328	34.9	52.3
HiC_scaffold_144	1	26403	163	3916	14.8316	0.92338	35.2	40.9
HiC_scaffold_145	1	26321	329	10185	38.6953	1.83393	35.2	41
HiC_scaffold_146	1	26302	151	2692	10.235	0.743213	34.7	38.7
HiC_scaffold_147	1	26228	44	4345	16.5663	0.248056	34.4	49.4
HiC_scaffold_148	1	26220	388	5961	22.7346	2.19317	35.5	38.7
HiC_scaffold_149	1	26169	51	5981	22.8553	0.285567	35	48.5
HiC_scaffold_150	1	26140	237	18415	70.4476	1.3251	34.9	59.9
HiC_scaffold_151	1	25970	80	4742	18.2595	0.451367	34.9	38.8
HiC_scaffold_152	1	25914	36	1940	7.4863	0.193872	35.6	43.4
HiC_scaffold_153	1	25756	16	1757	6.82171	0.0931822	35.8	44
HiC_scaffold_154	1	25701	59	5293	20.5945	0.326719	35.5	54.2
HiC_scaffold_155	1	25484	447	12045	47.265	2.54462	35.2	40.9
HiC_scaffold_156	1	25347	1078	10648	42.0089	5.98063	34.8	43.6
HiC_scaffold_157	1	25300	179	6144	24.2846	1.05557	35.3	43.3
HiC_scaffold_158	1	25137	279	7778	30.9424	1.57652	35.4	41.2
HiC_scaffold_159	1	25068	28	2447	9.76145	0.166387	34.8	44.7
HiC_scaffold_160	1	25021	129	12066	48.2235	0.748371	35.1	56.1
HiC_scaffold_161	1	25021	16	1669	6.6704	0.0907638	36	53.6
HiC_scaffold_162	1	25013	511	1680	6.71651	2.32715	35.2	45.3
HiC_scaffold_163	1	25000	6	638	2.552	0.0358	35.5	35.7
HiC_scaffold_164	1	25000	16	796	3.184	0.09556	35.6	35
HiC_scaffold_165	1	25000	12	813	3.252	0.07172	35.9	40.1
HiC_scaffold_166	1	25000	70	3185	12.74	0.39644	35.3	37.1
HiC_scaffold_167	1	25000	192	14805	59.22	1.08164	35.3	57.1
HiC_scaffold_168	1	25000	254	17783	71.132	1.47652	35.1	59.9
HiC_scaffold_169	1	25000	244	17984	71.936	1.41852	35.5	59.7
HiC_scaffold_170	1	25000	205	16886	67.544	1.20092	35.4	59.8
HiC_scaffold_171	1	25000	219	16861	67.444	1.27904	35.4	59.9
HiC_scaffold_172	1	25000	249	19270	77.08	1.45372	35.7	59.8
HiC_scaffold_173	1	25000	201	15732	62.928	1.1592	35.5	60
HiC_scaffold_174	1	25000	235	17234	68.936	1.34944	35.1	59.8
HiC_scaffold_175	1	25000	235	18255	73.02	1.368	35.1	59.7
HiC_scaffold_176	1	25000	183	15524	62.096	1.07212	35.2	59.5
HiC_scaffold_177	1	25000	199	16993	67.972	1.17372	35.8	59.9
HiC_scaffold_178	1	25000	217	17521	70.084	1.22668	35.3	58.8
HiC_scaffold_179	1	25000	212	16918	67.672	1.23388	35.2	59.9
HiC_scaffold_180	1	25000	169	13613	54.452	0.94592	35.2	58.3
HiC_scaffold_181	1	25000	261	18556	74.224	1.52648	35.4	60
HiC_scaffold_182	1	25000	203	17281	69.124	1.17616	35.3	59.9
HiC_scaffold_183	1	25000	108	3593	14.372	0.64388	35.2	43.8
HiC_scaffold_184	1	25000	201	16842	67.368	1.15336	35.3	59.7
HiC_scaffold_185	1	25000	500	23842	95.368	2.8984	35.3	59.6
HiC_scaffold_186	1	25000	227	17458	69.832	1.33548	35.5	60
HiC_scaffold_187	1	25000	12	1213	4.852	0.07108	33.7	48.8
HiC_scaffold_188	1	24887	106	3713	14.9194	0.573151	35	43.3
HiC_scaffold_189	1	24881	521	13557	54.4874	2.36341	35.4	43.7
HiC_scaffold_190	1	24860	156	12909	51.9268	0.907522	35.4	56.7
HiC_scaffold_191	1	24785	121	10221	41.2387	0.722534	35.7	48.7
HiC_scaffold_192	1	24606	12	1112	4.51922	0.0658782	33.7	43.8
HiC_scaffold_193	1	24582	183	2241	9.11643	1.08124	35	43.6
HiC_scaffold_194	1	24552	422	9804	39.9316	2.38425	35.1	43.7
HiC_scaffold_195	1	24515	81	6581	26.8448	0.48403	35.2	52.6
HiC_scaffold_196	1	24429	63	4679	19.1535	0.351263	35.7	51.8
HiC_scaffold_197	1	24404	65	5086	20.8408	0.389936	35.9	53.2
HiC_scaffold_198	1	24065	142	12289	51.0659	0.872886	35.3	56.5
HiC_scaffold_199	1	24034	45	4264	17.7415	0.277607	36	50.4
HiC_scaffold_200	1	24000	21	1620	6.75	0.13075	35.6	45.1
HiC_scaffold_201	1	24000	728	4482	18.675	4.52212	35.2	45.9
HiC_scaffold_202	1	23940	284	4747	19.8287	1.64766	34.9	39.3
HiC_scaffold_203	1	23878	54	1766	7.39593	0.330807	35.5	36.8
HiC_scaffold_204	1	23813	86	6642	27.8923	0.529627	35.9	56.6
HiC_scaffold_205	1	23764	47	3831	16.121	0.279709	35	51.5
HiC_scaffold_206	1	23660	8	1064	4.49704	0.0497041	35.5	51.4
HiC_scaffold_207	1	23581	172	14873	63.072	1.0698	35.6	53.7
HiC_scaffold_208	1	23490	46	2496	10.6258	0.291358	35.4	40.2
HiC_scaffold_209	1	23453	109	8593	36.6392	0.686096	35.5	56.3
HiC_scaffold_210	1	23041	40	3028	13.1418	0.238922	35.7	58.5
HiC_scaffold_211	1	23000	358	3472	15.0957	2.3253	35.7	38.8
HiC_scaffold_212	1	23000	78	7646	33.2435	0.493174	35.7	49.6
HiC_scaffold_213	1	23000	23	1957	8.5087	0.144739	34.2	42
HiC_scaffold_214	1	23000	140	5921	25.7435	0.902	35.4	39.3
HiC_scaffold_215	1	23000	34	3201	13.9174	0.218478	35	56.7
HiC_scaffold_216	1	22979	8	905	3.93838	0.0522216	36.1	48.9
HiC_scaffold_217	1	22964	116	3280	14.2832	0.753614	35	39.8
HiC_scaffold_218	1	22956	41	4317	18.8055	0.265464	35.8	49.9
HiC_scaffold_219	1	22812	2	300	1.3151	0.013151	36.2	37
HiC_scaffold_220	1	22604	91	8530	37.7367	0.586976	35.2	51.2
HiC_scaffold_221	1	22426	17	1425	6.35423	0.113484	34.5	53.2
HiC_scaffold_222	1	22303	194	9435	42.3037	1.29404	35.5	46.7
HiC_scaffold_223	1	22199	62	3656	16.4692	0.409072	34.6	45
HiC_scaffold_224	1	22128	7	933	4.21638	0.0467733	36.1	44.7
HiC_scaffold_226	1	21688	97	7273	33.5347	0.649437	35.4	50.4
HiC_scaffold_227	1	21648	161	12657	58.4673	1.0862	35.6	53.7
HiC_scaffold_228	1	21608	176	10836	50.1481	1.1151	35.4	54
HiC_scaffold_229	1	21598	32	997	4.61617	0.221965	35.6	36.8
HiC_scaffold_230	1	21510	12	960	4.46304	0.0800093	35.4	55
HiC_scaffold_231	1	21437	19	2074	9.67486	0.131502	34.9	44.1
HiC_scaffold_232	1	21282	68	7828	36.7823	0.468377	35.6	46.8
HiC_scaffold_233	1	20959	140	4417	21.0745	0.850565	35.4	40.7
HiC_scaffold_234	1	20824	7	789	3.7889	0.0501825	35.3	45.3
HiC_scaffold_235	1	20622	40	3623	17.5686	0.289982	35.2	53.6
HiC_scaffold_236	1	20377	25	2828	13.8784	0.17613	35.7	46.4
HiC_scaffold_237	1	20369	61	6506	31.9407	0.440081	35.2	47.1
HiC_scaffold_238	1	20340	16	1759	8.64798	0.117453	36.3	49.4
HiC_scaffold_239	1	20281	21	1175	5.7936	0.144273	35.4	38.2
HiC_scaffold_240	1	20166	24	1709	8.47466	0.177973	35	54.2
HiC_scaffold_241	1	20140	122	7502	37.2493	0.880834	35.1	51.8
HiC_scaffold_242	1	20135	147	12634	62.7465	1.04753	35.1	59.3
HiC_scaffold_243	1	20122	17	1882	9.35295	0.112265	33.8	48.8
HiC_scaffold_244	1	20044	23	2079	10.3722	0.1589	35.2	45.3
HiC_scaffold_245	1	20021	13	1321	6.59807	0.0912042	35.5	56.2
HiC_scaffold_246	1	20000	23	1640	8.2	0.1632	35	55.3
HiC_scaffold_247	1	20000	26	2191	10.955	0.16435	35.7	54.3
HiC_scaffold_248	1	19739	233	9046	45.8281	1.70221	35.4	44.3
HiC_scaffold_249	1	19737	91	9175	46.4863	0.666059	35.6	54.7
HiC_scaffold_250	1	19724	20	1364	6.91543	0.148246	35.5	50.2
HiC_scaffold_251	1	19667	56	2052	10.4337	0.411146	35.4	37.7
HiC_scaffold_252	1	19649	36	3435	17.4818	0.274569	35.4	51
HiC_scaffold_253	1	19394	15	1674	8.63154	0.113798	35.4	55
HiC_scaffold_254	1	19304	36	3442	17.8305	0.271964	35.7	50.8
HiC_scaffold_255	1	19231	18	1874	9.74468	0.140034	36.3	44.7
HiC_scaffold_256	1	19176	77	5464	28.494	0.59345	34.9	49.3
HiC_scaffold_257	1	19156	764	6665	34.7933	5.54129	35.2	43.6
HiC_scaffold_258	1	19143	75	1452	7.58502	0.499399	35.4	46.2
HiC_scaffold_259	1	19058	19	2450	12.8555	0.149124	35.6	47.4
HiC_scaffold_260	1	19000	103	4984	26.2316	0.801316	35.5	42
HiC_scaffold_261	1	18934	12	1352	7.14059	0.0949614	36.4	45.8
HiC_scaffold_262	1	18930	439	8438	44.5747	3.33767	35.3	42.1
HiC_scaffold_263	1	18729	119	10658	56.9064	0.93422	35.7	57.9
HiC_scaffold_264	1	18528	50	4049	21.8534	0.390274	35.6	57.2
HiC_scaffold_265	1	18283	17	1442	7.88711	0.135973	35.8	46.5
HiC_scaffold_266	1	18272	50	1823	9.97701	0.312226	35.5	43
HiC_scaffold_267	1	18066	21	2125	11.7624	0.174361	36.3	50.3
HiC_scaffold_268	1	18044	17	1545	8.5624	0.135613	35.1	42.5
HiC_scaffold_269	1	18026	44	3462	19.2056	0.33141	35.7	57.3
HiC_scaffold_270	1	18000	66	4210	23.3889	0.535278	35.3	47
HiC_scaffold_271	1	18000	87	7448	41.3778	0.721	35.6	52.6
HiC_scaffold_272	1	18000	65	2486	13.8111	0.521278	34.7	43.4
HiC_scaffold_273	1	17971	148	5882	32.7305	1.22948	35.4	42.9
HiC_scaffold_274	1	17888	38	3130	17.4978	0.313953	34.9	39.1
HiC_scaffold_275	1	17782	21	2063	11.6016	0.170397	35.7	57.1
HiC_scaffold_276	1	17690	24	3042	17.1962	0.201583	35.2	45.5
HiC_scaffold_277	1	17675	34	2401	13.5842	0.287977	35.1	39.8
HiC_scaffold_278	1	17531	26	2340	13.3478	0.215105	34.7	49.6
HiC_scaffold_279	1	17508	208	2488	14.2106	0.895019	35.2	48
HiC_scaffold_280	1	17420	47	4312	24.7532	0.39977	35.6	50.8
HiC_scaffold_281	1	17399	20	2144	12.3225	0.171159	35.5	54.6
HiC_scaffold_282	1	17398	43	4233	24.3304	0.361938	34.9	52.2
HiC_scaffold_283	1	17257	795	6832	39.5897	5.62259	34.9	51.4
HiC_scaffold_284	1	17224	137	11626	67.4988	1.16971	35.7	53.5
HiC_scaffold_285	1	17131	65	5135	29.9749	0.564007	35.6	51.6
HiC_scaffold_286	1	17073	29	3439	20.1429	0.249751	35.4	48.3
HiC_scaffold_287	1	17000	41	3060	18	0.356235	35.7	44.3
HiC_scaffold_288	1	16908	17	818	4.83795	0.124734	35.6	56.8
HiC_scaffold_289	1	16758	139	2591	15.4613	1.09106	35.2	42.6
HiC_scaffold_290	1	16602	116	2931	17.6545	0.946512	34.6	43.4
HiC_scaffold_291	1	16449	116	420	2.55335	0.68837	35.1	43.6
HiC_scaffold_292	1	16346	44	2901	17.7475	0.383764	35.3	52.6
HiC_scaffold_293	1	16263	253	1450	8.91594	2.06758	35	43.4
HiC_scaffold_294	1	16061	58	4029	25.0856	0.519457	36.2	51.7
HiC_scaffold_295	1	16000	2	273	1.70625	0.0185625	35.7	60
HiC_scaffold_296	1	16000	56	3911	24.4438	0.504875	35.4	51.5
HiC_scaffold_297	1	16000	16	1828	11.425	0.1475	36.1	53.2
HiC_scaffold_298	1	16000	36	2529	15.8063	0.327937	35.6	44.6
HiC_scaffold_299	1	16000	34	1909	11.9313	0.312937	34.4	46.9
HiC_scaffold_300	1	15603	80	4509	28.8983	0.745049	35.3	46.7
HiC_scaffold_301	1	15565	9	864	5.55092	0.0754256	36.6	53.6
HiC_scaffold_302	1	15554	122	3287	21.1328	1.17256	35.6	39.5
HiC_scaffold_303	1	15467	101	7155	46.2598	0.952286	34.4	48.8
HiC_scaffold_304	1	15433	53	3401	22.0372	0.510465	35.6	37.4
HiC_scaffold_305	1	15221	30	2171	14.2632	0.291177	34.9	46.4
HiC_scaffold_306	1	15208	17	1104	7.25934	0.161691	35.3	60
HiC_scaffold_307	1	15128	17	993	6.56399	0.158117	35.3	56.9
HiC_scaffold_308	1	15037	41	4056	26.9735	0.405267	34.6	52.8
HiC_scaffold_309	1	15027	36	3614	24.05	0.350502	35.4	55
HiC_scaffold_310	1	15014	61	5867	39.0769	0.594445	35.5	57.8
HiC_scaffold_311	1	15000	44	3897	25.98	0.427267	35.9	50.1
HiC_scaffold_312	1	14886	112	9124	61.2925	1.11998	35.9	50.2
HiC_scaffold_313	1	14872	47	2318	15.5863	0.470549	35	46.3
HiC_scaffold_314	1	14743	33	2020	13.7014	0.330326	35.9	59.4
HiC_scaffold_315	1	14719	11	1172	7.9625	0.107956	34.5	57.5
HiC_scaffold_316	1	14619	72	6239	42.6773	0.709761	35.2	53
HiC_scaffold_317	1	14567	18	1937	13.2972	0.184321	35.5	48.3
HiC_scaffold_318	1	14553	13	1527	10.4927	0.132825	34.5	44.5
HiC_scaffold_319	1	14548	85	5924	40.7204	0.863761	35.3	48.9
HiC_scaffold_320	1	14465	73	4530	31.317	0.712133	35.2	46.6
HiC_scaffold_321	1	14408	93	5630	39.0755	0.952457	35.7	44.4
HiC_scaffold_322	1	14386	17	1767	12.2828	0.174823	34.9	46.3
HiC_scaffold_323	1	14298	127	4013	28.0669	0.923556	34.5	47.1
HiC_scaffold_324	1	14091	92	5815	41.2675	0.963026	34.9	50.4
HiC_scaffold_325	1	14000	96	3914	27.9571	1.00821	35.3	44.7
HiC_scaffold_326	1	14000	51	2995	21.3929	0.532286	35.1	44.4
HiC_scaffold_327	1	13966	49	3536	25.3186	0.524345	35.2	43.7
HiC_scaffold_328	1	13312	139	9522	71.5294	1.49947	35.3	59.9
HiC_scaffold_329	1	13309	61	6073	45.6308	0.677361	35	48.7
HiC_scaffold_330	1	13245	61	4866	36.7384	0.653756	35.6	53.1
HiC_scaffold_331	1	13138	125	9293	70.7337	1.39998	35.6	59.5
HiC_scaffold_333	1	13000	48	3337	25.6692	0.551077	35.4	46.8
HiC_scaffold_334	1	13000	46	3604	27.7231	0.488846	35.5	52
HiC_scaffold_335	1	13000	27	2384	18.3385	0.289692	35	56.5
HiC_scaffold_336	1	12527	174	3926	31.3403	1.96951	35.1	41.3
HiC_scaffold_337	1	12325	11	1458	11.8296	0.133712	36	42.6
HiC_scaffold_338	1	12210	14	1513	12.3915	0.170106	35.4	47.5
HiC_scaffold_339	1	12140	98	6828	56.2438	1.1369	35.6	57.2
HiC_scaffold_340	1	12103	96	2844	23.4983	1.1693	34.9	46.8
HiC_scaffold_341	1	11792	5	361	3.0614	0.063348	36.1	56
HiC_scaffold_342	1	11769	42	1198	10.1793	0.534625	35.4	39.4
HiC_scaffold_343	1	11768	55	5579	47.4082	0.673946	34.9	51.6
HiC_scaffold_344	1	11552	49	3809	32.9726	0.586219	35.1	57.8
HiC_scaffold_345	1	11294	22	1815	16.0705	0.28918	35.4	52.6
HiC_scaffold_346	1	11220	88	6695	59.6702	1.11159	35.4	58.9
HiC_scaffold_347	1	11009	1060	6106	55.4637	13.5236	34.9	41.8
HiC_scaffold_348	1	11007	30	3303	30.0082	0.407286	35.3	49.9
HiC_scaffold_349	1	11000	24	2470	22.4545	0.320182	35.8	53.3
HiC_scaffold_350	1	10932	42	2897	26.5002	0.554061	35.8	46.1
HiC_scaffold_351	1	10903	63	4592	42.1168	0.834266	35.1	56.2
HiC_scaffold_352	1	10862	58	5094	46.8974	0.763395	35.8	58.2
HiC_scaffold_353	1	10825	37	3865	35.7044	0.497737	35.3	53.8
HiC_scaffold_354	1	10780	91	6924	64.2301	1.24573	35.2	55
HiC_scaffold_355	1	10606	7	661	6.23232	0.0937205	35.9	50.7
HiC_scaffold_356	1	10316	5	557	5.39938	0.0669833	36.2	47.2
HiC_scaffold_357	1	10313	81	6319	61.2722	1.14913	35.5	57.1
HiC_scaffold_358	1	10116	18	1332	13.1673	0.252867	35.1	56.8
HiC_scaffold_359	1	9728	608	3735	38.3943	8.31856	35.1	39.8
HiC_scaffold_360	1	9582	55	2481	25.8923	0.813609	34.5	49.1
HiC_scaffold_361	1	9577	16	1652	17.2497	0.2506	35.9	49.9
HiC_scaffold_362	1	9324	26	2802	30.0515	0.415272	35.8	46.3
HiC_scaffold_363	1	9309	81	6144	66.0006	1.27919	35.6	59.1
HiC_scaffold_364	1	9000	4	215	2.38889	0.0586667	35.8	60
HiC_scaffold_365	1	8972	17	1522	16.9639	0.279313	34.4	54.1
HiC_scaffold_366	1	8717	9	695	7.97293	0.139268	36.3	53.6
HiC_scaffold_367	1	8598	41	3545	41.2305	0.632124	34.9	44.8
HiC_scaffold_368	1	8517	15	1505	17.6705	0.252319	36.2	52.5
HiC_scaffold_369	1	8159	37	3721	45.6061	0.668587	35.5	51.4
HiC_scaffold_370	1	8000	2	258	3.225	0.0375	35.8	44
HiC_scaffold_371	1	7755	12	1395	17.9884	0.219858	35.7	51.5
HiC_scaffold_372	1	7349	11	878	11.9472	0.182066	34.3	55.3
HiC_scaffold_373	1	7312	32	2957	40.4404	0.601751	35.8	50.2
HiC_scaffold_374	1	7226	17	1485	20.5508	0.349848	33.7	56.1
HiC_scaffold_375	1	7101	6	599	8.43543	0.12463	35.8	46.7
HiC_scaffold_376	1	7000	68	3764	53.7714	1.40057	34.9	39.6
HiC_scaffold_377	1	7000	50	3991	57.0143	1.06314	35.8	56.1
HiC_scaffold_378	1	7000	100	2306	32.9429	2.09357	35.6	42
HiC_scaffold_379	1	6605	113	3752	56.8055	2.35049	34.8	50
HiC_scaffold_380	1	6537	63	4665	71.363	1.35383	35.3	58.7
HiC_scaffold_381	1	6484	30	3069	47.3319	0.693553	35.7	59.1
HiC_scaffold_382	1	6459	29	2301	35.6247	0.628116	34.8	48.2
HiC_scaffold_383	1	6245	22	1952	31.257	0.520096	36.4	51.1
HiC_scaffold_384	1	6125	38	3834	62.5959	0.917551	35	49.5
HiC_scaffold_385	1	6000	36	3299	54.9833	0.862333	35.6	56.2
HiC_scaffold_386	1	6000	19	1697	28.2833	0.414667	36.1	54.5
HiC_scaffold_387	1	6000	36	3351	55.85	0.896667	35.7	47.8
HiC_scaffold_388	1	5993	12	1508	25.1627	0.299182	33.6	45.1
HiC_scaffold_389	1	5821	34	3094	53.1524	0.852259	35.4	48.3
HiC_scaffold_390	1	5673	23	2543	44.8264	0.602503	35.4	47.2
HiC_scaffold_391	1	5000	6	676	13.52	0.1766	36.6	60
HiC_scaffold_392	1	5000	29	2131	42.62	0.8338	35.6	52.5
HiC_scaffold_393	1	4994	2454	3774	75.5707	65.9169	34.9	46.7
HiC_scaffold_394	1	4893	33	3025	61.823	0.974249	35.7	52.1
HiC_scaffold_395	1	4891	40	2765	56.5324	1.22265	35	59.2
HiC_scaffold_396	1	4877	8	990	20.2994	0.246053	34	42.5
HiC_scaffold_397	1	4000	13	792	19.8	0.47925	34.2	39.5
HiC_scaffold_398	1	4000	41	3067	76.675	1.50975	35.6	58
HiC_scaffold_399	1	4000	26	2751	68.775	0.97275	35.7	53.7
HiC_scaffold_400	1	4000	176	805	20.125	5.54875	34.8	46.4
HiC_scaffold_401	1	3971	23	1940	48.8542	0.752203	35.9	59.3
HiC_scaffold_402	1	3919	11	758	19.3417	0.383516	35.6	51.9
HiC_scaffold_403	1	3281	31	2325	70.8625	1.36849	34.9	57.9
HiC_scaffold_405	1	3259	33	2167	66.4928	1.43664	35.3	60
HiC_scaffold_406	1	3042	8	741	24.359	0.392834	34.7	58.4
HiC_scaffold_407	1	3035	24	1978	65.173	1.10643	35.5	59.9
HiC_scaffold_408	1	3003	5	527	17.5491	0.249417	34.3	41.6
HiC_scaffold_409	1	3003	2	300	9.99001	0.0999001	36.5	54
HiC_scaffold_410	1	3000	17	1777	59.2333	0.79	35.5	56.2
HiC_scaffold_411	1	3000	55	1482	49.4	2.69633	35.2	41.7
HiC_scaffold_412	1	3000	28	2472	82.4	1.324	35.3	56.1
HiC_scaffold_413	1	3000	41	2583	86.1	1.88233	35.6	58.6
HiC_scaffold_414	1	3000	22	2367	78.9	1.08733	34.9	51.5
HiC_scaffold_415	1	2897	23	1691	58.3707	1.17673	35.3	51.2
HiC_scaffold_416	1	2563	37	1096	42.7624	1.83964	35.6	45.4
HiC_scaffold_417	1	2259	17	1139	50.4205	1.06197	36	60
HiC_scaffold_418	1	2125	8	872	41.0353	0.562824	36.3	55
HiC_scaffold_419	1	2021	28	1532	75.8041	1.95695	36.3	58.9
HiC_scaffold_420	1	2000	16	1066	53.3	1.122	36	60
HiC_scaffold_421	1	2000	19	1235	61.75	1.306	34.6	49.8
HiC_scaffold_422	1	2000	11	904	45.2	0.7735	35.5	60
HiC_scaffold_425	1	1447	6	716	49.4817	0.601244	36.1	56.7
HiC_scaffold_426	1	1382	3	291	21.0564	0.321274	34.6	60
HiC_scaffold_427	1	1353	6	488	36.068	0.522542	35.4	60
HiC_scaffold_428	1	1184	6	549	46.3682	0.760135	33.8	53.3
HiC_scaffold_429	1	1175	9	948	80.6809	1.04936	36.3	60
HiC_scaffold_430	1	1138	18	829	72.8471	2.14411	35.8	59
HiC_scaffold_431	1	1108	11	774	69.8556	1.41155	35.5	60
HiC_scaffold_432	1	1097	14	916	83.5005	1.76026	36.5	60
HiC_scaffold_433	1	1005	39	611	60.796	5.4796	35.2	46.3
HiC_scaffold_434	1	1000	6	451	45.1	0.787	36.3	60
HiC_scaffold_435	1	1000	15	820	82	1.953	35.5	60
HiC_scaffold_436	1	1000	5	365	36.5	0.626	34.4	60
HiC_scaffold_437	1	1000	11	815	81.5	1.622	35.6	59.3
HiC_scaffold_438	1	1000	10	868	86.8	1.353	35.3	60
HiC_scaffold_439	1	1000	12	812	81.2	1.554	35.8	60
HiC_scaffold_440	1	1000	15	867	86.7	1.713	34.4	59.7
HiC_scaffold_441	1	1000	16	977	97.7	2.251	35.4	60
HiC_scaffold_442	1	1000	9	817	81.7	1.218	35.9	60
HiC_scaffold_443	1	1000	10	756	75.6	1.278	36.4	60
HiC_scaffold_444	1	1000	2	224	22.4	0.299	36.5	60
HiC_scaffold_445	1	1000	14	853	85.3	1.975	36	60
HiC_scaffold_446	1	1000	8	723	72.3	1.075	34.2	46
HiC_scaffold_447	1	1000	8	718	71.8	1.101	34.4	52.9
HiC_scaffold_448	1	1000	12	878	87.8	1.732	34.9	59.3
HiC_scaffold_449	1	1000	6	608	60.8	0.877	35.9	60
HiC_scaffold_450	1	1000	2	244	24.4	0.3	36.5	60
HiC_scaffold_451	1	1000	7	551	55.1	1.05	36.4	49.9
HiC_scaffold_452	1	1000	10	771	77.1	1.459	35.5	58.6
HiC_scaffold_453	1	1000	58	632	63.2	6.593	34.9	48.8
HiC_scaffold_454	1	2000	2	72	3.6	0.036	30.9	40
mitochondria	1	17813	17480	17527	98.3944	141.086	35.4	59.4
HiC_scaffold_225	1	22127	0	0	0	0	0	0
HiC_scaffold_332	1	13083	0	0	0	0	0	0
HiC_scaffold_404	1	3264	0	0	0	0	0	0
HiC_scaffold_423	1	1676	0	0	0	0	0	0
HiC_scaffold_424	1	1484	0	0	0	0	0	0
