#rname	startpos	endpos	numreads	covbases	coverage	meandepth	meanbaseq	meanmapq
HiC_scaffold_1	1	75050035	818033	56143556	74.8082	1.58785	35.5	59.1
HiC_scaffold_2	1	56816963	626979	42761504	75.2619	1.60652	35.5	59.2
HiC_scaffold_3	1	109611085	1152681	79933085	72.9243	1.53302	35.5	58.7
HiC_scaffold_4	1	81599725	882178	60542062	74.194	1.57539	35.5	59.1
HiC_scaffold_5	1	72353455	795521	54595621	75.4568	1.60243	35.5	59.3
HiC_scaffold_6	1	67692486	745686	50828934	75.088	1.60407	35.5	59.2
HiC_scaffold_7	1	59159807	647464	43958253	74.3043	1.59241	35.5	59
HiC_scaffold_8	1	13479537	75820	7082499	52.5426	0.822451	35.5	59.4
HiC_scaffold_9	1	58964884	646937	44104418	74.7978	1.59687	35.5	59.1
HiC_scaffold_10	1	36732878	401854	27225744	74.1182	1.5912	35.4	59
HiC_scaffold_11	1	27384	252	6549	23.9154	1.37449	35.3	42.8
HiC_scaffold_12	1	33592	1298	6955	20.7043	4.96714	35	45.5
HiC_scaffold_13	1	184337	6922	143071	77.6138	5.19917	35.5	52.4
HiC_scaffold_14	1	85992	1808	45467	52.8735	2.88807	35	45.5
HiC_scaffold_15	1	87022	427	14271	16.3993	0.625187	35.2	44.5
HiC_scaffold_16	1	89609	4095	11191	12.4887	4.89329	35.7	51.2
HiC_scaffold_17	1	164154	4767	55746	33.9596	4.22378	35.3	52.8
HiC_scaffold_18	1	104921	477	42090	40.1159	0.65759	35.5	52.6
HiC_scaffold_19	1	103720	467	31928	30.7829	0.652815	35.6	47.6
HiC_scaffold_20	1	90353	548	32225	35.6657	0.871272	35.3	51.4
HiC_scaffold_21	1	85252	352	22771	26.7102	0.589406	35.4	46.6
HiC_scaffold_22	1	80500	549	23893	29.6807	1.01501	35.6	48
HiC_scaffold_23	1	75743	333	20653	27.2672	0.637273	35.5	54.6
HiC_scaffold_24	1	75592	2200	19961	26.4062	4.08752	35.2	43
HiC_scaffold_25	1	72691	1310	35982	49.4999	2.57927	35.4	54
HiC_scaffold_26	1	71458	790	37252	52.1313	1.58307	35.5	45.8
HiC_scaffold_27	1	70045	2787	55405	79.0992	5.59143	35.2	51.1
HiC_scaffold_28	1	68558	143	5781	8.43228	0.275825	34.8	54.9
HiC_scaffold_29	1	68222	1305	19370	28.3926	2.84109	35.5	44.2
HiC_scaffold_30	1	67017	669	34730	51.8227	1.45103	35.2	46.3
HiC_scaffold_31	1	65972	67	7055	10.6939	0.151201	35.5	47.7
HiC_scaffold_32	1	64000	860	38359	59.9359	1.8563	35.4	49.8
HiC_scaffold_33	1	62684	815	23006	36.7016	1.69236	35.1	41.9
HiC_scaffold_34	1	60035	313	24777	41.2709	0.707404	35.6	54.2
HiC_scaffold_35	1	59483	106	10918	18.3548	0.260259	35.8	50.5
HiC_scaffold_36	1	58601	236	4974	8.48791	0.572891	34.8	42.9
HiC_scaffold_37	1	57907	165	11353	19.6056	0.403129	35.5	48.5
HiC_scaffold_38	1	57623	292	3173	5.50648	0.681551	34.9	38.9
HiC_scaffold_39	1	56881	1154	23897	42.0123	2.4425	35.4	49.7
HiC_scaffold_40	1	56115	597	8928	15.9102	1.34618	35.5	38.4
HiC_scaffold_41	1	55753	768	23052	41.3467	1.96427	35.2	42.3
HiC_scaffold_42	1	55361	119	4263	7.70037	0.294449	34.8	44.3
HiC_scaffold_43	1	55333	755	13255	23.955	1.93895	34.9	39.4
HiC_scaffold_44	1	54697	1817	48668	88.9775	4.90274	35.5	55.7
HiC_scaffold_45	1	54079	45	1780	3.29148	0.0804934	34.7	45.4
HiC_scaffold_46	1	53000	297	8688	16.3925	0.820925	35.4	39.7
HiC_scaffold_47	1	52728	1752	26472	50.2048	4.70733	34.8	46.1
HiC_scaffold_48	1	52696	303	22769	43.2082	0.843309	35.5	52.9
HiC_scaffold_49	1	52574	117	5504	10.4691	0.320691	35.2	41
HiC_scaffold_50	1	52452	51	1114	2.12385	0.0418478	35.9	51.9
HiC_scaffold_51	1	52291	318	6999	13.3847	0.778623	35.5	45.6
HiC_scaffold_52	1	50660	404	29120	57.4812	1.177	35.5	56.7
HiC_scaffold_53	1	50444	1103	31905	63.2484	3.21537	35.5	55.6
HiC_scaffold_54	1	50000	543	38225	76.45	1.57286	35.7	59.8
HiC_scaffold_55	1	49402	103	5902	11.9469	0.308064	35.4	44.9
HiC_scaffold_56	1	48994	227	8352	17.047	0.634547	35.7	44.2
HiC_scaffold_57	1	48961	107	6180	12.6223	0.325361	35.7	40.5
HiC_scaffold_58	1	48913	397	27956	57.1545	1.19684	35.7	52.4
HiC_scaffold_59	1	48516	418	12967	26.7273	1.27537	35.2	48.7
HiC_scaffold_60	1	48449	328	27699	57.1715	0.993251	35.6	52.6
HiC_scaffold_61	1	48102	133	10408	21.6374	0.405014	35.6	47.4
HiC_scaffold_62	1	47095	490	34020	72.237	1.52634	35.7	56.2
HiC_scaffold_63	1	45946	709	26606	57.9071	2.2718	35.3	50.5
HiC_scaffold_64	1	45702	286	5665	12.3955	0.847775	35.3	42.9
HiC_scaffold_65	1	45164	259	9805	21.7098	0.777013	35.1	42.5
HiC_scaffold_66	1	45000	1289	8698	19.3289	4.05207	35.2	47.1
HiC_scaffold_67	1	44932	999	12034	26.7827	2.82645	35.3	41.7
HiC_scaffold_68	1	44535	62	5831	13.0931	0.206512	35.3	43.6
HiC_scaffold_69	1	43359	196	11235	25.9116	0.662769	35.5	44.4
HiC_scaffold_70	1	43000	285	9272	21.5628	0.836093	35.5	40.9
HiC_scaffold_71	1	42000	436	14162	33.719	1.30176	35.3	47
HiC_scaffold_72	1	41780	27	1755	4.20057	0.0966012	36	41.2
HiC_scaffold_73	1	41131	56	3771	9.16827	0.184897	35.1	48.4
HiC_scaffold_74	1	41000	153	11926	29.0878	0.550659	35.8	56.5
HiC_scaffold_75	1	40673	170	4992	12.2735	0.610528	35.4	41
HiC_scaffold_76	1	40021	295	4379	10.9418	0.996477	35.2	39.3
HiC_scaffold_77	1	40000	52	4990	12.475	0.194175	35.3	48.2
HiC_scaffold_78	1	39995	122	13683	34.2118	0.445681	35.5	52
HiC_scaffold_79	1	39987	49	4469	11.1761	0.181159	36.2	43.3
HiC_scaffold_80	1	39907	85	4851	12.1558	0.291227	35.2	53.8
HiC_scaffold_81	1	39785	399	7021	17.6474	1.21699	35.4	43.9
HiC_scaffold_82	1	39714	1814	11400	28.7052	6.29098	35.1	44.2
HiC_scaffold_83	1	39603	109	9301	23.4856	0.398732	35.5	55.6
HiC_scaffold_84	1	39032	1245	24384	62.4718	4.45985	35.2	49
HiC_scaffold_85	1	38821	353	9608	24.7495	1.27987	35.5	44.2
HiC_scaffold_86	1	38551	330	4711	12.2202	1.05715	35	47
HiC_scaffold_87	1	38336	267	8866	23.1271	1.02729	35.7	40.8
HiC_scaffold_88	1	38081	213	7034	18.4712	0.788503	35.5	55.8
HiC_scaffold_89	1	37423	152	1883	5.03167	0.556904	35.3	42.7
HiC_scaffold_90	1	37049	464	11243	30.3463	1.84032	35.7	42.1
HiC_scaffold_91	1	37000	402	29408	79.4811	1.58808	35.5	60
HiC_scaffold_92	1	36719	168	5179	14.1044	0.680411	35.5	48.3
HiC_scaffold_93	1	36624	398	6959	19.0012	1.45372	35.5	39.2
HiC_scaffold_94	1	36550	123	3828	10.4733	0.497319	35.6	42.2
HiC_scaffold_95	1	35915	825	17521	48.7846	3.18315	34.9	44.5
HiC_scaffold_96	1	35569	394	11936	33.5573	1.64683	35.5	44.6
HiC_scaffold_97	1	35569	104	7389	20.7737	0.414068	35.1	45.2
HiC_scaffold_98	1	35521	157	2730	7.68559	0.408857	35	46.8
HiC_scaffold_99	1	35305	998	27617	78.224	3.75525	35.3	58.3
HiC_scaffold_100	1	35285	341	22951	65.0446	1.38583	35.8	57.9
HiC_scaffold_101	1	35090	168	7487	21.3366	0.542206	34.8	49.9
HiC_scaffold_102	1	34736	59	6875	19.7921	0.253886	36.2	46.5
HiC_scaffold_103	1	34662	1051	15465	44.6166	4.20821	35.4	41.2
HiC_scaffold_104	1	34539	101	9379	27.1548	0.429862	35.4	50.3
HiC_scaffold_105	1	34367	63	4109	11.9562	0.269852	35.5	49.1
HiC_scaffold_106	1	34092	31	1730	5.0745	0.117476	35.3	43.6
HiC_scaffold_107	1	34034	1007	28465	83.637	4.22948	35.7	58.3
HiC_scaffold_108	1	34000	177	4518	13.2882	0.773147	35.4	40.2
HiC_scaffold_109	1	33013	321	10886	32.9749	1.27556	34.9	42.3
HiC_scaffold_110	1	32894	38	2338	7.10768	0.149632	34.9	49.1
HiC_scaffold_111	1	32703	103	9091	27.7987	0.471027	35.7	48.4
HiC_scaffold_112	1	32055	156	10069	31.4116	0.714085	35.5	52.6
HiC_scaffold_113	1	31996	273	4128	12.9016	0.878204	35.2	43.6
HiC_scaffold_114	1	31869	151	6216	19.5048	0.60369	35.4	50.5
HiC_scaffold_115	1	31497	190	6061	19.2431	0.888878	35.5	41.9
HiC_scaffold_116	1	31452	175	14460	45.9748	0.82831	35.9	54.9
HiC_scaffold_117	1	31435	114	11675	37.1401	0.540671	35.9	50.5
HiC_scaffold_118	1	31168	228	15447	49.5604	1.06475	35.4	57.7
HiC_scaffold_119	1	31094	60	3739	12.0248	0.286808	36	48.4
HiC_scaffold_120	1	31000	180	8522	27.4903	0.853903	35.7	45.9
HiC_scaffold_121	1	30892	36	3288	10.6435	0.165609	35.2	45.7
HiC_scaffold_122	1	30671	443	6912	22.5359	2.14349	35.4	37.8
HiC_scaffold_123	1	30159	382	24606	81.5876	1.86584	35.3	60
HiC_scaffold_124	1	30112	22	2437	8.09312	0.109392	35.9	38.7
HiC_scaffold_125	1	30000	78	2914	9.71333	0.385667	35.7	39.5
HiC_scaffold_126	1	30000	38	3307	11.0233	0.176467	34.8	51.6
HiC_scaffold_127	1	29632	340	4711	15.8984	1.51974	35	43.9
HiC_scaffold_128	1	29216	98	7946	27.1974	0.492949	35.6	50.7
HiC_scaffold_129	1	29000	44	3292	11.3517	0.221655	35.5	52.8
HiC_scaffold_130	1	28743	15	1329	4.62373	0.0776885	35.6	53.8
HiC_scaffold_131	1	28267	795	9580	33.8911	4.19058	35.5	38.9
HiC_scaffold_132	1	28006	312	6726	24.0163	1.64622	35.4	39.9
HiC_scaffold_133	1	27859	107	8806	31.6092	0.554219	35.5	55.2
HiC_scaffold_134	1	27837	362	22779	81.8299	1.86123	35.3	59.4
HiC_scaffold_135	1	27503	240	5425	19.7251	1.28993	35.3	44.9
HiC_scaffold_136	1	27405	356	22290	81.3355	1.88761	35.3	60
HiC_scaffold_137	1	27128	2	300	1.10587	0.0110587	36.4	39
HiC_scaffold_138	1	27000	85	7356	27.2444	0.453556	35.7	53.1
HiC_scaffold_139	1	26958	59	3003	11.1396	0.316047	35.2	48.5
HiC_scaffold_140	1	26822	49	2982	11.1177	0.240288	35.5	44.6
HiC_scaffold_141	1	26714	588	8944	33.4806	3.02036	35.3	45.1
HiC_scaffold_142	1	26597	127	6962	26.1759	0.64778	35.3	48
HiC_scaffold_143	1	26526	70	3028	11.4152	0.33895	35.3	52.5
HiC_scaffold_144	1	26403	221	4233	16.0323	1.25387	35	40.2
HiC_scaffold_145	1	26321	390	11997	45.5796	2.16238	35.4	43.2
HiC_scaffold_146	1	26302	165	3386	12.8735	0.765113	34.9	38.8
HiC_scaffold_147	1	26228	97	4926	18.7815	0.545104	35.3	46.9
HiC_scaffold_148	1	26220	426	6339	24.1762	2.4214	35.6	39
HiC_scaffold_149	1	26169	72	6122	23.3941	0.400245	34.9	50.6
HiC_scaffold_150	1	26140	363	21030	80.4514	1.98531	35.2	59.6
HiC_scaffold_151	1	25970	115	5787	22.2834	0.64794	35.6	38.5
HiC_scaffold_152	1	25914	86	3762	14.5172	0.426063	35.2	45.4
HiC_scaffold_153	1	25756	16	1832	7.11291	0.0931045	36	41.2
HiC_scaffold_154	1	25701	84	6935	26.9834	0.479086	35.4	54.8
HiC_scaffold_155	1	25484	836	12718	49.9058	4.68215	35.2	42.5
HiC_scaffold_156	1	25347	1622	12699	50.1006	8.72395	34.9	44.4
HiC_scaffold_157	1	25300	160	7232	28.585	0.926719	35.2	45.1
HiC_scaffold_158	1	25137	407	9571	38.0753	2.30206	35	40.1
HiC_scaffold_159	1	25068	52	2440	9.73352	0.296115	35.4	45.6
HiC_scaffold_160	1	25021	194	14627	58.4589	1.11634	35.6	55
HiC_scaffold_161	1	25021	26	2678	10.703	0.153551	35.9	50.3
HiC_scaffold_162	1	25013	645	1949	7.79195	3.02787	35.4	44.2
HiC_scaffold_163	1	25000	12	902	3.608	0.072	36.1	37
HiC_scaffold_164	1	25000	22	1327	5.308	0.13132	35.1	36.7
HiC_scaffold_165	1	25000	4	395	1.58	0.02376	34.8	37
HiC_scaffold_166	1	25000	125	3206	12.824	0.7178	34.8	37.8
HiC_scaffold_167	1	25000	294	17987	71.948	1.65844	35.3	59.2
HiC_scaffold_168	1	25000	354	21502	86.008	2.0346	35.2	59.8
HiC_scaffold_169	1	25000	266	18546	74.184	1.53616	35.2	59.4
HiC_scaffold_170	1	25000	288	19718	78.872	1.66416	35.3	60
HiC_scaffold_171	1	25000	316	19836	79.344	1.8384	35.7	59.9
HiC_scaffold_172	1	25000	318	19750	79	1.86456	35.6	60
HiC_scaffold_173	1	25000	272	19285	77.14	1.57112	35.5	59.9
HiC_scaffold_174	1	25000	322	20238	80.952	1.86284	35.2	59.9
HiC_scaffold_175	1	25000	304	20650	82.6	1.7916	35.6	60
HiC_scaffold_176	1	25000	331	19866	79.464	1.95888	35.7	59.6
HiC_scaffold_177	1	25000	378	21238	84.952	2.1908	35.4	59.6
HiC_scaffold_178	1	25000	279	19984	79.936	1.60716	35.4	59.4
HiC_scaffold_179	1	25000	295	19323	77.292	1.68572	35.5	59.9
HiC_scaffold_180	1	25000	291	17058	68.232	1.64324	35.6	56.8
HiC_scaffold_181	1	25000	325	20499	81.996	1.88548	35.7	59.9
HiC_scaffold_182	1	25000	313	21332	85.328	1.82936	35.5	59.9
HiC_scaffold_183	1	25000	127	3982	15.928	0.7526	35.7	41.3
HiC_scaffold_184	1	25000	280	18769	75.076	1.6226	35.3	59.9
HiC_scaffold_185	1	25000	564	23802	95.208	3.29672	35.5	59.6
HiC_scaffold_186	1	25000	289	20130	80.52	1.65232	35.6	59.8
HiC_scaffold_187	1	25000	12	985	3.94	0.07188	33.9	47.1
HiC_scaffold_188	1	24887	134	4130	16.595	0.748463	35.3	44.6
HiC_scaffold_189	1	24881	740	14057	56.4969	3.52498	35.3	43.2
HiC_scaffold_190	1	24860	207	13678	55.0201	1.2313	35	56.2
HiC_scaffold_191	1	24785	159	11357	45.8221	0.953319	35.5	49.2
HiC_scaffold_192	1	24606	17	1680	6.8276	0.100016	34.9	42.2
HiC_scaffold_193	1	24582	211	3272	13.3106	1.23887	35.3	45.1
HiC_scaffold_194	1	24552	644	13757	56.0321	3.64606	35	45.1
HiC_scaffold_195	1	24515	102	7990	32.5923	0.605833	36.1	53.2
HiC_scaffold_196	1	24429	107	5787	23.6891	0.594212	35.5	51.7
HiC_scaffold_197	1	24404	104	6322	25.9056	0.634527	35.5	53.9
HiC_scaffold_198	1	24065	205	14929	62.0362	1.26291	35.5	56.8
HiC_scaffold_199	1	24034	59	4973	20.6915	0.359574	35.7	47.6
HiC_scaffold_200	1	24000	27	1555	6.47917	0.165	35.6	44.1
HiC_scaffold_201	1	24000	788	5005	20.8542	4.86333	35.5	45.9
HiC_scaffold_202	1	23940	345	4590	19.1729	1.99879	35.3	39.5
HiC_scaffold_203	1	23878	90	2248	9.41452	0.564913	35.9	36.5
HiC_scaffold_204	1	23813	95	8135	34.162	0.58678	35.6	54.8
HiC_scaffold_205	1	23764	41	3774	15.8812	0.244277	35.8	50
HiC_scaffold_206	1	23660	11	1313	5.54945	0.0684277	34.7	47.3
HiC_scaffold_207	1	23581	197	14542	61.6683	1.23549	35.5	53.2
HiC_scaffold_208	1	23490	79	3109	13.2354	0.490038	35.7	40.5
HiC_scaffold_209	1	23453	104	9557	40.7496	0.648744	35.1	55.7
HiC_scaffold_210	1	23041	47	3274	14.2095	0.29096	35	56.9
HiC_scaffold_211	1	23000	449	3501	15.2217	2.90726	35.6	38.3
HiC_scaffold_212	1	23000	104	8082	35.1391	0.652478	35.3	51.9
HiC_scaffold_213	1	23000	50	3090	13.4348	0.30313	34.6	47.4
HiC_scaffold_214	1	23000	60	3267	14.2043	0.390522	35.9	38
HiC_scaffold_215	1	23000	76	4506	19.5913	0.469522	35.6	54.8
HiC_scaffold_216	1	22979	17	1419	6.1752	0.100744	34.8	39.9
HiC_scaffold_217	1	22964	160	4622	20.1272	1.03166	35.6	40.8
HiC_scaffold_218	1	22956	70	6808	29.6567	0.449512	35.6	48.5
HiC_scaffold_220	1	22604	152	11991	53.0481	0.998938	35.5	51.7
HiC_scaffold_221	1	22426	23	1813	8.08437	0.14773	35.9	54.9
HiC_scaffold_222	1	22303	189	10119	45.3706	1.24082	35	47.6
HiC_scaffold_223	1	22199	61	4717	21.2487	0.404748	35.6	52
HiC_scaffold_224	1	22128	8	458	2.06978	0.0502079	36.5	57.9
HiC_scaffold_225	1	22127	6	859	3.88213	0.0406743	35.5	41
HiC_scaffold_226	1	21688	76	5632	25.9683	0.503181	35.4	54.6
HiC_scaffold_227	1	21648	138	9298	42.9508	0.912093	35.5	53.5
HiC_scaffold_228	1	21608	290	12572	58.1822	1.84321	35.3	51.2
HiC_scaffold_229	1	21598	24	1357	6.28299	0.166358	35.4	34.8
HiC_scaffold_230	1	21510	16	1296	6.0251	0.104184	35.1	49.2
HiC_scaffold_231	1	21437	30	1972	9.19905	0.19401	35.1	45.1
HiC_scaffold_232	1	21282	127	10944	51.4237	0.884033	35.7	50.1
HiC_scaffold_233	1	20959	132	3675	17.5342	0.813445	35.2	39.9
HiC_scaffold_234	1	20824	15	1137	5.46005	0.106608	36.4	47
HiC_scaffold_235	1	20622	33	3010	14.5961	0.229415	35.3	54.3
HiC_scaffold_236	1	20377	50	4024	19.7478	0.358885	35.6	51
HiC_scaffold_237	1	20369	97	7254	35.6129	0.691934	35.3	51.9
HiC_scaffold_238	1	20340	39	2631	12.9351	0.270354	35.6	51.7
HiC_scaffold_239	1	20281	24	1397	6.88822	0.171836	35.4	43.4
HiC_scaffold_240	1	20166	18	2047	10.1507	0.13369	35.8	51.6
HiC_scaffold_241	1	20140	189	9286	46.1072	1.36951	35.6	46.6
HiC_scaffold_242	1	20135	218	14915	74.075	1.5483	35.6	59.9
HiC_scaffold_243	1	20122	16	1374	6.82835	0.112265	35	54.9
HiC_scaffold_244	1	20044	52	2407	12.0086	0.380712	35.8	40.2
HiC_scaffold_245	1	20021	18	1149	5.73897	0.12402	35.7	60
HiC_scaffold_246	1	20000	30	2209	11.045	0.2018	35.4	53.9
HiC_scaffold_247	1	20000	34	3342	16.71	0.2372	35.2	51.6
HiC_scaffold_248	1	19739	365	8250	41.7954	2.7128	35.5	42.7
HiC_scaffold_249	1	19737	99	10362	52.5004	0.746922	36	55.3
HiC_scaffold_250	1	19724	25	1541	7.81282	0.181099	35.7	50.4
HiC_scaffold_251	1	19667	64	2050	10.4236	0.463975	34.8	39.6
HiC_scaffold_252	1	19649	45	4348	22.1284	0.340781	35.7	52.4
HiC_scaffold_253	1	19394	43	4223	21.7748	0.329122	35.1	49.1
HiC_scaffold_254	1	19304	59	4469	23.1506	0.43737	35.2	50.5
HiC_scaffold_255	1	19231	27	2594	13.4886	0.205502	34.9	44.1
HiC_scaffold_256	1	19176	123	8097	42.2247	0.938725	35.4	48.3
HiC_scaffold_257	1	19156	1647	7716	40.2798	11.8997	35.1	43.6
HiC_scaffold_258	1	19143	67	1286	6.71786	0.449041	35	44.8
HiC_scaffold_259	1	19058	26	2563	13.4484	0.19808	35	49
HiC_scaffold_260	1	19000	157	5009	26.3632	1.22053	35.3	42.6
HiC_scaffold_261	1	18934	16	1466	7.74269	0.126756	35.1	51.9
HiC_scaffold_262	1	18930	396	8222	43.4337	2.97105	35.3	42
HiC_scaffold_263	1	18729	188	15035	80.2766	1.47408	35.5	57
HiC_scaffold_264	1	18528	36	2600	14.0328	0.258905	34.7	59.5
HiC_scaffold_265	1	18283	30	2312	12.6456	0.245365	35.1	42.7
HiC_scaffold_266	1	18272	38	1358	7.43214	0.191495	35.5	45.8
HiC_scaffold_267	1	18066	33	2461	13.6223	0.260821	35.4	45.8
HiC_scaffold_268	1	18044	12	864	4.7883	0.0959322	35.9	46.1
HiC_scaffold_269	1	18026	81	4652	25.8072	0.631033	35.4	55.2
HiC_scaffold_270	1	18000	237	7824	43.4667	1.94167	35.4	45.9
HiC_scaffold_271	1	18000	60	5550	30.8333	0.490556	34.9	52.2
HiC_scaffold_272	1	18000	50	2668	14.8222	0.400833	35.9	43.2
HiC_scaffold_273	1	17971	112	5845	32.5246	0.904123	35.5	44.4
HiC_scaffold_274	1	17888	34	2262	12.6453	0.283095	34.9	46.6
HiC_scaffold_275	1	17782	28	2654	14.9252	0.233438	35.3	55.2
HiC_scaffold_276	1	17690	58	5865	33.1543	0.488412	35.3	49.3
HiC_scaffold_277	1	17675	79	3877	21.9349	0.656973	35.3	39.2
HiC_scaffold_278	1	17531	2	179	1.02105	0.0118647	36.2	60
HiC_scaffold_279	1	17508	320	2568	14.6676	1.50051	35.2	47.3
HiC_scaffold_280	1	17420	88	6745	38.7199	0.755511	35.8	51.2
HiC_scaffold_281	1	17399	21	1748	10.0466	0.181045	35.8	59.5
HiC_scaffold_282	1	17398	50	4089	23.5027	0.416312	35.5	49.2
HiC_scaffold_283	1	17257	904	7560	43.8083	6.37608	35.1	51.4
HiC_scaffold_284	1	17224	200	12878	74.7678	1.70297	35.6	54
HiC_scaffold_285	1	17131	90	7320	42.7296	0.764287	35.5	51
HiC_scaffold_286	1	17073	51	4228	24.7642	0.43437	35.7	48.6
HiC_scaffold_287	1	17000	33	2407	14.1588	0.273176	35.8	47.3
HiC_scaffold_288	1	16908	11	1072	6.34019	0.0862905	36.6	50.2
HiC_scaffold_289	1	16758	125	2895	17.2753	0.939014	35.4	44
HiC_scaffold_290	1	16602	114	3701	22.2925	0.932598	35	41.6
HiC_scaffold_291	1	16449	128	917	5.57481	0.870995	35.1	44.6
HiC_scaffold_292	1	16346	40	2919	17.8576	0.356968	35.1	52.7
HiC_scaffold_293	1	16263	292	1274	7.83373	2.36402	35.1	44.1
HiC_scaffold_294	1	16061	63	5043	31.399	0.542868	34.9	53.7
HiC_scaffold_295	1	16000	15	695	4.34375	0.11125	34.2	58.2
HiC_scaffold_296	1	16000	46	4036	25.225	0.402875	35.8	49.7
HiC_scaffold_297	1	16000	19	1838	11.4875	0.166813	35.4	55.3
HiC_scaffold_298	1	16000	53	3321	20.7563	0.48375	35.9	43.6
HiC_scaffold_299	1	16000	36	2457	15.3562	0.328125	34.9	49.3
HiC_scaffold_300	1	15603	126	5534	35.4675	1.18772	35.1	45.2
HiC_scaffold_301	1	15565	11	566	3.63636	0.0889174	36.3	60
HiC_scaffold_302	1	15554	172	3792	24.3796	1.64652	35.5	39.5
HiC_scaffold_303	1	15467	150	7848	50.7403	1.41941	35.3	46.8
HiC_scaffold_304	1	15433	45	2626	17.0155	0.431284	35.8	39
HiC_scaffold_305	1	15221	26	2276	14.953	0.252349	35.2	46.9
HiC_scaffold_306	1	15208	16	962	6.32562	0.152486	36.1	59.3
HiC_scaffold_307	1	15128	28	1415	9.35352	0.277499	35.6	54.6
HiC_scaffold_308	1	15037	69	5757	38.2856	0.672009	35.9	53.6
HiC_scaffold_309	1	15027	85	4602	30.6249	0.827644	35.4	49.6
HiC_scaffold_310	1	15014	66	5760	38.3642	0.594845	36.1	59
HiC_scaffold_311	1	15000	42	3918	26.12	0.4188	35.6	51.3
HiC_scaffold_312	1	14886	149	10310	69.2597	1.49456	36	48.8
HiC_scaffold_313	1	14872	80	2512	16.8908	0.805608	35.1	38.8
HiC_scaffold_314	1	14743	29	2084	14.1355	0.288612	35.8	57.9
HiC_scaffold_315	1	14719	52	1415	9.61342	0.478565	35.4	45.4
HiC_scaffold_316	1	14619	55	5020	34.3389	0.558246	35.4	53
HiC_scaffold_317	1	14567	14	1474	10.1188	0.143956	36.1	51.7
HiC_scaffold_318	1	14553	14	1260	8.65801	0.144231	36.2	47.4
HiC_scaffold_319	1	14548	111	7472	51.361	1.13988	35.6	47.8
HiC_scaffold_320	1	14465	28	2229	15.4096	0.273211	35.8	54.6
HiC_scaffold_321	1	14408	94	5308	36.8406	0.963631	35.5	46.7
HiC_scaffold_322	1	14386	24	2466	17.1417	0.239956	35.3	45.5
HiC_scaffold_323	1	14298	193	5814	40.663	1.46013	34.3	44.8
HiC_scaffold_324	1	14091	93	6255	44.39	0.963097	35.2	54.5
HiC_scaffold_325	1	14000	77	3523	25.1643	0.797	35.7	47.9
HiC_scaffold_326	1	14000	62	2411	17.2214	0.642071	35.3	45.8
HiC_scaffold_327	1	13966	72	4853	34.7487	0.743019	35.4	46.1
HiC_scaffold_328	1	13312	157	11449	86.0051	1.74534	35.3	60
HiC_scaffold_329	1	13309	71	6865	51.5816	0.794575	35.5	49.8
HiC_scaffold_330	1	13245	61	5076	38.3239	0.685768	35.8	52.1
HiC_scaffold_331	1	13138	169	11166	84.9901	1.8668	35.5	58.8
HiC_scaffold_332	1	13083	6	696	5.31988	0.0687916	36.2	43
HiC_scaffold_333	1	13000	36	2611	20.0846	0.408231	35.5	50.6
HiC_scaffold_334	1	13000	49	3678	28.2923	0.530846	36.1	52.4
HiC_scaffold_335	1	13000	36	2763	21.2538	0.388308	35.8	53.6
HiC_scaffold_336	1	12527	256	5011	40.0016	2.9723	35.3	40.8
HiC_scaffold_337	1	12325	23	2259	18.3286	0.279594	36.3	46.9
HiC_scaffold_338	1	12210	20	2077	17.0106	0.242179	35.1	51.1
HiC_scaffold_339	1	12140	93	6684	55.0577	1.11787	35.5	57.7
HiC_scaffold_340	1	12103	50	3113	25.7209	0.617202	35.6	47.7
HiC_scaffold_341	1	11792	8	471	3.99423	0.0936228	35.7	57.5
HiC_scaffold_342	1	11769	64	2034	17.2827	0.810859	35.1	38.5
HiC_scaffold_343	1	11768	65	5141	43.6863	0.801241	35.1	54.2
HiC_scaffold_344	1	11552	85	7299	63.1839	1.03324	35.4	54.9
HiC_scaffold_345	1	11294	51	2287	20.2497	0.642111	35.5	52.6
HiC_scaffold_346	1	11220	115	8658	77.1658	1.50178	35.7	58
HiC_scaffold_347	1	11009	1193	6560	59.5876	15.2016	35	41.7
HiC_scaffold_348	1	11007	53	4367	39.6748	0.701281	35.3	49.4
HiC_scaffold_349	1	11000	34	2344	21.3091	0.442	35.1	55.4
HiC_scaffold_350	1	10932	56	3532	32.3088	0.761526	35.8	44.5
HiC_scaffold_351	1	10903	83	5780	53.0129	1.07603	35.1	58.2
HiC_scaffold_352	1	10862	135	8230	75.7687	1.80906	35.8	56.7
HiC_scaffold_353	1	10825	53	4311	39.8245	0.723048	35.9	53.3
HiC_scaffold_354	1	10780	65	5450	50.5566	0.890074	35.7	55.4
HiC_scaffold_355	1	10606	7	885	8.34433	0.0951348	34.4	49.6
HiC_scaffold_356	1	10316	12	663	6.42691	0.142594	35.9	60
HiC_scaffold_357	1	10313	89	7296	70.7457	1.26656	35.5	56.8
HiC_scaffold_358	1	10116	23	1931	19.0886	0.321372	35.1	54
HiC_scaffold_359	1	9728	934	3736	38.4046	12.2799	35.3	39.7
HiC_scaffold_360	1	9582	35	1890	19.7245	0.518785	35.2	50.1
HiC_scaffold_361	1	9577	32	2911	30.3957	0.477811	35.4	45.4
HiC_scaffold_362	1	9324	28	2437	26.1369	0.429322	35.8	44
HiC_scaffold_363	1	9309	90	6593	70.8239	1.39285	35	59.5
HiC_scaffold_364	1	9000	20	1640	18.2222	0.278667	36.2	51.4
HiC_scaffold_365	1	8972	17	1698	18.9255	0.274186	35.9	55.6
HiC_scaffold_366	1	8717	7	646	7.41081	0.111277	36.6	48.6
HiC_scaffold_367	1	8598	29	1859	21.6213	0.368807	34.9	48.8
HiC_scaffold_368	1	8517	14	1398	16.4142	0.231772	35.2	48.1
HiC_scaffold_369	1	8159	37	3670	44.981	0.678269	35.8	49.2
HiC_scaffold_370	1	8000	10	173	2.1625	0.162	35.4	40
HiC_scaffold_371	1	7755	16	1403	18.0916	0.273888	35.6	58.2
HiC_scaffold_372	1	7349	18	1153	15.6892	0.280038	36.1	58.9
HiC_scaffold_373	1	7312	38	3543	48.4546	0.75465	35.3	50.5
HiC_scaffold_374	1	7226	35	2234	30.9161	0.680736	35.6	59.5
HiC_scaffold_375	1	7101	10	1053	14.8289	0.208281	36.1	49.1
HiC_scaffold_376	1	7000	127	3962	56.6	2.41943	35.3	40.9
HiC_scaffold_377	1	7000	62	4461	63.7286	1.32	35.8	57.8
HiC_scaffold_378	1	7000	88	2108	30.1143	1.86514	35.6	40.7
HiC_scaffold_379	1	6605	53	2982	45.1476	0.980772	35.3	47.8
HiC_scaffold_380	1	6537	73	5481	83.8458	1.60043	35.8	57.8
HiC_scaffold_381	1	6484	53	3767	58.0969	1.18245	35.9	58.7
HiC_scaffold_382	1	6459	10	1350	20.9011	0.231924	35.5	54.6
HiC_scaffold_383	1	6245	16	1302	20.8487	0.381265	36.2	56.3
HiC_scaffold_384	1	6125	67	4661	76.098	1.63641	35.7	51
HiC_scaffold_385	1	6000	53	3787	63.1167	1.24733	35.5	57.4
HiC_scaffold_386	1	6000	14	1546	25.7667	0.349833	35.9	57.3
HiC_scaffold_387	1	6000	57	4516	75.2667	1.39583	35.3	50.7
HiC_scaffold_388	1	5993	29	2239	37.3603	0.628233	36.2	46.7
HiC_scaffold_389	1	5821	63	4462	76.6535	1.61433	36	50.2
HiC_scaffold_390	1	5673	24	2612	46.0427	0.631764	35.4	51.7
HiC_scaffold_391	1	5000	22	1501	30.02	0.619	34.5	59.1
HiC_scaffold_392	1	5000	30	1517	30.34	0.881	36	58.6
HiC_scaffold_393	1	4994	2714	4080	81.698	73.3264	35.1	47.2
HiC_scaffold_394	1	4893	52	3311	67.6681	1.58471	36.1	51.7
HiC_scaffold_395	1	4891	27	2510	51.3187	0.796156	35.1	53.8
HiC_scaffold_396	1	4877	8	864	17.7158	0.236621	35.8	48.4
HiC_scaffold_397	1	4000	8	782	19.55	0.28175	34.6	43.8
HiC_scaffold_398	1	4000	56	3022	75.55	1.9355	35.2	56.1
HiC_scaffold_399	1	4000	42	2380	59.5	1.56925	36	54
HiC_scaffold_400	1	4000	342	1128	28.2	11.266	35	46.5
HiC_scaffold_401	1	3971	52	2970	74.7922	1.78267	35.9	59
HiC_scaffold_402	1	3919	21	1183	30.1863	0.754529	35.6	53.2
HiC_scaffold_403	1	3281	58	3105	94.6358	2.6431	35.9	58.6
HiC_scaffold_404	1	3264	8	801	24.5404	0.36489	36	45.5
HiC_scaffold_405	1	3259	45	2566	78.7358	2.02731	35.1	60
HiC_scaffold_406	1	3042	15	1332	43.787	0.690335	35.3	48.3
HiC_scaffold_407	1	3035	57	2591	85.3707	2.66886	35.6	59.6
HiC_scaffold_408	1	3003	8	556	18.5148	0.311688	35	37
HiC_scaffold_409	1	3003	4	420	13.986	0.1998	35.1	47
HiC_scaffold_410	1	3000	10	1009	33.6333	0.498	35.2	50.6
HiC_scaffold_411	1	3000	113	1658	55.2667	5.55433	35.4	41.8
HiC_scaffold_412	1	3000	39	2387	79.5667	1.73233	35.5	59.1
HiC_scaffold_413	1	3000	36	2540	84.6667	1.59933	35.6	58.9
HiC_scaffold_414	1	3000	20	2294	76.4667	0.998667	36.3	50.5
HiC_scaffold_415	1	2897	29	1890	65.2399	1.41353	34.8	56.8
HiC_scaffold_416	1	2563	158	1507	58.7983	6.86734	34.9	48.4
HiC_scaffold_417	1	2259	32	1891	83.7096	1.92253	34.6	58.4
HiC_scaffold_418	1	2125	12	918	43.2	0.840471	36.3	60
HiC_scaffold_419	1	2021	36	2000	98.9609	2.47006	35	59.3
HiC_scaffold_420	1	2000	18	1544	77.2	1.3395	35.5	60
HiC_scaffold_421	1	2000	14	1339	66.95	1.0195	36.4	54.1
HiC_scaffold_422	1	2000	15	1213	60.65	1.0455	36.1	60
HiC_scaffold_424	1	1484	6	550	37.062	0.579515	35.5	50
HiC_scaffold_425	1	1447	11	1019	70.4216	1.08846	36.1	54.5
HiC_scaffold_427	1	1353	25	1089	80.4878	2.46859	36.2	60
HiC_scaffold_429	1	1175	22	1082	92.0851	2.21872	35.4	60
HiC_scaffold_431	1	1108	5	403	36.3718	0.534296	35.2	60
HiC_scaffold_432	1	1097	21	1047	95.4421	2.72197	36	57.8
HiC_scaffold_433	1	1005	103	704	70.0498	13.7612	35.4	45.6
HiC_scaffold_434	1	1000	6	488	48.8	0.838	36.2	55.3
HiC_scaffold_435	1	1000	8	801	80.1	1.082	34.9	60
HiC_scaffold_436	1	1000	2	184	18.4	0.184	36.5	60
HiC_scaffold_437	1	1000	16	839	83.9	1.966	35.5	59.1
HiC_scaffold_438	1	1000	12	849	84.9	1.677	35.7	60
HiC_scaffold_439	1	1000	14	953	95.3	1.73	35.9	60
HiC_scaffold_440	1	1000	17	901	90.1	2.397	35.2	60
HiC_scaffold_441	1	1000	10	822	82.2	1.273	35.1	60
HiC_scaffold_442	1	1000	10	628	62.8	1.306	35.2	60
HiC_scaffold_443	1	1000	10	521	52.1	1.286	35.6	60
HiC_scaffold_444	1	1000	14	849	84.9	2.048	35.6	60
HiC_scaffold_445	1	1000	16	859	85.9	2.163	35.5	56.8
HiC_scaffold_446	1	1000	29	865	86.5	4.243	35.5	41.1
HiC_scaffold_447	1	1000	17	683	68.3	2.479	35.8	59.1
HiC_scaffold_448	1	1000	13	506	50.6	0.972	35.6	48.4
HiC_scaffold_449	1	1000	12	824	82.4	1.8	35.9	60
HiC_scaffold_450	1	1000	10	737	73.7	1.499	36.3	57.5
HiC_scaffold_451	1	1000	9	506	50.6	1.35	35.8	57.8
HiC_scaffold_452	1	1000	11	824	82.4	1.638	35.7	60
HiC_scaffold_453	1	1000	77	642	64.2	8.455	35.5	49.5
mitochondria	1	17813	49468	17612	98.8716	400.844	35.4	59.3
HiC_scaffold_219	1	22812	0	0	0	0	0	0
HiC_scaffold_423	1	1676	0	0	0	0	0	0
HiC_scaffold_426	1	1382	0	0	0	0	0	0
HiC_scaffold_428	1	1184	0	0	0	0	0	0
HiC_scaffold_430	1	1138	0	0	0	0	0	0
HiC_scaffold_454	1	2000	0	0	0	0	0	0
