#rname	startpos	endpos	numreads	covbases	coverage	meandepth	meanbaseq	meanmapq
HiC_scaffold_1	1	75050035	774239	53180793	70.8605	1.48721	35.6	59
HiC_scaffold_2	1	56816963	587426	40378377	71.0675	1.48967	35.6	59.1
HiC_scaffold_3	1	109611085	1065104	74020264	67.5299	1.40136	35.6	58.6
HiC_scaffold_4	1	81599725	831384	57175738	70.0685	1.46854	35.6	59
HiC_scaffold_5	1	72353455	755450	51885624	71.7113	1.50654	35.6	59.2
HiC_scaffold_6	1	67692486	702042	48246314	71.2728	1.49574	35.6	59.1
HiC_scaffold_7	1	59159807	611318	41402620	69.9844	1.48809	35.6	58.7
HiC_scaffold_8	1	13479537	145589	9910372	73.5216	1.56942	35.6	59.4
HiC_scaffold_9	1	58964884	613273	41869729	71.0079	1.49919	35.6	59
HiC_scaffold_10	1	36732878	376394	25615259	69.7339	1.47385	35.5	58.8
HiC_scaffold_11	1	27384	218	6181	22.5716	1.13723	34.9	44.2
HiC_scaffold_12	1	33592	1494	8117	24.1635	5.96705	35	45.1
HiC_scaffold_13	1	184337	4550	141206	76.6021	3.52615	35.6	55.9
HiC_scaffold_14	1	85992	788	31521	36.6557	1.27799	35	45.1
HiC_scaffold_15	1	87022	878	18424	21.1717	1.35001	35.3	44.4
HiC_scaffold_16	1	89609	3732	10154	11.3315	4.53237	35.7	51.3
HiC_scaffold_17	1	164154	3073	63551	38.7143	2.68258	35.4	49.2
HiC_scaffold_18	1	104921	155	9289	8.85333	0.203496	35.5	42.6
HiC_scaffold_19	1	103720	581	31474	30.3452	0.797648	35.5	46.7
HiC_scaffold_20	1	90353	1014	24830	27.4811	1.56923	35.2	47.4
HiC_scaffold_21	1	85252	213	13670	16.0348	0.343699	35.1	45.6
HiC_scaffold_22	1	80500	278	17019	21.1416	0.505019	35.7	50.5
HiC_scaffold_23	1	75743	309	18388	24.2768	0.580648	35.4	54.3
HiC_scaffold_24	1	75592	1395	19635	25.975	2.6194	35.3	42.2
HiC_scaffold_25	1	72691	469	26146	35.9687	0.868746	35.4	52.1
HiC_scaffold_26	1	71458	621	27009	37.797	1.2448	35.5	46.8
HiC_scaffold_27	1	70045	1819	48239	68.8686	3.66175	35.2	48.6
HiC_scaffold_28	1	68558	34	2422	3.53278	0.067607	35.1	55.7
HiC_scaffold_29	1	68222	545	16277	23.8589	1.17524	35.5	48.6
HiC_scaffold_30	1	67017	913	29035	43.3248	1.96371	35.2	42.7
HiC_scaffold_31	1	65972	56	6062	9.18875	0.123598	35.2	43.9
HiC_scaffold_32	1	64000	672	32052	50.0812	1.4468	35.6	49.1
HiC_scaffold_33	1	62684	585	17445	27.8301	1.17162	35.4	42.1
HiC_scaffold_34	1	60035	380	25736	42.8683	0.865678	35.5	54.6
HiC_scaffold_35	1	59483	83	7930	13.3315	0.203823	35.7	49.4
HiC_scaffold_36	1	58601	708	4426	7.55277	1.75419	35.1	47.2
HiC_scaffold_37	1	57907	131	9960	17.2	0.316663	35.6	45.9
HiC_scaffold_38	1	57623	388	3468	6.01843	0.860837	35.4	37
HiC_scaffold_39	1	56881	777	14088	24.7675	1.46868	35.4	47.5
HiC_scaffold_40	1	56115	461	6815	12.1447	1.0386	35.5	39.1
HiC_scaffold_41	1	55753	589	14049	25.1986	1.50048	35.3	41
HiC_scaffold_42	1	55361	129	4633	8.36871	0.325626	35.7	45.4
HiC_scaffold_43	1	55333	179	6348	11.4724	0.446099	35.3	44.3
HiC_scaffold_44	1	54697	1201	40936	74.8414	3.20005	35.5	54.1
HiC_scaffold_45	1	54079	106	4308	7.96612	0.240445	36	45.7
HiC_scaffold_46	1	53000	357	5682	10.7208	1.00194	35.7	39
HiC_scaffold_47	1	52728	680	23310	44.208	1.79205	35	42.7
HiC_scaffold_48	1	52696	306	16291	30.9151	0.846345	35.5	50.6
HiC_scaffold_49	1	52574	58	2151	4.09138	0.157759	35.4	40.2
HiC_scaffold_50	1	52452	52	1340	2.55472	0.0488447	35	52.7
HiC_scaffold_51	1	52291	265	5594	10.6978	0.708325	35.5	46.4
HiC_scaffold_52	1	50660	363	26142	51.6028	1.03571	35.3	56.4
HiC_scaffold_53	1	50444	564	24693	48.9513	1.65136	35.5	56.2
HiC_scaffold_54	1	50000	574	39454	78.908	1.67502	35.6	59.9
HiC_scaffold_55	1	49402	204	7028	14.2261	0.604976	35.4	43.5
HiC_scaffold_56	1	48994	214	5712	11.6586	0.613238	35.3	44.1
HiC_scaffold_57	1	48961	88	4227	8.6334	0.255142	35.9	42.1
HiC_scaffold_58	1	48913	254	20477	41.8641	0.768998	35.5	48.2
HiC_scaffold_59	1	48516	108	6963	14.352	0.325728	35.1	47
HiC_scaffold_60	1	48449	262	20911	43.1608	0.797705	35.7	51.2
HiC_scaffold_61	1	48102	77	6378	13.2593	0.238265	35.9	50.2
HiC_scaffold_62	1	47095	403	30929	65.6736	1.2551	35.5	53.8
HiC_scaffold_63	1	45946	385	24783	53.9394	1.22598	35.5	58.1
HiC_scaffold_64	1	45702	240	6276	13.7324	0.725286	35.3	46.8
HiC_scaffold_65	1	45164	129	6843	15.1514	0.380657	35.5	41.4
HiC_scaffold_66	1	45000	4939	12365	27.4778	15.4165	35.3	48.4
HiC_scaffold_67	1	44932	694	9002	20.0347	1.90929	35.3	41.1
HiC_scaffold_68	1	44535	36	3379	7.58729	0.119973	35.8	45.4
HiC_scaffold_69	1	43359	534	8647	19.9428	1.79619	35.7	43
HiC_scaffold_70	1	43000	1165	13407	31.1791	3.62016	35.2	45.1
HiC_scaffold_71	1	42000	283	12106	28.8238	0.804786	35.7	48.6
HiC_scaffold_72	1	41780	32	2413	5.77549	0.108329	34.7	37.8
HiC_scaffold_73	1	41131	50	3322	8.07663	0.172692	34.7	48.2
HiC_scaffold_74	1	41000	193	11730	28.6098	0.69522	35.4	54.3
HiC_scaffold_75	1	40673	116	4355	10.7073	0.41605	35.6	41.7
HiC_scaffold_76	1	40021	77	2498	6.24172	0.226481	35	44
HiC_scaffold_77	1	40000	50	4182	10.455	0.1685	35.1	52.6
HiC_scaffold_78	1	39995	228	18431	46.0833	0.84093	35.7	51.4
HiC_scaffold_79	1	39987	38	1829	4.57399	0.140121	35.3	43.1
HiC_scaffold_80	1	39907	58	3712	9.30163	0.207282	35.4	57.9
HiC_scaffold_81	1	39785	338	6215	15.6215	1.00882	35.4	45
HiC_scaffold_82	1	39714	1716	11750	29.5865	6.04059	35.2	43.2
HiC_scaffold_83	1	39603	158	11452	28.917	0.589021	35.5	54.3
HiC_scaffold_84	1	39032	372	13438	34.4282	1.32502	35.5	47.8
HiC_scaffold_85	1	38821	200	8397	21.63	0.713454	35.6	46.8
HiC_scaffold_86	1	38551	139	4087	10.6015	0.367928	35.6	44.2
HiC_scaffold_87	1	38336	58	4528	11.8114	0.219298	34.9	50.4
HiC_scaffold_88	1	38081	258	5928	15.5668	0.956803	35.5	55.4
HiC_scaffold_89	1	37423	61	1666	4.45181	0.231729	35.4	45.4
HiC_scaffold_90	1	37049	192	9276	25.0371	0.758455	35.4	48.4
HiC_scaffold_91	1	37000	425	29465	79.6351	1.66459	35.6	59.9
HiC_scaffold_92	1	36719	155	4973	13.5434	0.61878	35.8	45.2
HiC_scaffold_93	1	36624	206	6116	16.6994	0.755379	35.5	41.3
HiC_scaffold_94	1	36550	111	3296	9.01778	0.448536	35.8	39.8
HiC_scaffold_95	1	35915	1633	22760	63.3719	6.31736	34.9	43.2
HiC_scaffold_96	1	35569	271	11584	32.5677	1.11724	35.6	49.2
HiC_scaffold_97	1	35569	120	7111	19.9921	0.481993	35.5	47.5
HiC_scaffold_98	1	35521	127	4131	11.6297	0.357451	35.8	48.8
HiC_scaffold_99	1	35305	1194	25667	72.7008	4.55001	35.5	56.2
HiC_scaffold_100	1	35285	343	21516	60.9778	1.40635	35.3	57.8
HiC_scaffold_101	1	35090	157	9658	27.5235	0.591365	34.8	53.3
HiC_scaffold_102	1	34736	174	7204	20.7393	0.743609	35.7	46.2
HiC_scaffold_103	1	34662	1169	15229	43.9357	4.65706	35.5	40.2
HiC_scaffold_104	1	34539	105	10045	29.0831	0.448131	35.9	48.3
HiC_scaffold_105	1	34367	64	4460	12.9776	0.265284	35.2	45.2
HiC_scaffold_106	1	34092	17	1068	3.1327	0.0591048	34.2	42.7
HiC_scaffold_107	1	34034	562	26422	77.6341	2.32324	35.6	57.4
HiC_scaffold_108	1	34000	119	4487	13.1971	0.506088	35.3	41.3
HiC_scaffold_109	1	33013	132	4853	14.7003	0.541423	34.5	38
HiC_scaffold_110	1	32894	27	1646	5.00395	0.107679	36	51.9
HiC_scaffold_111	1	32703	66	6591	20.1541	0.297282	35.7	45.6
HiC_scaffold_112	1	32055	114	7078	22.0808	0.511777	35.6	52.2
HiC_scaffold_113	1	31996	85	2146	6.70709	0.276253	35.5	42.9
HiC_scaffold_114	1	31869	150	6260	19.6429	0.57363	35.6	50.2
HiC_scaffold_115	1	31497	342	2933	9.312	1.60564	35.7	38
HiC_scaffold_116	1	31452	170	12504	39.7558	0.802048	35.4	55.5
HiC_scaffold_117	1	31435	183	14013	44.5777	0.843232	35.8	48.8
HiC_scaffold_118	1	31168	125	9617	30.8554	0.550372	35.3	54.6
HiC_scaffold_119	1	31094	50	2400	7.71853	0.240368	35.7	50.6
HiC_scaffold_120	1	31000	48	4221	13.6161	0.219871	35.8	49
HiC_scaffold_121	1	30892	72	4156	13.4533	0.34763	35.2	43.8
HiC_scaffold_122	1	30671	257	6365	20.7525	1.24985	35.5	38.7
HiC_scaffold_123	1	30159	339	23023	76.3387	1.61119	35.6	59.9
HiC_scaffold_124	1	30112	6	691	2.29477	0.0267335	34.9	34.8
HiC_scaffold_125	1	30000	66	3227	10.7567	0.3215	35.4	41.7
HiC_scaffold_126	1	30000	70	3920	13.0667	0.329467	36	48.4
HiC_scaffold_127	1	29632	224	1639	5.53118	1.0378	35.3	40.9
HiC_scaffold_128	1	29216	79	6667	22.8197	0.397967	35.7	47.9
HiC_scaffold_129	1	29000	36	2340	8.06897	0.167724	35.7	55.3
HiC_scaffold_130	1	28743	20	1594	5.5457	0.102321	36.2	49.1
HiC_scaffold_131	1	28267	517	8368	29.6034	2.71557	35.7	40.2
HiC_scaffold_132	1	28006	292	7037	25.1268	1.54995	35.3	40.7
HiC_scaffold_133	1	27859	140	11245	40.364	0.707384	35.7	53.5
HiC_scaffold_134	1	27837	384	21731	78.0652	1.96045	35.5	59.3
HiC_scaffold_135	1	27503	45	2270	8.25365	0.238301	35.9	37.5
HiC_scaffold_136	1	27405	341	22472	81.9996	1.79828	35.6	59.8
HiC_scaffold_137	1	27128	2	100	0.368623	0.00737246	36.8	43
HiC_scaffold_138	1	27000	146	8438	31.2519	0.796444	35.5	46.2
HiC_scaffold_139	1	26958	72	4663	17.2973	0.379999	35	45.3
HiC_scaffold_140	1	26822	115	3134	11.6844	0.616248	35.3	38.9
HiC_scaffold_141	1	26714	404	8372	31.3394	2.07079	35.1	42.9
HiC_scaffold_142	1	26597	200	7019	26.3902	1.03985	35.5	47.4
HiC_scaffold_143	1	26526	71	2599	9.79793	0.353201	35.1	48.2
HiC_scaffold_144	1	26403	32	2047	7.75291	0.168731	35.6	58.6
HiC_scaffold_145	1	26321	194	8905	33.8323	1.06269	35.4	49.3
HiC_scaffold_146	1	26302	87	2331	8.86244	0.405254	34.7	38.1
HiC_scaffold_147	1	26228	110	4081	15.5597	0.602028	35.6	45.4
HiC_scaffold_148	1	26220	192	4568	17.4218	1.08791	35.6	38.2
HiC_scaffold_149	1	26169	59	4992	19.076	0.317207	35.6	52.2
HiC_scaffold_150	1	26140	274	19631	75.0995	1.52123	35.4	59.9
HiC_scaffold_151	1	25970	151	4808	18.5137	0.840316	35	38.4
HiC_scaffold_152	1	25914	47	2286	8.82149	0.238828	34.9	41.7
HiC_scaffold_153	1	25756	19	1361	5.28421	0.108441	35.9	49.9
HiC_scaffold_154	1	25701	95	7205	28.0339	0.531536	35.7	54.1
HiC_scaffold_155	1	25484	984	9725	38.1612	5.62938	35.4	42.6
HiC_scaffold_156	1	25347	2503	14917	58.8511	13.9534	35.1	43.4
HiC_scaffold_157	1	25300	130	6158	24.3399	0.749605	35.6	44.3
HiC_scaffold_158	1	25137	622	11364	45.2083	3.52942	35.3	40.6
HiC_scaffold_159	1	25068	57	3297	13.1522	0.333972	35.3	46.8
HiC_scaffold_160	1	25021	208	13271	53.0394	1.19919	35.6	56
HiC_scaffold_161	1	25021	63	3491	13.9523	0.371888	36	49.8
HiC_scaffold_162	1	25013	177	1985	7.93587	0.585775	35.7	47.9
HiC_scaffold_163	1	25000	6	404	1.616	0.036	35	34
HiC_scaffold_164	1	25000	16	649	2.596	0.09564	35.6	35.2
HiC_scaffold_165	1	25000	10	965	3.86	0.05976	35.8	35.6
HiC_scaffold_166	1	25000	118	3762	15.048	0.68156	34.9	38
HiC_scaffold_167	1	25000	259	16834	67.336	1.4886	35.8	58.5
HiC_scaffold_168	1	25000	344	21077	84.308	2.02836	35.6	60
HiC_scaffold_169	1	25000	292	19452	77.808	1.62436	35.4	59
HiC_scaffold_170	1	25000	271	18723	74.892	1.55988	35.6	59.9
HiC_scaffold_171	1	25000	272	19483	77.932	1.5924	35.5	59.9
HiC_scaffold_172	1	25000	307	19866	79.464	1.79252	35.4	59.8
HiC_scaffold_173	1	25000	287	19951	79.804	1.63316	35.5	59.8
HiC_scaffold_174	1	25000	332	20796	83.184	1.92152	35.1	59.7
HiC_scaffold_175	1	25000	368	21685	86.74	2.11424	35.6	60
HiC_scaffold_176	1	25000	260	17843	71.372	1.48608	35.6	58
HiC_scaffold_177	1	25000	343	20899	83.596	1.97652	35.5	59.5
HiC_scaffold_178	1	25000	291	18685	74.74	1.65884	35.1	59.5
HiC_scaffold_179	1	25000	302	20270	81.08	1.7556	35.4	59.9
HiC_scaffold_180	1	25000	569	15844	63.376	3.22308	35.2	51.3
HiC_scaffold_181	1	25000	261	18622	74.488	1.53076	35.5	59.8
HiC_scaffold_182	1	25000	288	19592	78.368	1.69408	35.4	60
HiC_scaffold_183	1	25000	106	3614	14.456	0.63152	35.3	41.3
HiC_scaffold_184	1	25000	274	19650	78.6	1.60912	35.6	59.9
HiC_scaffold_185	1	25000	275	17601	70.404	1.60356	35.3	59.2
HiC_scaffold_186	1	25000	257	19350	77.4	1.46316	35.5	59.7
HiC_scaffold_187	1	25000	74	2207	8.828	0.42196	35.4	45.2
HiC_scaffold_188	1	24887	186	4552	18.2907	1.0125	35.3	41.4
HiC_scaffold_189	1	24881	873	14558	58.5105	4.24686	35.6	43.9
HiC_scaffold_190	1	24860	99	7639	30.7281	0.586002	35.7	52.9
HiC_scaffold_191	1	24785	95	8037	32.4269	0.557958	35.5	50.4
HiC_scaffold_192	1	24606	6	499	2.02796	0.0303178	32	36.7
HiC_scaffold_193	1	24582	55	2887	11.7444	0.321414	36	50.3
HiC_scaffold_194	1	24552	549	13347	54.3622	3.09405	35.3	42.3
HiC_scaffold_195	1	24515	63	6104	24.899	0.38197	35.7	51.4
HiC_scaffold_196	1	24429	103	5477	22.4201	0.576159	35.4	51.5
HiC_scaffold_197	1	24404	83	5499	22.5332	0.490043	35.8	58
HiC_scaffold_198	1	24065	152	11426	47.4797	0.902098	35.3	55.8
HiC_scaffold_199	1	24034	48	4481	18.6444	0.289964	35.7	47.2
HiC_scaffold_200	1	24000	167	1395	5.8125	1.02412	35.5	41
HiC_scaffold_201	1	24000	61	3833	15.9708	0.364917	35.4	56.7
HiC_scaffold_202	1	23940	204	4176	17.4436	1.17937	35.2	41.2
HiC_scaffold_203	1	23878	22	1288	5.39409	0.133303	35	42.4
HiC_scaffold_204	1	23813	63	5056	21.2321	0.374879	35.9	54.1
HiC_scaffold_205	1	23764	90	6197	26.0773	0.538714	35.8	53.1
HiC_scaffold_206	1	23660	18	1430	6.04396	0.108073	35.1	48.9
HiC_scaffold_207	1	23581	206	14970	63.4833	1.27442	35.7	53.4
HiC_scaffold_208	1	23490	23	1630	6.93912	0.13444	35.8	38.9
HiC_scaffold_209	1	23453	49	3907	16.6588	0.29864	35.9	55.6
HiC_scaffold_210	1	23041	51	2880	12.4995	0.315307	35.3	59.6
HiC_scaffold_211	1	23000	636	2432	10.5739	4.138	35.8	38.3
HiC_scaffold_212	1	23000	87	7141	31.0478	0.559957	35.6	48.2
HiC_scaffold_213	1	23000	139	5084	22.1043	0.865261	35.7	44
HiC_scaffold_214	1	23000	68	4593	19.9696	0.44213	35.9	38.5
HiC_scaffold_215	1	23000	37	3061	13.3087	0.233957	35.4	57.6
HiC_scaffold_216	1	22979	8	839	3.65116	0.0518299	36.3	39.6
HiC_scaffold_217	1	22964	63	2368	10.3118	0.408074	35.4	41.8
HiC_scaffold_218	1	22956	75	7425	32.3445	0.47652	34.9	50.4
HiC_scaffold_220	1	22604	72	5814	25.7211	0.467749	34.9	50.2
HiC_scaffold_221	1	22426	16	1197	5.33755	0.104254	36.2	60
HiC_scaffold_222	1	22303	75	6558	29.4041	0.500336	35.3	46.7
HiC_scaffold_223	1	22199	91	4285	19.3027	0.611919	35.5	45.5
HiC_scaffold_224	1	22128	8	787	3.55658	0.0434291	33	53.1
HiC_scaffold_226	1	21688	96	3484	16.0642	0.638556	35.5	49.6
HiC_scaffold_227	1	21648	213	11841	54.6979	1.41736	35.9	51.5
HiC_scaffold_228	1	21608	204	10017	46.3578	1.26985	35.6	51.6
HiC_scaffold_229	1	21598	19	996	4.61154	0.130382	35.4	51.1
HiC_scaffold_230	1	21510	13	1075	4.99768	0.0833566	33.9	55.2
HiC_scaffold_231	1	21437	44	3309	15.4359	0.30466	35.3	44.3
HiC_scaffold_232	1	21282	125	10072	47.3264	0.879288	35.4	49.3
HiC_scaffold_233	1	20959	165	5297	25.2732	1.01808	35.5	40.2
HiC_scaffold_234	1	20824	10	827	3.97138	0.0643968	35.9	56
HiC_scaffold_235	1	20622	50	3426	16.6133	0.361216	35.6	55.5
HiC_scaffold_236	1	20377	113	4080	20.0226	0.818177	35.6	45.1
HiC_scaffold_237	1	20369	83	7166	35.1809	0.593942	35.9	47.9
HiC_scaffold_238	1	20340	29	2598	12.7729	0.200983	35.7	43.4
HiC_scaffold_239	1	20281	8	712	3.51068	0.0555693	35.2	34.8
HiC_scaffold_240	1	20166	18	1623	8.0482	0.129376	36.3	51.3
HiC_scaffold_241	1	20140	180	7829	38.8729	1.31043	35.3	50
HiC_scaffold_242	1	20135	199	14139	70.221	1.42319	35.6	59.9
HiC_scaffold_243	1	20122	18	1448	7.1961	0.132591	35.5	55.6
HiC_scaffold_244	1	20044	18	1310	6.53562	0.124326	35.8	51.9
HiC_scaffold_245	1	20021	30	1954	9.75975	0.21897	35.2	57.4
HiC_scaffold_246	1	20000	31	1807	9.035	0.2199	35.7	54.8
HiC_scaffold_247	1	20000	42	3197	15.985	0.3073	34.9	53
HiC_scaffold_248	1	19739	275	7494	37.9654	2.02989	35.6	43.5
HiC_scaffold_249	1	19737	6	584	2.95891	0.0380504	35.9	52.3
HiC_scaffold_250	1	19724	17	988	5.00913	0.111843	35.8	45.4
HiC_scaffold_251	1	19667	149	2462	12.5184	1.08024	35.3	39.9
HiC_scaffold_252	1	19649	36	4023	20.4743	0.272686	35.2	45.3
HiC_scaffold_253	1	19394	42	3417	17.6189	0.32046	35.6	52.9
HiC_scaffold_254	1	19304	76	4128	21.3842	0.573145	35.6	47.3
HiC_scaffold_255	1	19231	62	2229	11.5907	0.47387	36.3	44.3
HiC_scaffold_256	1	19176	462	5958	31.0701	3.53244	35.9	46.9
HiC_scaffold_257	1	19156	2744	7260	37.8994	19.8742	35.4	43.5
HiC_scaffold_258	1	19143	122	1816	9.4865	0.84715	35.6	45
HiC_scaffold_259	1	19058	24	2856	14.9858	0.188425	35.4	45.3
HiC_scaffold_260	1	19000	37	3333	17.5421	0.289316	34.8	45.6
HiC_scaffold_261	1	18934	14	1514	7.9962	0.107215	35.4	48.6
HiC_scaffold_262	1	18930	459	7225	38.1669	3.39842	35.3	40.7
HiC_scaffold_263	1	18729	179	12813	68.4126	1.39714	35.5	57.2
HiC_scaffold_264	1	18528	38	2338	12.6187	0.282114	35.5	60
HiC_scaffold_265	1	18283	19	1681	9.19433	0.153038	35	46.9
HiC_scaffold_266	1	18272	30	634	3.46979	0.15718	35.4	46.9
HiC_scaffold_267	1	18066	55	4006	22.1742	0.445699	35.8	48.9
HiC_scaffold_268	1	18044	69	2091	11.5883	0.566781	35.9	40
HiC_scaffold_269	1	18026	52	4147	23.0057	0.409464	35.5	56.1
HiC_scaffold_270	1	18000	149	5403	30.0167	1.23217	35.8	43.9
HiC_scaffold_271	1	18000	73	3354	18.6333	0.596389	35.8	50.6
HiC_scaffold_272	1	18000	12	914	5.07778	0.0923889	34.7	55.3
HiC_scaffold_273	1	17971	58	2762	15.3692	0.481776	35.5	46.7
HiC_scaffold_274	1	17888	15	1637	9.15139	0.12472	35.4	44.2
HiC_scaffold_275	1	17782	39	3643	20.487	0.327691	36	52.5
HiC_scaffold_276	1	17690	46	4286	24.2284	0.380215	35.9	49.6
HiC_scaffold_277	1	17675	48	2876	16.2716	0.399151	35.4	40.1
HiC_scaffold_278	1	17531	14	1148	6.5484	0.117905	36.1	43.6
HiC_scaffold_279	1	17508	189	1751	10.0011	0.738748	35.3	46.5
HiC_scaffold_280	1	17420	34	3207	18.4099	0.273307	35.7	51.3
HiC_scaffold_281	1	17399	53	2285	13.1329	0.450083	35.6	58.8
HiC_scaffold_282	1	17398	71	6333	36.4007	0.580297	35.7	49.3
HiC_scaffold_283	1	17257	2416	7634	44.2371	17.644	35.1	49.5
HiC_scaffold_284	1	17224	122	9593	55.6955	1.04476	35.7	53.5
HiC_scaffold_285	1	17131	90	6293	36.7346	0.772401	35.6	50.5
HiC_scaffold_286	1	17073	27	2279	13.3486	0.235928	35.8	46.1
HiC_scaffold_287	1	17000	38	2110	12.4118	0.292706	36.2	52.7
HiC_scaffold_288	1	16908	4	421	2.48995	0.0286255	34.1	46.2
HiC_scaffold_289	1	16758	510	5100	30.4332	3.87039	35.3	42.6
HiC_scaffold_290	1	16602	219	4275	25.7499	1.72244	35.2	42
HiC_scaffold_291	1	16449	232	754	4.58387	1.5193	35	45.9
HiC_scaffold_292	1	16346	52	3178	19.4421	0.460235	35.7	50.2
HiC_scaffold_293	1	16263	651	1507	9.26643	5.33358	35.3	42.4
HiC_scaffold_294	1	16061	657	6312	39.3002	6.0957	35.7	36.6
HiC_scaffold_295	1	16000	12	946	5.9125	0.0870625	36.4	53.4
HiC_scaffold_296	1	16000	83	4713	29.4563	0.751375	35.9	45.3
HiC_scaffold_297	1	16000	46	3026	18.9125	0.421312	35.6	56.7
HiC_scaffold_298	1	16000	57	3138	19.6125	0.51625	35.2	42.9
HiC_scaffold_299	1	16000	26	1836	11.475	0.229937	35.6	51.3
HiC_scaffold_300	1	15603	1411	7462	47.8241	13.3637	35.4	42.3
HiC_scaffold_301	1	15565	6	570	3.66206	0.0572438	32.7	59.7
HiC_scaffold_302	1	15554	222	4667	30.0051	2.1273	35.6	38.4
HiC_scaffold_303	1	15467	286	6858	44.3396	2.73809	35.7	42.2
HiC_scaffold_304	1	15433	20	1584	10.2637	0.192834	35.7	35.8
HiC_scaffold_305	1	15221	54	1181	7.75902	0.506143	35.4	41.3
HiC_scaffold_306	1	15208	20	912	5.99684	0.195423	35.8	60
HiC_scaffold_307	1	15128	34	1288	8.51401	0.297396	35.2	47.8
HiC_scaffold_308	1	15037	69	6653	44.2442	0.675667	35.5	51.9
HiC_scaffold_309	1	15027	55	3877	25.8002	0.541559	35.7	54.3
HiC_scaffold_310	1	15014	158	9394	62.5683	1.51705	35.5	58.6
HiC_scaffold_311	1	15000	48	4178	27.8533	0.473467	35.7	48.6
HiC_scaffold_312	1	14886	73	5786	38.8687	0.720476	35.5	47.1
HiC_scaffold_313	1	14872	41	2022	13.596	0.399677	34.2	45.7
HiC_scaffold_314	1	14743	26	1999	13.559	0.258835	35.5	57.8
HiC_scaffold_315	1	14719	26	1130	7.67715	0.23806	35	46.7
HiC_scaffold_316	1	14619	78	5914	40.4542	0.780149	35.2	52.6
HiC_scaffold_317	1	14567	16	1807	12.4048	0.162285	36.4	46.4
HiC_scaffold_318	1	14553	103	2212	15.1996	1.05641	35.9	41.9
HiC_scaffold_319	1	14548	66	3500	24.0583	0.667996	35.8	45.7
HiC_scaffold_320	1	14465	22	2025	13.9993	0.219357	36.3	57.8
HiC_scaffold_321	1	14408	103	5372	37.2848	1.03817	35.8	46.4
HiC_scaffold_322	1	14386	14	1879	13.0613	0.145906	35.5	48.4
HiC_scaffold_323	1	14298	57	3800	26.5771	0.507554	34.5	45.6
HiC_scaffold_324	1	14091	58	4440	31.5095	0.603222	35.5	57.3
HiC_scaffold_325	1	14000	28	2117	15.1214	0.286286	35.9	40.1
HiC_scaffold_326	1	14000	61	2571	18.3643	0.620214	35.5	44.9
HiC_scaffold_327	1	13966	69	4938	35.3573	0.724975	36	44.5
HiC_scaffold_328	1	13312	137	10303	77.3963	1.50158	35.4	59.7
HiC_scaffold_329	1	13309	61	4880	36.6669	0.674506	35.2	45.8
HiC_scaffold_330	1	13245	65	5644	42.6123	0.702227	36	50.4
HiC_scaffold_331	1	13138	136	9099	69.2571	1.47846	35.7	58
HiC_scaffold_332	1	13083	8	642	4.90713	0.0901934	36.5	42.8
HiC_scaffold_333	1	13000	62	3352	25.7846	0.700923	35.6	45
HiC_scaffold_334	1	13000	12	1102	8.47692	0.138385	35.9	56.7
HiC_scaffold_335	1	13000	37	1869	14.3769	0.374462	36	57.3
HiC_scaffold_336	1	12527	257	4586	36.6089	2.92808	35.3	40.9
HiC_scaffold_337	1	12325	36	2009	16.3002	0.427099	36.2	45.9
HiC_scaffold_338	1	12210	14	1206	9.87715	0.168059	36.1	47.4
HiC_scaffold_339	1	12140	104	7172	59.0774	1.22669	35.5	58.8
HiC_scaffold_340	1	12103	72	3057	25.2582	0.884491	35.1	48.4
HiC_scaffold_341	1	11792	1	76	0.644505	0.00644505	36.5	60
HiC_scaffold_342	1	11769	29	1484	12.6094	0.368001	35.2	43.7
HiC_scaffold_343	1	11768	35	3330	28.2971	0.42913	34.6	53.7
HiC_scaffold_344	1	11552	40	3221	27.8826	0.489785	35.8	55.3
HiC_scaffold_345	1	11294	15	1205	10.6694	0.193288	35.9	51.7
HiC_scaffold_346	1	11220	116	7909	70.4902	1.43832	35.3	58.1
HiC_scaffold_347	1	11009	1193	6416	58.2796	15.2646	35.2	41.8
HiC_scaffold_348	1	11007	58	4650	42.2458	0.744526	35.9	48.2
HiC_scaffold_349	1	11000	102	7901	71.8273	1.38209	35.6	55.5
HiC_scaffold_350	1	10932	13	1057	9.66886	0.170234	36.5	48.6
HiC_scaffold_351	1	10903	102	5421	49.7203	1.31395	35.4	56.4
HiC_scaffold_352	1	10862	102	6751	62.1525	1.33198	35.7	58.2
HiC_scaffold_353	1	10825	42	3541	32.7113	0.569792	35.6	50.5
HiC_scaffold_354	1	10780	46	3451	32.013	0.62282	35.9	54.5
HiC_scaffold_355	1	10606	24	1434	13.5206	0.301339	34.6	55.7
HiC_scaffold_356	1	10316	20	845	8.19116	0.250194	35.8	48.6
HiC_scaffold_357	1	10313	65	5222	50.6351	0.926404	35.7	58.4
HiC_scaffold_358	1	10116	48	2315	22.8845	0.691775	34.9	44
HiC_scaffold_359	1	9728	382	3276	33.676	4.92887	35.2	42.1
HiC_scaffold_360	1	9582	21	1292	13.4836	0.321436	35.4	51.9
HiC_scaffold_361	1	9577	23	1770	18.4818	0.360029	35.7	40.6
HiC_scaffold_362	1	9324	10	1259	13.5028	0.160553	35	38.9
HiC_scaffold_363	1	9309	94	6758	72.5964	1.45311	35.6	59.1
HiC_scaffold_364	1	9000	11	618	6.86667	0.141667	36.1	60
HiC_scaffold_365	1	8972	8	835	9.30673	0.133749	35.6	42.6
HiC_scaffold_366	1	8717	2	193	2.21406	0.0344155	36.1	60
HiC_scaffold_367	1	8598	36	2154	25.0523	0.510816	35.4	44.9
HiC_scaffold_368	1	8517	11	1002	11.7647	0.172244	35.8	54.9
HiC_scaffold_369	1	8159	44	2849	34.9185	0.784532	35	56.3
HiC_scaffold_370	1	8000	18	538	6.725	0.325	36.5	38.8
HiC_scaffold_371	1	7755	31	2654	34.2231	0.584655	35.1	51.4
HiC_scaffold_372	1	7349	29	2088	28.412	0.527691	35.6	51.7
HiC_scaffold_373	1	7312	36	2950	40.3446	0.72634	36	49.8
HiC_scaffold_374	1	7226	10	1044	14.4478	0.196236	36.1	57.6
HiC_scaffold_375	1	7101	4	592	8.33685	0.0833685	36	44.8
HiC_scaffold_376	1	7000	49	2745	39.2143	0.988143	35.2	47.4
HiC_scaffold_377	1	7000	58	3974	56.7714	1.20086	35.5	50.8
HiC_scaffold_378	1	7000	60	1973	28.1857	1.28343	36	41.5
HiC_scaffold_379	1	6605	146	3195	48.3724	3.04512	35	48.5
HiC_scaffold_380	1	6537	63	4467	68.3341	1.37448	35.3	58.6
HiC_scaffold_381	1	6484	27	2327	35.8883	0.610734	35.3	59.8
HiC_scaffold_382	1	6459	39	3017	46.71	0.881561	35.4	51.1
HiC_scaffold_383	1	6245	11	834	13.3547	0.234588	35.6	48.7
HiC_scaffold_384	1	6125	6	846	13.8122	0.146122	35.6	46.5
HiC_scaffold_385	1	6000	21	2159	35.9833	0.494833	35.2	50.5
HiC_scaffold_386	1	6000	22	1616	26.9333	0.515	36	57.3
HiC_scaffold_387	1	6000	11	1084	18.0667	0.267667	34.2	40.7
HiC_scaffold_388	1	5993	18	1944	32.4378	0.448356	36.1	42
HiC_scaffold_389	1	5821	33	2858	49.0981	0.836282	36	44.9
HiC_scaffold_390	1	5673	4	598	10.5412	0.105412	36	44.2
HiC_scaffold_391	1	5000	21	1246	24.92	0.555	35.9	60
HiC_scaffold_392	1	5000	36	2465	49.3	1.054	35.7	52.8
HiC_scaffold_393	1	4994	1191	3899	78.0737	31.2889	35.3	44.2
HiC_scaffold_394	1	4893	41	3297	67.382	1.20723	35.7	48.6
HiC_scaffold_395	1	4891	61	2949	60.2944	1.49888	35.8	59.4
HiC_scaffold_396	1	4877	4	570	11.6875	0.123026	33.9	47.2
HiC_scaffold_397	1	4000	24	1137	28.425	0.8175	35.7	43.1
HiC_scaffold_398	1	4000	28	2755	68.875	1.01575	35	58
HiC_scaffold_399	1	4000	19	1204	30.1	0.71	35.9	54.3
HiC_scaffold_400	1	4000	85	1480	37	2.511	34.9	42.8
HiC_scaffold_401	1	3971	57	3350	84.3616	2.02443	35.8	57.6
HiC_scaffold_402	1	3919	5	322	8.21638	0.163817	34.5	54.6
HiC_scaffold_403	1	3281	18	1291	39.3478	0.777812	35.7	52.1
HiC_scaffold_405	1	3259	31	2469	75.7594	1.39491	35.6	60
HiC_scaffold_406	1	3042	6	892	29.3228	0.295858	36	47
HiC_scaffold_407	1	3035	40	2294	75.5848	1.8939	35.4	60
HiC_scaffold_408	1	3003	4	327	10.8891	0.192807	35.5	51
HiC_scaffold_410	1	3000	16	1233	41.1	0.720667	35.3	58.8
HiC_scaffold_411	1	3000	197	2003	66.7667	9.74567	36.1	43.3
HiC_scaffold_412	1	3000	79	2777	92.5667	3.49467	35.1	57.4
HiC_scaffold_413	1	3000	26	2227	74.2333	1.28133	35.9	59.5
HiC_scaffold_414	1	3000	20	1189	39.6333	0.949333	36.3	54.2
HiC_scaffold_416	1	2563	106	1366	53.2969	5.39602	35.3	47.2
HiC_scaffold_417	1	2259	30	1596	70.6507	1.77379	35.3	60
HiC_scaffold_418	1	2125	11	1189	55.9529	0.769882	35.5	54.5
HiC_scaffold_419	1	2021	36	1744	86.2939	2.54132	35.9	60
HiC_scaffold_420	1	2000	21	1558	77.9	1.3465	35	60
HiC_scaffold_421	1	2000	7	473	23.65	0.523	34.5	52.1
HiC_scaffold_422	1	2000	18	1437	71.85	1.2065	35.5	60
HiC_scaffold_423	1	1676	5	473	28.222	0.355012	36.4	39
HiC_scaffold_424	1	1484	2	74	4.98652	0.0876011	36.8	60
HiC_scaffold_425	1	1447	16	744	51.4167	1.44437	35.9	57.2
HiC_scaffold_426	1	1382	12	928	67.1491	1.05572	36.1	53.1
HiC_scaffold_427	1	1353	13	898	66.371	1.21656	34.9	60
HiC_scaffold_428	1	1184	7	556	46.9595	0.804054	36.4	49.1
HiC_scaffold_429	1	1175	12	920	78.2979	1.52511	36.1	60
HiC_scaffold_430	1	1138	13	716	62.9174	1.10193	36.5	58
HiC_scaffold_431	1	1108	9	580	52.3466	0.862816	35.7	60
HiC_scaffold_432	1	1097	17	900	82.0419	1.98815	35.7	54.6
HiC_scaffold_433	1	1005	396	778	77.4129	54.8149	35.2	44.6
HiC_scaffold_434	1	1000	11	816	81.6	1.591	36	57.1
HiC_scaffold_435	1	1000	13	787	78.7	1.787	34.4	60
HiC_scaffold_436	1	1000	8	622	62.2	1.2	36	60
HiC_scaffold_437	1	1000	16	687	68.7	2.131	36.3	60
HiC_scaffold_438	1	1000	9	706	70.6	1.081	36	59.3
HiC_scaffold_439	1	1000	22	897	89.7	3.241	35.7	60
HiC_scaffold_441	1	1000	18	824	82.4	2.349	35.2	60
HiC_scaffold_442	1	1000	14	764	76.4	1.886	35.7	60
HiC_scaffold_443	1	1000	7	631	63.1	1.039	34.9	60
HiC_scaffold_444	1	1000	13	831	83.1	1.596	35.5	56.8
HiC_scaffold_445	1	1000	8	568	56.8	1.062	36.3	57.9
HiC_scaffold_446	1	1000	51	903	90.3	7.462	36.2	39.3
HiC_scaffold_447	1	1000	13	741	74.1	1.756	35.7	53.2
HiC_scaffold_448	1	1000	8	480	48	0.884	35.8	48.6
HiC_scaffold_449	1	1000	11	789	78.9	1.497	36.3	60
HiC_scaffold_450	1	1000	3	150	15	0.45	36	32
HiC_scaffold_451	1	1000	8	644	64.4	1.075	36.6	48.9
HiC_scaffold_452	1	1000	6	700	70	0.814	36.7	60
HiC_scaffold_453	1	1000	128	567	56.7	15.48	35.4	45.7
HiC_scaffold_454	1	2000	1	150	7.5	0.075	36.3	48
mitochondria	1	17813	68606	17287	97.0471	556.446	35.5	57.9
HiC_scaffold_219	1	22812	0	0	0	0	0	0
HiC_scaffold_225	1	22127	0	0	0	0	0	0
HiC_scaffold_404	1	3264	0	0	0	0	0	0
HiC_scaffold_409	1	3003	0	0	0	0	0	0
HiC_scaffold_415	1	2897	0	0	0	0	0	0
HiC_scaffold_440	1	1000	0	0	0	0	0	0
