#rname	startpos	endpos	numreads	covbases	coverage	meandepth	meanbaseq	meanmapq
HiC_scaffold_1	1	75050035	680104	50896381	67.8166	1.31083	35.4	59
HiC_scaffold_2	1	56816963	513761	38457578	67.6868	1.30696	35.4	59.1
HiC_scaffold_3	1	109611085	938434	70734306	64.5321	1.2385	35.4	58.6
HiC_scaffold_4	1	81599725	727858	54529583	66.8257	1.29019	35.4	59
HiC_scaffold_5	1	72353455	662499	49570376	68.5114	1.32487	35.4	59.2
HiC_scaffold_6	1	67692486	617426	46105291	68.1099	1.31933	35.4	59.1
HiC_scaffold_7	1	59159807	534171	39643920	67.0116	1.30387	35.4	58.9
HiC_scaffold_8	1	13479537	65076	6387558	47.3871	0.703281	35.4	59.3
HiC_scaffold_9	1	58964884	539379	40035134	67.8966	1.3227	35.4	58.9
HiC_scaffold_10	1	36732878	330371	24428309	66.5026	1.29802	35.3	58.8
HiC_scaffold_11	1	27384	168	6639	24.2441	0.89534	35	45.2
HiC_scaffold_12	1	33592	849	6620	19.7071	3.39259	34.9	45.3
HiC_scaffold_13	1	184337	4394	141190	76.5934	3.4151	35.3	54.9
HiC_scaffold_14	1	85992	1010	33571	39.0397	1.61371	34.9	43.9
HiC_scaffold_15	1	87022	682	17241	19.8122	1.04608	35.1	44
HiC_scaffold_16	1	89609	2864	8084	9.02142	3.5079	35.7	51
HiC_scaffold_17	1	164154	985	45522	27.7313	0.864712	35.3	49.1
HiC_scaffold_18	1	104921	67	7013	6.68408	0.0885809	35.2	44.9
HiC_scaffold_19	1	103720	475	30335	29.247	0.644389	35.2	46.7
HiC_scaffold_20	1	90353	780	18332	20.2893	1.19623	35	47.9
HiC_scaffold_21	1	85252	187	11628	13.6396	0.301541	35.5	47.7
HiC_scaffold_22	1	80500	279	17873	22.2025	0.510919	35.7	52.1
HiC_scaffold_23	1	75743	304	18087	23.8794	0.583565	35.1	53.6
HiC_scaffold_24	1	75592	1298	15772	20.8646	2.43105	35.1	42.1
HiC_scaffold_25	1	72691	247	20139	27.7049	0.481944	35.1	52.7
HiC_scaffold_26	1	71458	768	28531	39.927	1.55375	35.3	43.9
HiC_scaffold_27	1	70045	1324	43619	62.2728	2.65271	35.2	50.4
HiC_scaffold_28	1	68558	25	2775	4.04767	0.0533855	34.6	52.8
HiC_scaffold_29	1	68222	403	13581	19.9071	0.870907	35.4	47.8
HiC_scaffold_30	1	67017	482	23958	35.7491	1.0399	35	44.5
HiC_scaffold_31	1	65972	34	4203	6.37088	0.076775	35.6	44.5
HiC_scaffold_32	1	64000	611	30551	47.7359	1.29339	35.6	48.7
HiC_scaffold_33	1	62684	415	12959	20.6735	0.836705	35.3	42.2
HiC_scaffold_34	1	60035	223	15187	25.2969	0.500408	35.5	53.8
HiC_scaffold_35	1	59483	108	10219	17.1797	0.266479	35.3	49.7
HiC_scaffold_36	1	58601	939	4480	7.64492	2.32356	35.2	47.7
HiC_scaffold_37	1	57907	163	9652	16.6681	0.386499	35.3	46.3
HiC_scaffold_38	1	57623	316	3441	5.97157	0.729414	35.3	36.8
HiC_scaffold_39	1	56881	426	12524	22.0179	0.76871	35.1	48
HiC_scaffold_40	1	56115	268	5441	9.69616	0.60041	35.5	38.5
HiC_scaffold_41	1	55753	350	11248	20.1747	0.896095	35.1	41.7
HiC_scaffold_42	1	55361	52	2804	5.06494	0.13132	34.6	42.9
HiC_scaffold_43	1	55333	150	5611	10.1404	0.375689	34.8	44.7
HiC_scaffold_44	1	54697	623	29723	54.3412	1.65325	35.4	54.4
HiC_scaffold_45	1	54079	52	3015	5.57518	0.116385	35.4	48.1
HiC_scaffold_46	1	53000	357	5579	10.5264	1.00172	35.3	37.2
HiC_scaffold_47	1	52728	416	21319	40.432	1.07994	35.1	42.6
HiC_scaffold_48	1	52696	262	16750	31.7861	0.736299	35.5	50.3
HiC_scaffold_49	1	52574	47	1839	3.49793	0.130597	35.2	41.7
HiC_scaffold_50	1	52452	31	935	1.78258	0.0345077	34.5	54.6
HiC_scaffold_51	1	52291	275	5405	10.3364	0.768641	35.7	45.5
HiC_scaffold_52	1	50660	327	26086	51.4923	0.939163	35.5	56
HiC_scaffold_53	1	50444	517	24212	47.9978	1.51475	35.5	56.5
HiC_scaffold_54	1	50000	544	38342	76.684	1.5617	35.6	59.7
HiC_scaffold_55	1	49402	56	3493	7.07056	0.168394	35.7	38.9
HiC_scaffold_56	1	48994	254	6022	12.2913	0.705127	35.6	44.1
HiC_scaffold_57	1	48961	45	2688	5.49008	0.132677	35.7	50.4
HiC_scaffold_58	1	48913	240	21128	43.1951	0.725145	35.4	48.3
HiC_scaffold_59	1	48516	141	8138	16.7738	0.430229	34.6	49.1
HiC_scaffold_60	1	48449	230	19220	39.6706	0.696939	35.1	51.6
HiC_scaffold_61	1	48102	95	7561	15.7187	0.277951	35.3	47.6
HiC_scaffold_62	1	47095	378	29389	62.4037	1.17533	35.2	55
HiC_scaffold_63	1	45946	305	22646	49.2883	0.971031	35.2	58.3
HiC_scaffold_64	1	45702	230	5678	12.424	0.686928	35.1	46.6
HiC_scaffold_65	1	45164	169	8773	19.4248	0.511602	35.2	41.3
HiC_scaffold_66	1	45000	4317	11563	25.6956	13.3138	35.2	46.6
HiC_scaffold_67	1	44932	637	8877	19.7565	1.84396	35.3	39.7
HiC_scaffold_68	1	44535	22	2773	6.22656	0.0738071	35.9	44.2
HiC_scaffold_69	1	43359	324	8973	20.6947	1.08974	35.6	42.5
HiC_scaffold_70	1	43000	555	11721	27.2581	1.76265	35.2	42.9
HiC_scaffold_71	1	42000	137	8918	21.2333	0.439405	35.7	50.2
HiC_scaffold_72	1	41780	30	1911	4.57396	0.105122	35.8	40.3
HiC_scaffold_73	1	41131	23	2462	5.98575	0.083149	35.2	51.9
HiC_scaffold_74	1	41000	134	10996	26.8195	0.479341	35.5	53.8
HiC_scaffold_75	1	40673	59	3538	8.69865	0.214344	35.6	42.6
HiC_scaffold_76	1	40021	46	1543	3.85548	0.146198	34.9	46
HiC_scaffold_77	1	40000	30	2540	6.35	0.109125	35	57.8
HiC_scaffold_78	1	39995	102	11168	27.9235	0.371346	35.3	52.6
HiC_scaffold_79	1	39987	6	621	1.553	0.0218321	33.4	39.3
HiC_scaffold_80	1	39907	58	4124	10.334	0.203273	34.4	52.6
HiC_scaffold_81	1	39785	287	5919	14.8775	0.89109	35.1	44.5
HiC_scaffold_82	1	39714	949	10996	27.688	3.35708	35.1	42.7
HiC_scaffold_83	1	39603	85	8857	22.3645	0.312855	35.3	52.2
HiC_scaffold_84	1	39032	299	11976	30.6825	1.04068	35.2	48.2
HiC_scaffold_85	1	38821	122	5879	15.1439	0.444012	35.7	49.3
HiC_scaffold_86	1	38551	86	3857	10.0049	0.273871	34.6	42.5
HiC_scaffold_87	1	38336	35	3152	8.22204	0.135773	34.6	54.5
HiC_scaffold_88	1	38081	272	6585	17.2921	0.974502	34.9	55.1
HiC_scaffold_89	1	37423	56	1885	5.03701	0.186784	35	50.5
HiC_scaffold_90	1	37049	108	6937	18.7239	0.422198	35.3	46.4
HiC_scaffold_91	1	37000	353	26269	70.9973	1.37197	35.5	59.9
HiC_scaffold_92	1	36719	147	4187	11.4028	0.59378	35.5	43.5
HiC_scaffold_93	1	36624	140	5350	14.6079	0.50101	35.3	45
HiC_scaffold_94	1	36550	98	3556	9.72914	0.399425	35.6	39.3
HiC_scaffold_95	1	35915	1088	17719	49.3359	4.22601	35	42.8
HiC_scaffold_96	1	35569	234	9940	27.9457	0.960809	35.4	48.6
HiC_scaffold_97	1	35569	110	6089	17.1188	0.431471	35.7	45
HiC_scaffold_98	1	35521	110	3645	10.2615	0.309197	35.6	49.2
HiC_scaffold_99	1	35305	874	24140	68.3756	3.36873	35.4	56.4
HiC_scaffold_100	1	35285	274	20769	58.8607	1.11818	35.3	57.3
HiC_scaffold_101	1	35090	118	8037	22.904	0.444343	34.6	52.9
HiC_scaffold_102	1	34736	31	3030	8.72294	0.13142	35.5	47.4
HiC_scaffold_103	1	34662	844	13943	40.2256	3.41809	35.5	38.9
HiC_scaffold_104	1	34539	91	8790	25.4495	0.387388	35.6	48.2
HiC_scaffold_105	1	34367	37	3125	9.09303	0.145285	35.1	45.8
HiC_scaffold_106	1	34092	4	214	0.627713	0.00762642	33.1	42.2
HiC_scaffold_107	1	34034	654	26155	76.8496	2.78057	35.4	57.8
HiC_scaffold_108	1	34000	130	4215	12.3971	0.560294	35.3	39.9
HiC_scaffold_109	1	33013	124	4241	12.8465	0.452125	34.5	40.1
HiC_scaffold_110	1	32894	20	1958	5.95245	0.0894084	35.9	58.6
HiC_scaffold_111	1	32703	71	7257	22.1906	0.3226	35.3	44.3
HiC_scaffold_112	1	32055	93	7744	24.1585	0.420028	35.3	52.7
HiC_scaffold_113	1	31996	76	2756	8.61358	0.26794	35.5	42.8
HiC_scaffold_114	1	31869	84	4401	13.8097	0.326085	35.4	50.1
HiC_scaffold_115	1	31497	224	4145	13.16	1.05756	35.3	38.8
HiC_scaffold_116	1	31452	137	10436	33.1807	0.638338	35.4	58.2
HiC_scaffold_117	1	31435	76	8457	26.9031	0.355782	35.8	47.2
HiC_scaffold_118	1	31168	130	10839	34.7761	0.579473	35.1	56.4
HiC_scaffold_119	1	31094	23	1771	5.69563	0.110857	35.4	50
HiC_scaffold_120	1	31000	33	3258	10.5097	0.156871	35.5	45.3
HiC_scaffold_121	1	30892	44	3251	10.5238	0.209342	35.3	42
HiC_scaffold_122	1	30671	113	4606	15.0174	0.551009	35.6	41.3
HiC_scaffold_123	1	30159	275	20113	66.6899	1.33088	35.5	59.9
HiC_scaffold_124	1	30112	10	857	2.84604	0.0457293	33.9	40.2
HiC_scaffold_125	1	30000	73	3207	10.69	0.352733	35.3	40.5
HiC_scaffold_126	1	30000	34	2778	9.26	0.164933	35.7	50.7
HiC_scaffold_127	1	29632	124	1931	6.5166	0.544783	34.8	40.3
HiC_scaffold_128	1	29216	62	4888	16.7306	0.311097	35.1	48.3
HiC_scaffold_129	1	29000	25	2324	8.01379	0.115828	34.2	49.4
HiC_scaffold_130	1	28743	7	799	2.77981	0.0365306	35.4	46.7
HiC_scaffold_131	1	28267	518	8323	29.4442	2.73726	35.5	38.6
HiC_scaffold_132	1	28006	152	5303	18.9352	0.803185	35.2	42.3
HiC_scaffold_133	1	27859	112	10080	36.1822	0.579705	35.6	53.4
HiC_scaffold_134	1	27837	331	20284	72.867	1.68646	35.2	59.2
HiC_scaffold_135	1	27503	56	2635	9.58077	0.305021	35.7	39
HiC_scaffold_136	1	27405	261	20191	73.6763	1.39259	35.3	59.9
HiC_scaffold_137	1	27128	2	152	0.560307	0.0110587	36.3	40
HiC_scaffold_138	1	27000	127	7330	27.1481	0.698741	35.5	46.3
HiC_scaffold_139	1	26958	16	1003	3.7206	0.088471	35.3	50.1
HiC_scaffold_140	1	26822	101	3629	13.5299	0.549176	35.4	40.7
HiC_scaffold_141	1	26714	385	8032	30.0666	2.03478	35.3	41.9
HiC_scaffold_142	1	26597	212	8177	30.7441	1.12039	35	49
HiC_scaffold_143	1	26526	44	2112	7.962	0.196977	35.5	51.4
HiC_scaffold_144	1	26403	15	1251	4.7381	0.0828315	36.1	60
HiC_scaffold_145	1	26321	147	8550	32.4836	0.806048	35.5	50.8
HiC_scaffold_146	1	26302	56	2331	8.86244	0.288571	34.1	38.5
HiC_scaffold_147	1	26228	82	4740	18.0723	0.44952	35.3	49
HiC_scaffold_148	1	26220	199	4033	15.3814	1.12304	35.3	38.8
HiC_scaffold_149	1	26169	32	3588	13.7109	0.172991	35	47.8
HiC_scaffold_150	1	26140	267	19313	73.8829	1.50451	35.1	59.9
HiC_scaffold_151	1	25970	136	5511	21.2206	0.74898	35.6	37.9
HiC_scaffold_152	1	25914	10	736	2.84016	0.0510921	36.2	36.4
HiC_scaffold_153	1	25756	19	1906	7.40022	0.10782	35.7	47.6
HiC_scaffold_154	1	25701	59	5671	22.0653	0.334617	34.8	51.8
HiC_scaffold_155	1	25484	440	8398	32.954	2.47179	34.9	40.7
HiC_scaffold_156	1	25347	1878	14346	56.5984	10.3972	35	43.7
HiC_scaffold_157	1	25300	126	5135	20.2964	0.736245	35.4	45
HiC_scaffold_158	1	25137	451	10234	40.7129	2.53769	35.1	40.1
HiC_scaffold_159	1	25068	44	2004	7.99426	0.24996	35.4	44.8
HiC_scaffold_160	1	25021	175	11899	47.5561	1.02802	35.4	56.3
HiC_scaffold_161	1	25021	18	2264	9.0484	0.107749	36	48.9
HiC_scaffold_162	1	25013	95	1317	5.26526	0.335426	35.5	48.1
HiC_scaffold_163	1	25000	4	594	2.376	0.02376	32.2	36
HiC_scaffold_164	1	25000	10	590	2.36	0.05648	33.6	37.4
HiC_scaffold_165	1	25000	10	849	3.396	0.05652	34.5	40.4
HiC_scaffold_166	1	25000	94	4073	16.292	0.54124	34.9	37.5
HiC_scaffold_167	1	25000	270	18448	73.792	1.54716	35.1	59.2
HiC_scaffold_168	1	25000	265	18403	73.612	1.53188	35.3	59.9
HiC_scaffold_169	1	25000	255	18802	75.208	1.48028	35.3	59.4
HiC_scaffold_170	1	25000	237	17431	69.724	1.3568	35.3	59.8
HiC_scaffold_171	1	25000	280	19662	78.648	1.63664	35.3	59.7
HiC_scaffold_172	1	25000	230	17892	71.568	1.351	35.4	59.8
HiC_scaffold_173	1	25000	229	17350	69.4	1.33052	35.2	59.8
HiC_scaffold_174	1	25000	264	18765	75.06	1.48976	35.2	59.3
HiC_scaffold_175	1	25000	211	17014	68.056	1.23924	35.3	60
HiC_scaffold_176	1	25000	234	18506	74.024	1.37336	35.3	58.5
HiC_scaffold_177	1	25000	254	18674	74.696	1.49816	35.4	59.8
HiC_scaffold_178	1	25000	308	18665	74.66	1.7762	35.5	59.3
HiC_scaffold_179	1	25000	289	19516	78.064	1.65244	35.3	59.5
HiC_scaffold_180	1	25000	534	13897	55.588	3.11356	35.3	50.6
HiC_scaffold_181	1	25000	308	19449	77.796	1.79608	35.6	59.8
HiC_scaffold_182	1	25000	219	17758	71.032	1.24688	35.1	60
HiC_scaffold_183	1	25000	115	3464	13.856	0.67372	35.4	40.7
HiC_scaffold_184	1	25000	264	19085	76.34	1.53588	35.4	59.7
HiC_scaffold_185	1	25000	256	17930	71.72	1.49008	35.2	59.7
HiC_scaffold_186	1	25000	278	18741	74.964	1.61508	35.3	59.8
HiC_scaffold_187	1	25000	35	1607	6.428	0.20804	34.4	43.4
HiC_scaffold_188	1	24887	217	4068	16.3459	1.23454	35.2	41.7
HiC_scaffold_189	1	24881	578	12387	49.785	2.86021	35.5	44
HiC_scaffold_190	1	24860	66	5290	21.2792	0.388616	35.6	55.4
HiC_scaffold_191	1	24785	134	9450	38.1279	0.786645	35.7	49.4
HiC_scaffold_192	1	24606	6	773	3.14151	0.0364952	34.9	39.5
HiC_scaffold_193	1	24582	78	3091	12.5742	0.469856	35.7	49.1
HiC_scaffold_194	1	24552	449	12562	51.1649	2.52704	35	43.4
HiC_scaffold_195	1	24515	66	5534	22.5739	0.386253	35.4	52.8
HiC_scaffold_196	1	24429	85	5419	22.1827	0.492529	35.7	50.4
HiC_scaffold_197	1	24404	67	4815	19.7304	0.393132	35.3	58.4
HiC_scaffold_198	1	24065	139	11912	49.4993	0.836194	35.1	55.5
HiC_scaffold_199	1	24034	34	3010	12.5239	0.20704	35.5	48.1
HiC_scaffold_200	1	24000	96	1542	6.425	0.590583	36	42.9
HiC_scaffold_201	1	24000	43	2681	11.1708	0.264667	36	58.6
HiC_scaffold_202	1	23940	140	3344	13.9683	0.8099	35.2	40.6
HiC_scaffold_203	1	23878	22	1168	4.89153	0.132256	35.8	44.2
HiC_scaffold_204	1	23813	65	5544	23.2814	0.392727	35.7	54.4
HiC_scaffold_205	1	23764	39	3586	15.0901	0.234809	35.5	52.6
HiC_scaffold_206	1	23660	13	1607	6.79205	0.0798394	35.6	46.8
HiC_scaffold_207	1	23581	145	12545	53.1996	0.912217	35.7	52.7
HiC_scaffold_208	1	23490	18	1060	4.51256	0.105194	35.7	36.9
HiC_scaffold_209	1	23453	51	3512	14.9746	0.2896	35.8	60
HiC_scaffold_210	1	23041	29	2532	10.9891	0.1756	36	59.1
HiC_scaffold_211	1	23000	389	2252	9.7913	2.51891	35.5	38.1
HiC_scaffold_212	1	23000	64	4660	20.2609	0.404391	35.9	43.7
HiC_scaffold_213	1	23000	51	2586	11.2435	0.314565	34.9	43.4
HiC_scaffold_214	1	23000	120	4482	19.487	0.770391	35.1	39.1
HiC_scaffold_215	1	23000	36	3765	16.3696	0.227826	35.3	57.3
HiC_scaffold_216	1	22979	2	288	1.25332	0.0125332	36.1	40
HiC_scaffold_217	1	22964	94	2460	10.7124	0.603728	35.1	39
HiC_scaffold_218	1	22956	71	6512	28.3673	0.449076	35	49
HiC_scaffold_220	1	22604	68	6438	28.4817	0.444435	35.7	51.1
HiC_scaffold_221	1	22426	13	1094	4.87827	0.0819584	35.8	60
HiC_scaffold_222	1	22303	80	6759	30.3053	0.53495	35.6	46.5
HiC_scaffold_223	1	22199	46	3651	16.4467	0.296545	35.3	52.1
HiC_scaffold_224	1	22128	9	1216	5.4953	0.0602856	35	49.6
HiC_scaffold_225	1	22127	2	300	1.35581	0.0135581	36.1	41.5
HiC_scaffold_226	1	21688	97	3721	17.157	0.661795	35.5	48.8
HiC_scaffold_227	1	21648	139	9401	43.4266	0.940041	35.4	51.7
HiC_scaffold_228	1	21608	216	10289	47.6166	1.3732	35.3	49.6
HiC_scaffold_229	1	21598	23	1282	5.93573	0.156681	35.1	40.2
HiC_scaffold_230	1	21510	10	704	3.2729	0.0678754	35.4	54.7
HiC_scaffold_231	1	21437	33	2157	10.062	0.214862	34.8	40.7
HiC_scaffold_232	1	21282	107	8963	42.1154	0.743868	35.8	47
HiC_scaffold_233	1	20959	126	4199	20.0344	0.752994	35.1	40.5
HiC_scaffold_234	1	20824	11	648	3.11179	0.0739531	35.2	53.5
HiC_scaffold_235	1	20622	45	2893	14.0287	0.316846	35.6	57.2
HiC_scaffold_236	1	20377	106	4307	21.1366	0.76817	35.3	46
HiC_scaffold_237	1	20369	67	6551	32.1616	0.478325	34.8	47.4
HiC_scaffold_238	1	20340	17	1835	9.02163	0.112684	35.6	50.2
HiC_scaffold_239	1	20281	12	348	1.71589	0.0811597	35.8	41.8
HiC_scaffold_240	1	20166	15	1521	7.5424	0.104235	35.1	52.6
HiC_scaffold_241	1	20140	114	6747	33.5005	0.82577	35	51.2
HiC_scaffold_242	1	20135	200	13356	66.3323	1.4151	35.3	59.8
HiC_scaffold_243	1	20122	8	1080	5.36726	0.0591889	34.9	52.8
HiC_scaffold_244	1	20044	10	1262	6.29615	0.0690481	36	49.8
HiC_scaffold_245	1	20021	22	1954	9.75975	0.164377	35.1	58.1
HiC_scaffold_246	1	20000	30	2111	10.555	0.2088	35.4	53.9
HiC_scaffold_247	1	20000	41	3201	16.005	0.2996	35.9	53.2
HiC_scaffold_248	1	19739	207	7237	36.6635	1.55697	35.3	43.2
HiC_scaffold_249	1	19737	125	9806	49.6833	0.914019	35.2	57.1
HiC_scaffold_250	1	19724	16	1106	5.60738	0.112807	35.9	52.2
HiC_scaffold_251	1	19667	48	1064	5.41008	0.359079	35.1	38.6
HiC_scaffold_252	1	19649	32	3469	17.6548	0.240572	36.1	47.7
HiC_scaffold_253	1	19394	16	1741	8.977	0.122151	36.3	53.1
HiC_scaffold_254	1	19304	44	3498	18.1206	0.335164	35.4	47.5
HiC_scaffold_255	1	19231	17	1601	8.3251	0.132286	36.3	42.7
HiC_scaffold_256	1	19176	308	6031	31.4508	2.36014	35.5	47.3
HiC_scaffold_257	1	19156	692	6263	32.6947	4.97787	35.2	43.3
HiC_scaffold_258	1	19143	78	1250	6.5298	0.541608	34.6	42.5
HiC_scaffold_259	1	19058	34	3560	18.6798	0.267289	35.7	48.7
HiC_scaffold_260	1	19000	28	2261	11.9	0.199789	34.4	49.4
HiC_scaffold_261	1	18934	6	673	3.55445	0.041407	36.3	55
HiC_scaffold_262	1	18930	278	6040	31.907	2.08162	35.4	41.2
HiC_scaffold_263	1	18729	177	14394	76.8541	1.40654	35.5	56.1
HiC_scaffold_264	1	18528	32	2434	13.1369	0.233592	35.2	59.8
HiC_scaffold_265	1	18283	17	1061	5.80321	0.132801	35.7	48.8
HiC_scaffold_266	1	18272	4	397	2.17272	0.0270359	35	39.5
HiC_scaffold_267	1	18066	29	2484	13.7496	0.236079	36	41.7
HiC_scaffold_268	1	18044	13	685	3.79628	0.107958	35.4	36.4
HiC_scaffold_269	1	18026	43	3437	19.0669	0.337069	35.4	59.5
HiC_scaffold_270	1	18000	119	5986	33.2556	0.964333	35.3	43.7
HiC_scaffold_271	1	18000	35	3801	21.1167	0.289889	35.6	48.5
HiC_scaffold_272	1	18000	23	1789	9.93889	0.189833	36	49
HiC_scaffold_273	1	17971	38	2766	15.3915	0.313449	35.2	48.5
HiC_scaffold_274	1	17888	2	300	1.6771	0.016771	35.8	35
HiC_scaffold_275	1	17782	18	1790	10.0664	0.146665	35.3	59.7
HiC_scaffold_276	1	17690	28	3203	18.1063	0.23307	35.1	50.5
HiC_scaffold_277	1	17675	20	1719	9.7256	0.163791	35.3	41
HiC_scaffold_278	1	17531	7	581	3.31413	0.0595517	32.6	44.7
HiC_scaffold_279	1	17508	138	1379	7.8764	0.574766	34.9	46.5
HiC_scaffold_280	1	17420	35	3831	21.992	0.291102	35.5	51.5
HiC_scaffold_281	1	17399	36	2063	11.857	0.308638	36	58.9
HiC_scaffold_282	1	17398	49	4636	26.6467	0.413323	35.3	49.6
HiC_scaffold_283	1	17257	841	7486	43.3795	5.99751	35.1	50.3
HiC_scaffold_284	1	17224	111	9126	52.9842	0.941767	35.6	54.5
HiC_scaffold_285	1	17131	56	5770	33.6816	0.47954	35.3	46.9
HiC_scaffold_286	1	17073	13	1756	10.2852	0.110935	35.8	50.2
HiC_scaffold_287	1	17000	24	1967	11.5706	0.198176	35.1	52.1
HiC_scaffold_288	1	16908	15	1277	7.55264	0.117045	35.3	48.7
HiC_scaffold_289	1	16758	279	3702	22.0909	2.03043	35.3	42.4
HiC_scaffold_290	1	16602	168	4079	24.5693	1.2978	35.3	42.4
HiC_scaffold_291	1	16449	116	494	3.00322	0.800353	34.7	45.3
HiC_scaffold_292	1	16346	12	1349	8.25278	0.0986786	33.4	57.1
HiC_scaffold_293	1	16263	491	1541	9.4755	4.04181	35.1	42
HiC_scaffold_294	1	16061	492	5759	35.857	4.56292	35.6	36.9
HiC_scaffold_295	1	16000	16	689	4.30625	0.126812	35.7	56.7
HiC_scaffold_296	1	16000	52	3260	20.375	0.467	35.8	47.7
HiC_scaffold_297	1	16000	29	2739	17.1187	0.248312	34.9	54.7
HiC_scaffold_298	1	16000	34	2546	15.9125	0.282187	35.3	49.3
HiC_scaffold_299	1	16000	14	1115	6.96875	0.11725	34	51.6
HiC_scaffold_300	1	15603	830	5926	37.9799	7.88618	35.1	41.9
HiC_scaffold_301	1	15565	8	901	5.78863	0.0693222	34.9	48.6
HiC_scaffold_302	1	15554	108	4094	26.3212	1.0335	35.5	37.5
HiC_scaffold_303	1	15467	140	5531	35.76	1.33555	35.6	44.2
HiC_scaffold_304	1	15433	22	1301	8.42999	0.213763	35.9	34
HiC_scaffold_305	1	15221	25	1822	11.9703	0.244925	35.3	46.9
HiC_scaffold_306	1	15208	9	795	5.22751	0.0779195	35.5	60
HiC_scaffold_307	1	15128	52	1349	8.91724	0.492597	35	43.7
HiC_scaffold_308	1	15037	42	3742	24.8853	0.415309	35.8	52
HiC_scaffold_309	1	15027	42	3473	23.1117	0.407866	35.7	58.4
HiC_scaffold_310	1	15014	63	5739	38.2243	0.59651	35.4	56.6
HiC_scaffold_311	1	15000	23	2387	15.9133	0.222067	35.8	47.2
HiC_scaffold_312	1	14886	76	5612	37.6999	0.760312	35.2	45.4
HiC_scaffold_313	1	14872	28	2199	14.7862	0.279048	34.2	43.1
HiC_scaffold_314	1	14743	29	1634	11.0832	0.292206	35.8	57.4
HiC_scaffold_315	1	14719	19	1023	6.9502	0.167267	35.8	52.3
HiC_scaffold_316	1	14619	23	2788	19.0711	0.233805	35.6	49.6
HiC_scaffold_317	1	14567	23	2344	16.0912	0.235258	35.7	48.1
HiC_scaffold_318	1	14553	76	2046	14.059	0.772281	35.6	41.6
HiC_scaffold_319	1	14548	72	3303	22.7042	0.711369	35.7	43.9
HiC_scaffold_320	1	14465	30	2343	16.1977	0.308884	35.7	56.4
HiC_scaffold_321	1	14408	105	4735	32.8637	1.07461	35.6	43.7
HiC_scaffold_322	1	14386	6	758	5.26901	0.060406	36.1	49.7
HiC_scaffold_323	1	14298	44	2768	19.3594	0.380753	34	44.2
HiC_scaffold_324	1	14091	41	3880	27.5353	0.431339	35.3	59
HiC_scaffold_325	1	14000	19	2190	15.6429	0.190857	33.9	42.9
HiC_scaffold_326	1	14000	52	2993	21.3786	0.521929	35.4	47.1
HiC_scaffold_327	1	13966	60	4925	35.2642	0.634183	34.8	44.7
HiC_scaffold_328	1	13312	135	10502	78.8912	1.46041	35.5	60
HiC_scaffold_329	1	13309	37	3777	28.3793	0.413855	35.5	48.9
HiC_scaffold_330	1	13245	62	5506	41.5704	0.670517	35.7	51.8
HiC_scaffold_331	1	13138	133	9568	72.8269	1.47199	35.3	58.9
HiC_scaffold_332	1	13083	2	300	2.29305	0.0229305	36.7	37
HiC_scaffold_333	1	13000	40	2600	20	0.446231	35.5	48.9
HiC_scaffold_334	1	13000	16	1403	10.7923	0.162615	35.4	56.9
HiC_scaffold_335	1	13000	18	1928	14.8308	0.200308	34.9	56.9
HiC_scaffold_336	1	12527	221	4958	39.5785	2.56717	35.1	40.3
HiC_scaffold_337	1	12325	22	1892	15.3509	0.267667	35.3	45.4
HiC_scaffold_338	1	12210	8	1015	8.31286	0.0981982	36.1	45.5
HiC_scaffold_339	1	12140	85	6629	54.6046	0.979736	35.5	56.9
HiC_scaffold_340	1	12103	8	882	7.28745	0.0977444	35.7	51.9
HiC_scaffold_341	1	11792	3	211	1.78935	0.0309532	33.2	60
HiC_scaffold_342	1	11769	33	1370	11.6408	0.414819	35.7	42.6
HiC_scaffold_343	1	11768	33	2512	21.346	0.345343	35.6	54
HiC_scaffold_344	1	11552	45	4831	41.8196	0.535319	35.5	55.8
HiC_scaffold_345	1	11294	10	986	8.7303	0.126527	35.8	55.3
HiC_scaffold_346	1	11220	70	5650	50.3565	0.885829	35.4	58.4
HiC_scaffold_347	1	11009	705	5165	46.9162	9.00391	35.1	41.6
HiC_scaffold_348	1	11007	34	3232	29.3631	0.422913	34.7	50.5
HiC_scaffold_349	1	11000	88	7178	65.2545	1.191	35.6	56.8
HiC_scaffold_350	1	10932	17	1293	11.8277	0.228869	35.9	46.6
HiC_scaffold_351	1	10903	67	4128	37.8611	0.885078	35.6	55.1
HiC_scaffold_352	1	10862	102	7673	70.6408	1.34432	35.3	56.4
HiC_scaffold_353	1	10825	37	3018	27.8799	0.452102	35.8	51.5
HiC_scaffold_354	1	10780	54	3974	36.8646	0.74026	35.3	52.7
HiC_scaffold_355	1	10606	2	299	2.81916	0.0281916	33.7	60
HiC_scaffold_356	1	10316	5	412	3.9938	0.0626212	36.5	55.2
HiC_scaffold_357	1	10313	58	5662	54.9016	0.822651	35.6	55.1
HiC_scaffold_358	1	10116	25	1636	16.1724	0.362792	34.9	50.4
HiC_scaffold_359	1	9728	364	3308	34.0049	4.79688	35.1	42.7
HiC_scaffold_360	1	9582	15	1060	11.0624	0.226571	34.9	50.8
HiC_scaffold_361	1	9577	33	2928	30.5732	0.507466	35.6	43.2
HiC_scaffold_362	1	9324	12	819	8.78378	0.189725	33.2	44.7
HiC_scaffold_363	1	9309	101	7312	78.5476	1.52197	35.6	58.3
HiC_scaffold_364	1	9000	9	1025	11.3889	0.125444	33.9	47.6
HiC_scaffold_365	1	8972	2	300	3.34374	0.0334374	36	43.5
HiC_scaffold_366	1	8717	2	146	1.67489	0.0247792	34.9	60
HiC_scaffold_367	1	8598	32	2040	23.7264	0.487206	34.6	46.3
HiC_scaffold_368	1	8517	20	1633	19.1734	0.339321	35.7	51.5
HiC_scaffold_369	1	8159	16	2021	24.7702	0.29158	35.7	54.1
HiC_scaffold_370	1	8000	5	342	4.275	0.093625	36.1	42.4
HiC_scaffold_371	1	7755	11	848	10.9349	0.197034	35.6	57.1
HiC_scaffold_372	1	7349	29	2225	30.2762	0.532589	35.6	51.7
HiC_scaffold_373	1	7312	23	2465	33.7117	0.448167	36.1	50.7
HiC_scaffold_374	1	7226	17	1738	24.052	0.347495	34.6	49.9
HiC_scaffold_375	1	7101	10	1064	14.9838	0.211238	35.3	53.4
HiC_scaffold_376	1	7000	30	2469	35.2714	0.629143	35.7	50.9
HiC_scaffold_377	1	7000	32	2560	36.5714	0.681143	35.6	54.5
HiC_scaffold_378	1	7000	39	1708	24.4	0.788714	34.8	42.9
HiC_scaffold_379	1	6605	60	3373	51.0674	1.26919	35.1	48.7
HiC_scaffold_380	1	6537	52	4375	66.9267	1.15542	35.4	58.1
HiC_scaffold_381	1	6484	32	2051	31.6317	0.657465	34.6	57.9
HiC_scaffold_382	1	6459	24	1885	29.1841	0.551633	35.3	51.2
HiC_scaffold_383	1	6245	13	1293	20.7046	0.286469	34.8	52.5
HiC_scaffold_385	1	6000	40	2798	46.6333	0.943667	35.1	58.6
HiC_scaffold_386	1	6000	23	1738	28.9667	0.551	35.1	60
HiC_scaffold_387	1	6000	3	444	7.4	0.074	35.3	36.3
HiC_scaffold_388	1	5993	14	1541	25.7133	0.323044	35.9	44.1
HiC_scaffold_389	1	5821	12	1438	24.7037	0.308882	36	43.1
HiC_scaffold_390	1	5673	3	413	7.2801	0.072801	36.4	39
HiC_scaffold_391	1	5000	8	972	19.44	0.2322	35.2	55
HiC_scaffold_392	1	5000	29	2196	43.92	0.8444	36	55.3
HiC_scaffold_393	1	4994	664	3552	71.1254	17.2066	35.2	43.9
HiC_scaffold_394	1	4893	27	2677	54.7108	0.825465	35.9	49
HiC_scaffold_395	1	4891	27	2356	48.1701	0.727663	35.7	59.3
HiC_scaffold_396	1	4877	10	1048	21.4886	0.307156	36.3	44.5
HiC_scaffold_397	1	4000	10	698	17.45	0.351	36.2	48
HiC_scaffold_398	1	4000	36	2372	59.3	1.26	35.3	56.9
HiC_scaffold_399	1	4000	22	1940	48.5	0.8195	36.2	49.2
HiC_scaffold_400	1	4000	35	1466	36.65	1.13425	34.8	42.1
HiC_scaffold_401	1	3971	35	2957	74.4649	1.22387	34.7	58.1
HiC_scaffold_402	1	3919	2	298	7.60398	0.0765501	36.4	40
HiC_scaffold_403	1	3281	23	1249	38.0677	1.01615	36.1	54.6
HiC_scaffold_404	1	3264	1	150	4.59559	0.0459559	36.3	59
HiC_scaffold_405	1	3259	35	2057	63.1175	1.46026	35.6	58.4
HiC_scaffold_406	1	3042	4	385	12.6561	0.195924	35.1	39.2
HiC_scaffold_407	1	3035	29	2083	68.6326	1.33114	34.8	60
HiC_scaffold_408	1	3003	13	774	25.7742	0.607393	35	43.4
HiC_scaffold_410	1	3000	20	1433	47.7667	0.981667	35.5	55.2
HiC_scaffold_411	1	3000	103	2017	67.2333	5.095	35.4	45.6
HiC_scaffold_412	1	3000	36	2337	77.9	1.66267	35.4	56.6
HiC_scaffold_413	1	3000	20	1407	46.9	0.947667	35.1	52.6
HiC_scaffold_414	1	3000	25	1818	60.6	1.23667	35.3	49.2
HiC_scaffold_416	1	2563	60	1412	55.0917	3.06828	35.6	47.3
HiC_scaffold_417	1	2259	30	1631	72.2001	1.8548	35.1	60
HiC_scaffold_419	1	2021	13	1274	63.0381	0.957942	35.3	60
HiC_scaffold_420	1	2000	22	1587	79.35	1.495	34.9	60
HiC_scaffold_421	1	2000	10	693	34.65	0.742	34.5	52.6
HiC_scaffold_422	1	2000	18	1348	67.4	1.201	34.9	60
HiC_scaffold_423	1	1676	2	227	13.5442	0.178998	31.8	60
HiC_scaffold_424	1	1484	2	109	7.34501	0.119272	36	60
HiC_scaffold_425	1	1447	4	399	27.5743	0.379406	34.8	58
HiC_scaffold_426	1	1382	15	1018	73.6614	1.46744	35.4	58.4
HiC_scaffold_427	1	1353	21	1117	82.5573	1.76571	35.9	60
HiC_scaffold_429	1	1175	12	1061	90.2979	1.50553	35.2	60
HiC_scaffold_430	1	1138	21	836	73.4622	2.0536	35.4	59.8
HiC_scaffold_431	1	1108	9	750	67.6895	1.00632	35.3	60
HiC_scaffold_432	1	1097	30	1094	99.7265	3.83683	35.9	56.4
HiC_scaffold_433	1	1005	56	751	74.7264	7.73433	35.3	40.1
HiC_scaffold_434	1	1000	16	828	82.8	2.129	35.4	59.8
HiC_scaffold_435	1	1000	15	927	92.7	2.035	35.3	60
HiC_scaffold_436	1	1000	18	749	74.9	1.964	35.7	59.6
HiC_scaffold_437	1	1000	13	818	81.8	1.784	35.9	60
HiC_scaffold_438	1	1000	9	653	65.3	1.058	35.4	60
HiC_scaffold_439	1	1000	13	927	92.7	1.921	36	60
HiC_scaffold_440	1	1000	8	508	50.8	0.784	36	60
HiC_scaffold_441	1	1000	20	823	82.3	2.359	35.8	58.5
HiC_scaffold_442	1	1000	10	734	73.4	1.271	35.4	58.7
HiC_scaffold_443	1	1000	8	709	70.9	1.096	35.1	60
HiC_scaffold_444	1	1000	12	635	63.5	1.387	35.7	59.3
HiC_scaffold_445	1	1000	9	799	79.9	1.267	36.3	60
HiC_scaffold_446	1	1000	15	727	72.7	2.221	35.6	42
HiC_scaffold_447	1	1000	19	851	85.1	2.713	35.7	59.1
HiC_scaffold_448	1	1000	14	717	71.7	1.617	35.1	53.5
HiC_scaffold_449	1	1000	10	771	77.1	1.433	36.3	60
HiC_scaffold_450	1	1000	6	520	52	0.9	35.1	56
HiC_scaffold_452	1	1000	13	742	74.2	1.729	34.3	60
HiC_scaffold_453	1	1000	32	541	54.1	3.602	34.3	44.9
HiC_scaffold_454	1	2000	3	214	10.7	0.225	36.4	36
mitochondria	1	17813	47447	17282	97.019	385.368	35.3	57.7
HiC_scaffold_219	1	22812	0	0	0	0	0	0
HiC_scaffold_384	1	6125	0	0	0	0	0	0
HiC_scaffold_409	1	3003	0	0	0	0	0	0
HiC_scaffold_415	1	2897	0	0	0	0	0	0
HiC_scaffold_418	1	2125	0	0	0	0	0	0
HiC_scaffold_428	1	1184	0	0	0	0	0	0
HiC_scaffold_451	1	1000	0	0	0	0	0	0
