#rname	startpos	endpos	numreads	covbases	coverage	meandepth	meanbaseq	meanmapq
HiC_scaffold_1	1	75050035	730802	51939602	69.2066	1.40541	35.6	59
HiC_scaffold_2	1	56816963	553757	39295628	69.1618	1.40494	35.5	59
HiC_scaffold_3	1	109611085	1011039	72411162	66.0619	1.33123	35.6	58.6
HiC_scaffold_4	1	81599725	784264	55737533	68.306	1.38693	35.6	59
HiC_scaffold_5	1	72353455	712412	50593852	69.926	1.42178	35.6	59.1
HiC_scaffold_6	1	67692486	666210	47144228	69.6447	1.42012	35.6	59.1
HiC_scaffold_7	1	59159807	571238	40402928	68.2946	1.39256	35.5	58.9
HiC_scaffold_8	1	13479537	137659	9643444	71.5414	1.48558	35.5	59.4
HiC_scaffold_9	1	58964884	581508	40909329	69.3791	1.42286	35.5	59
HiC_scaffold_10	1	36732878	356304	24986536	68.0223	1.39707	35.5	58.8
HiC_scaffold_11	1	27384	137	4859	17.7439	0.717025	34.8	44.8
HiC_scaffold_12	1	33592	1346	8002	23.8211	5.33246	35.1	46.1
HiC_scaffold_13	1	184337	5295	144605	78.446	4.1028	35.5	54.3
HiC_scaffold_14	1	85992	1197	37425	43.5215	1.97453	35	43.4
HiC_scaffold_15	1	87022	902	19877	22.8414	1.41075	35.3	44.1
HiC_scaffold_16	1	89609	4151	10198	11.3806	5.0545	35.8	50.8
HiC_scaffold_17	1	164154	4731	65458	39.876	4.16252	35.4	51.4
HiC_scaffold_18	1	104921	395	33328	31.7649	0.534936	35.3	54
HiC_scaffold_19	1	103720	628	36996	35.6691	0.849798	35.3	46.1
HiC_scaffold_20	1	90353	735	22605	25.0185	1.11937	35.2	48.1
HiC_scaffold_21	1	85252	195	10617	12.4537	0.315887	35	44.8
HiC_scaffold_22	1	80500	306	18019	22.3839	0.564435	35.6	49.8
HiC_scaffold_23	1	75743	435	18837	24.8696	0.840527	35.5	51.4
HiC_scaffold_24	1	75592	1295	17582	23.2591	2.42952	35.3	42.3
HiC_scaffold_25	1	72691	618	29613	40.7382	1.20467	35.4	51.9
HiC_scaffold_26	1	71458	648	28396	39.738	1.31046	35.5	45.4
HiC_scaffold_27	1	70045	1810	48971	69.9136	3.661	35.4	53.1
HiC_scaffold_28	1	68558	46	2766	4.03454	0.0837685	35.4	54.9
HiC_scaffold_29	1	68222	544	17139	25.1224	1.17821	35.7	48.7
HiC_scaffold_30	1	67017	561	27577	41.1493	1.22087	35.4	46.2
HiC_scaffold_31	1	65972	38	4445	6.73771	0.0807312	35	43.7
HiC_scaffold_32	1	64000	741	33075	51.6797	1.60308	35.5	48.4
HiC_scaffold_33	1	62684	596	15511	24.7448	1.17896	35.4	42.5
HiC_scaffold_34	1	60035	448	30219	50.3356	0.996652	35.6	54.6
HiC_scaffold_35	1	59483	125	11258	18.9264	0.305314	35.6	50.7
HiC_scaffold_36	1	58601	1322	4777	8.15174	3.27305	35.4	47.5
HiC_scaffold_37	1	57907	155	9774	16.8788	0.380455	35	47.7
HiC_scaffold_38	1	57623	528	3419	5.93339	1.17243	35.4	37.2
HiC_scaffold_39	1	56881	671	14982	26.3392	1.26051	35.5	48
HiC_scaffold_40	1	56115	437	7412	13.2086	0.991001	35.6	39.9
HiC_scaffold_41	1	55753	548	13649	24.4812	1.42166	35.3	41.5
HiC_scaffold_42	1	55361	94	4480	8.09234	0.236773	35.1	45.9
HiC_scaffold_43	1	55333	193	6048	10.9302	0.477184	35.2	43.4
HiC_scaffold_44	1	54697	1388	38828	70.9874	3.71591	35.5	54.5
HiC_scaffold_45	1	54079	75	3159	5.84145	0.169345	35.5	46.9
HiC_scaffold_46	1	53000	258	6719	12.6774	0.723208	35.5	38.9
HiC_scaffold_47	1	52728	1291	24987	47.3885	3.41625	35	43.7
HiC_scaffold_48	1	52696	250	16950	32.1656	0.693468	35.7	49.7
HiC_scaffold_49	1	52574	93	2572	4.89215	0.255069	35.6	41.4
HiC_scaffold_50	1	52452	43	1399	2.6672	0.070331	35.6	49.3
HiC_scaffold_51	1	52291	308	5906	11.2945	0.844906	35.6	46.5
HiC_scaffold_52	1	50660	355	26057	51.4351	1.02355	35.6	56.2
HiC_scaffold_53	1	50444	851	27165	53.8518	2.47128	35.7	56
HiC_scaffold_54	1	50000	536	39494	78.988	1.55692	35.5	59.8
HiC_scaffold_55	1	49402	193	7187	14.548	0.568175	35.8	41.8
HiC_scaffold_56	1	48994	298	6404	13.071	0.862085	35.5	42.5
HiC_scaffold_57	1	48961	74	5329	10.8842	0.223688	35.7	43.3
HiC_scaffold_58	1	48913	222	14831	30.3212	0.662053	35.5	48.1
HiC_scaffold_59	1	48516	162	10075	20.7663	0.493033	35.4	47.8
HiC_scaffold_60	1	48449	221	18685	38.5663	0.665566	35.7	51.4
HiC_scaffold_61	1	48102	106	6217	12.9246	0.302794	35.4	44.7
HiC_scaffold_62	1	47095	361	28953	61.4779	1.1266	35.7	55.5
HiC_scaffold_63	1	45946	332	23079	50.2307	1.04383	35.4	58.6
HiC_scaffold_64	1	45702	256	5836	12.7697	0.750427	35.1	44
HiC_scaffold_65	1	45164	166	8503	18.8269	0.499203	35.3	41.4
HiC_scaffold_66	1	45000	4250	12246	27.2133	13.2576	35.3	47.9
HiC_scaffold_67	1	44932	699	9844	21.9087	1.92912	35.4	40.8
HiC_scaffold_68	1	44535	24	2055	4.61435	0.0747053	35	46.2
HiC_scaffold_69	1	43359	437	8851	20.4133	1.46265	35.7	42.9
HiC_scaffold_70	1	43000	833	13229	30.7651	2.56356	35.3	43.8
HiC_scaffold_71	1	42000	318	11591	27.5976	0.882976	35.5	49.1
HiC_scaffold_72	1	41780	16	1323	3.16659	0.0574198	35	39.1
HiC_scaffold_73	1	41131	36	2624	6.37962	0.126109	35.5	45.5
HiC_scaffold_74	1	41000	166	11379	27.7537	0.596341	35.5	55.6
HiC_scaffold_75	1	40673	106	4452	10.9458	0.368795	35.6	42.6
HiC_scaffold_76	1	40021	51	2405	6.00935	0.160291	35	41.6
HiC_scaffold_77	1	40000	45	3856	9.64	0.16085	35	54.1
HiC_scaffold_78	1	39995	126	11698	29.2487	0.457757	35.5	50.5
HiC_scaffold_79	1	39987	8	788	1.97064	0.0299847	36.6	41
HiC_scaffold_80	1	39907	38	3360	8.41958	0.142156	34.6	55.4
HiC_scaffold_81	1	39785	323	7037	17.6876	0.967525	35.4	44.8
HiC_scaffold_82	1	39714	1292	11141	28.0531	4.57088	35.2	43.2
HiC_scaffold_83	1	39603	102	8583	21.6726	0.379264	35.7	55.9
HiC_scaffold_84	1	39032	385	12934	33.1369	1.38269	35.4	48.6
HiC_scaffold_85	1	38821	254	8104	20.8753	0.904717	35.6	44
HiC_scaffold_86	1	38551	136	5995	15.5508	0.369744	35.6	43.5
HiC_scaffold_87	1	38336	62	4461	11.6366	0.242122	35.5	49
HiC_scaffold_88	1	38081	252	8204	21.5436	0.91245	35.7	53
HiC_scaffold_89	1	37423	41	1032	2.75766	0.143602	35.7	46.1
HiC_scaffold_90	1	37049	243	9378	25.3124	0.96116	35.3	46.3
HiC_scaffold_91	1	37000	398	28808	77.8595	1.57727	35.6	60
HiC_scaffold_92	1	36719	157	4109	11.1904	0.627141	35.5	44.4
HiC_scaffold_93	1	36624	224	6620	18.0756	0.823531	35.5	42.5
HiC_scaffold_94	1	36550	74	2419	6.61833	0.295321	35.7	44.6
HiC_scaffold_95	1	35915	1528	21022	58.5326	5.94537	35	43.2
HiC_scaffold_96	1	35569	310	11994	33.7204	1.28455	35.6	47.7
HiC_scaffold_97	1	35569	104	5416	15.2267	0.402963	35.7	48.2
HiC_scaffold_98	1	35521	147	4590	12.9219	0.411419	35.3	47.8
HiC_scaffold_99	1	35305	1073	23337	66.1011	4.07577	35.4	56.2
HiC_scaffold_100	1	35285	270	20122	57.0271	1.09352	35.6	58
HiC_scaffold_101	1	35090	172	9107	25.9533	0.636079	34.9	53.2
HiC_scaffold_102	1	34736	153	7417	21.3525	0.652032	35.6	47.6
HiC_scaffold_103	1	34662	1221	14516	41.8787	4.94689	35.5	39.7
HiC_scaffold_104	1	34539	60	5844	16.92	0.257274	36	48
HiC_scaffold_105	1	34367	53	4095	11.9155	0.206215	35.6	46.1
HiC_scaffold_106	1	34092	22	812	2.38179	0.0796668	34.9	48.3
HiC_scaffold_107	1	34034	991	27344	80.3432	4.1884	35.5	58.5
HiC_scaffold_108	1	34000	175	5393	15.8618	0.751118	35.3	40.7
HiC_scaffold_109	1	33013	188	5285	16.0088	0.715536	35	38.5
HiC_scaffold_110	1	32894	24	1652	5.02219	0.108257	35.1	59
HiC_scaffold_111	1	32703	65	5998	18.3408	0.294132	35.4	44.8
HiC_scaffold_112	1	32055	87	7309	22.8014	0.392232	35.6	52.4
HiC_scaffold_113	1	31996	74	2315	7.23528	0.222122	35.7	44.2
HiC_scaffold_114	1	31869	144	6299	19.7653	0.587154	35.6	50.7
HiC_scaffold_115	1	31497	239	3212	10.1978	1.12252	35.3	37.7
HiC_scaffold_116	1	31452	120	10356	32.9264	0.551634	35.6	56
HiC_scaffold_117	1	31435	145	13200	41.9914	0.68007	35.6	48.9
HiC_scaffold_118	1	31168	150	8709	27.9421	0.645566	35.3	58.1
HiC_scaffold_119	1	31094	63	1627	5.23252	0.300701	35.4	52.7
HiC_scaffold_120	1	31000	86	7940	25.6129	0.401161	35.7	45.6
HiC_scaffold_121	1	30892	55	3723	12.0517	0.25437	35.5	44.8
HiC_scaffold_122	1	30671	318	7098	23.1424	1.54713	35.6	37.4
HiC_scaffold_123	1	30159	315	22629	75.0323	1.51414	35.5	59.9
HiC_scaffold_124	1	30112	12	1492	4.95484	0.0593119	36	39.6
HiC_scaffold_125	1	30000	73	2848	9.49333	0.3607	35	39.7
HiC_scaffold_126	1	30000	57	3392	11.3067	0.266333	35.7	51
HiC_scaffold_127	1	29632	210	2275	7.67751	0.980832	35.1	40.1
HiC_scaffold_128	1	29216	83	6364	21.7826	0.413677	35.9	45.9
HiC_scaffold_129	1	29000	33	2309	7.96207	0.157862	36	55.9
HiC_scaffold_130	1	28743	14	1482	5.15604	0.0717392	34.9	45.6
HiC_scaffold_131	1	28267	650	9953	35.2107	3.40386	35.6	40.2
HiC_scaffold_132	1	28006	195	5521	19.7136	1.03242	35.1	40.1
HiC_scaffold_133	1	27859	82	7417	26.6234	0.434043	35.8	55.5
HiC_scaffold_134	1	27837	358	20969	75.3278	1.79829	35.3	59.1
HiC_scaffold_135	1	27503	55	3337	12.1332	0.295822	35.5	37.5
HiC_scaffold_136	1	27405	303	21291	77.6902	1.61941	35.6	59.9
HiC_scaffold_137	1	27128	2	238	0.877322	0.0110587	36.3	31
HiC_scaffold_138	1	27000	133	7650	28.3333	0.720407	35.6	46.3
HiC_scaffold_139	1	26958	28	2068	7.67119	0.149603	35.1	45.4
HiC_scaffold_140	1	26822	111	3769	14.0519	0.583849	34.7	38.9
HiC_scaffold_141	1	26714	439	8546	31.9907	2.2809	35.5	42.3
HiC_scaffold_142	1	26597	267	9036	33.9738	1.4152	35.5	48.6
HiC_scaffold_143	1	26526	71	2493	9.39833	0.350524	35.6	48.1
HiC_scaffold_144	1	26403	30	1887	7.14692	0.145097	35.7	56.9
HiC_scaffold_145	1	26321	158	7235	27.4876	0.880628	35.5	48.8
HiC_scaffold_146	1	26302	48	1358	5.16311	0.20698	35	41.6
HiC_scaffold_147	1	26228	68	5193	19.7995	0.38356	35.3	50.8
HiC_scaffold_148	1	26220	188	4697	17.9138	1.06846	35.5	39
HiC_scaffold_149	1	26169	44	4352	16.6304	0.234705	35.5	51.3
HiC_scaffold_150	1	26140	291	20140	77.0467	1.62567	35.5	59.9
HiC_scaffold_151	1	25970	138	5969	22.9842	0.775356	35.5	37.2
HiC_scaffold_152	1	25914	29	1775	6.84958	0.141005	35.1	44.9
HiC_scaffold_153	1	25756	23	2028	7.87389	0.131853	35.3	43
HiC_scaffold_154	1	25701	45	3821	14.8671	0.240924	35.6	53.2
HiC_scaffold_155	1	25484	538	9487	37.2273	3.05348	35.2	41.5
HiC_scaffold_156	1	25347	1851	14090	55.5884	10.3804	35.1	43.4
HiC_scaffold_157	1	25300	137	7074	27.9605	0.803557	35.6	45.3
HiC_scaffold_158	1	25137	753	11982	47.6668	4.29976	35.2	40.9
HiC_scaffold_159	1	25068	68	2008	8.01021	0.378371	35.8	45.8
HiC_scaffold_160	1	25021	140	11256	44.9862	0.800328	35.7	54.5
HiC_scaffold_161	1	25021	39	2892	11.5583	0.233044	35.5	50.3
HiC_scaffold_162	1	25013	156	1755	7.01635	0.579419	35.5	49.1
HiC_scaffold_163	1	25000	2	300	1.2	0.012	36.3	34
HiC_scaffold_164	1	25000	2	300	1.2	0.012	33.2	30
HiC_scaffold_165	1	25000	8	1047	4.188	0.04788	34.7	38.5
HiC_scaffold_166	1	25000	168	4924	19.696	0.9606	35.1	38.4
HiC_scaffold_167	1	25000	227	16670	66.68	1.28928	35.5	59.3
HiC_scaffold_168	1	25000	273	19311	77.244	1.56232	35.5	60
HiC_scaffold_169	1	25000	316	19772	79.088	1.84552	35.5	58.8
HiC_scaffold_170	1	25000	241	16564	66.256	1.3628	35.6	60
HiC_scaffold_171	1	25000	247	18580	74.32	1.44028	35.6	59.8
HiC_scaffold_172	1	25000	249	18125	72.5	1.42888	35.5	59.7
HiC_scaffold_173	1	25000	251	17375	69.5	1.45604	35.7	59.8
HiC_scaffold_174	1	25000	229	17415	69.66	1.29836	35.2	59.3
HiC_scaffold_175	1	25000	257	18194	72.776	1.49836	35.5	60
HiC_scaffold_176	1	25000	259	17237	68.948	1.50316	35.5	59.3
HiC_scaffold_177	1	25000	253	19126	76.504	1.47928	35.6	59.7
HiC_scaffold_178	1	25000	285	18494	73.976	1.63996	35.4	59.7
HiC_scaffold_179	1	25000	261	18441	73.764	1.50892	35.6	59.5
HiC_scaffold_180	1	25000	604	14172	56.688	3.44612	35.6	51.6
HiC_scaffold_181	1	25000	322	20740	82.96	1.8688	35.4	59.8
HiC_scaffold_182	1	25000	224	18104	72.416	1.27412	35.7	59.9
HiC_scaffold_183	1	25000	116	2791	11.164	0.69192	35.7	42.1
HiC_scaffold_184	1	25000	263	17891	71.564	1.51872	35.4	60
HiC_scaffold_185	1	25000	263	17859	71.436	1.49784	35.4	58.9
HiC_scaffold_186	1	25000	286	18853	75.412	1.6704	35.7	60
HiC_scaffold_187	1	25000	51	2575	10.3	0.2922	34.9	45.4
HiC_scaffold_188	1	24887	280	5169	20.7699	1.51408	35.4	41.4
HiC_scaffold_189	1	24881	917	13364	53.7117	4.44026	35.3	43.9
HiC_scaffold_190	1	24860	86	6483	26.078	0.512711	35.6	54.8
HiC_scaffold_191	1	24785	142	10169	41.0288	0.843776	35.9	49.2
HiC_scaffold_192	1	24606	6	516	2.09705	0.0260912	32.2	40.3
HiC_scaffold_193	1	24582	84	3024	12.3017	0.495322	35.5	48.7
HiC_scaffold_194	1	24552	509	12073	49.1732	2.83366	35.2	42.7
HiC_scaffold_195	1	24515	79	5723	23.3449	0.474811	35.3	51
HiC_scaffold_196	1	24429	114	5053	20.6844	0.609931	35.6	49
HiC_scaffold_197	1	24404	71	4999	20.4843	0.421775	36.1	59
HiC_scaffold_198	1	24065	178	13317	55.3376	1.06865	35.4	54.5
HiC_scaffold_199	1	24034	61	4921	20.4752	0.379546	35.8	44.7
HiC_scaffold_200	1	24000	122	1663	6.92917	0.742333	36.1	42.1
HiC_scaffold_201	1	24000	59	3929	16.3708	0.344167	35.5	54.8
HiC_scaffold_202	1	23940	192	3395	14.1813	1.10656	35.2	38.7
HiC_scaffold_203	1	23878	39	1616	6.76774	0.242273	34.9	36.6
HiC_scaffold_204	1	23813	69	5440	22.8447	0.418595	35.6	55.9
HiC_scaffold_205	1	23764	64	5300	22.3026	0.396819	35.6	53.8
HiC_scaffold_206	1	23660	16	1844	7.79374	0.0977599	35.8	46.7
HiC_scaffold_207	1	23581	161	13337	56.5582	1.01438	35.3	53.9
HiC_scaffold_208	1	23490	23	1342	5.71307	0.145296	36.1	38.3
HiC_scaffold_209	1	23453	29	2971	12.6679	0.170938	35.4	52.9
HiC_scaffold_210	1	23041	45	3679	15.9672	0.279806	34.8	56.4
HiC_scaffold_211	1	23000	468	2798	12.1652	3.03739	35.6	38.2
HiC_scaffold_212	1	23000	104	7699	33.4739	0.657652	36	48.2
HiC_scaffold_213	1	23000	128	3981	17.3087	0.785	35.8	44.6
HiC_scaffold_214	1	23000	110	4399	19.1261	0.700174	35.8	38.5
HiC_scaffold_215	1	23000	45	3621	15.7435	0.274609	34.9	59.3
HiC_scaffold_216	1	22979	6	825	3.59023	0.0391662	36	38
HiC_scaffold_217	1	22964	66	2556	11.1305	0.42362	34.6	40.2
HiC_scaffold_218	1	22956	65	5480	23.8718	0.414837	35.5	50.2
HiC_scaffold_219	1	22812	2	299	1.31071	0.0131071	35.8	37
HiC_scaffold_220	1	22604	46	4165	18.4259	0.302026	35.9	53
HiC_scaffold_221	1	22426	15	1335	5.95291	0.0955587	35.7	58.7
HiC_scaffold_222	1	22303	154	9642	43.2319	1.02094	35.7	46.2
HiC_scaffold_223	1	22199	83	3751	16.8972	0.542457	35.7	47.3
HiC_scaffold_224	1	22128	17	1603	7.24422	0.113883	35.2	47.6
HiC_scaffold_225	1	22127	2	207	0.935509	0.0135581	36.9	42.5
HiC_scaffold_226	1	21688	137	5154	23.7643	0.913685	35.6	49.5
HiC_scaffold_227	1	21648	246	12631	58.3472	1.62625	35.6	49.1
HiC_scaffold_228	1	21608	190	10069	46.5985	1.19025	35.3	49.9
HiC_scaffold_229	1	21598	17	1079	4.99583	0.11765	35.5	50.2
HiC_scaffold_230	1	21510	14	882	4.10042	0.0964203	36.4	56.3
HiC_scaffold_231	1	21437	99	4275	19.9422	0.675001	36	40
HiC_scaffold_232	1	21282	111	8294	38.9719	0.767738	35.4	47.5
HiC_scaffold_233	1	20959	174	4355	20.7787	0.99938	35.5	39.7
HiC_scaffold_234	1	20824	14	787	3.77929	0.0951786	36	48.1
HiC_scaffold_235	1	20622	46	3486	16.9043	0.332412	35.4	55.2
HiC_scaffold_236	1	20377	146	4339	21.2936	1.05231	36	46.9
HiC_scaffold_237	1	20369	76	7361	36.1382	0.555648	35.6	48.4
HiC_scaffold_238	1	20340	36	2835	13.9381	0.263225	35.6	49.8
HiC_scaffold_239	1	20281	9	354	1.74548	0.044771	34	37.2
HiC_scaffold_240	1	20166	13	1336	6.62501	0.0921849	35.3	53.8
HiC_scaffold_241	1	20140	125	7347	36.4796	0.868222	35.3	52.8
HiC_scaffold_242	1	20135	172	12225	60.7152	1.21316	35.9	59.7
HiC_scaffold_243	1	20122	20	1699	8.44349	0.144419	33.5	52
HiC_scaffold_244	1	20044	33	1087	5.42307	0.20475	36	49.2
HiC_scaffold_245	1	20021	32	2197	10.9735	0.223665	34.8	58.1
HiC_scaffold_246	1	20000	32	1558	7.79	0.1984	35.3	58.6
HiC_scaffold_247	1	20000	45	2610	13.05	0.32385	35.5	58.3
HiC_scaffold_248	1	19739	285	8090	40.9849	2.10507	35.3	43.4
HiC_scaffold_249	1	19737	2	166	0.84106	0.0151999	36.5	41.5
HiC_scaffold_250	1	19724	17	1044	5.29304	0.111286	35.4	50.9
HiC_scaffold_251	1	19667	68	2159	10.9778	0.508263	35.1	40.5
HiC_scaffold_252	1	19649	31	3366	17.1306	0.219808	35.6	48.1
HiC_scaffold_253	1	19394	58	5305	27.3538	0.439517	35.6	48.8
HiC_scaffold_254	1	19304	40	2562	13.2719	0.306517	35.1	46.6
HiC_scaffold_255	1	19231	49	2188	11.3775	0.377671	35.2	43.3
HiC_scaffold_256	1	19176	434	5686	29.6516	3.31748	35.8	47
HiC_scaffold_257	1	19156	2761	8629	45.0459	19.8351	35.4	43.1
HiC_scaffold_258	1	19143	216	998	5.21339	1.46074	35.4	44.8
HiC_scaffold_259	1	19058	36	3139	16.4708	0.279987	36	48.6
HiC_scaffold_260	1	19000	24	1672	8.8	0.167579	35.3	56
HiC_scaffold_261	1	18934	14	1561	8.24443	0.09681	35.8	51.4
HiC_scaffold_262	1	18930	261	6222	32.8685	1.96292	35.4	40.5
HiC_scaffold_263	1	18729	153	12461	66.5332	1.19131	35.7	57.5
HiC_scaffold_264	1	18528	41	2597	14.0166	0.253238	35.8	58.5
HiC_scaffold_265	1	18283	24	1789	9.78505	0.175737	36.2	47.9
HiC_scaffold_266	1	18272	13	789	4.31808	0.0840083	35.5	43.5
HiC_scaffold_267	1	18066	60	3369	18.6483	0.459371	36.2	49.1
HiC_scaffold_268	1	18044	101	2260	12.5249	0.807692	35.7	41
HiC_scaffold_269	1	18026	58	4245	23.5493	0.463275	35.8	55.4
HiC_scaffold_270	1	18000	129	5491	30.5056	1.03556	35.3	43.9
HiC_scaffold_271	1	18000	46	3967	22.0389	0.373	35.5	49.6
HiC_scaffold_272	1	18000	13	1091	6.06111	0.0968333	35	51.4
HiC_scaffold_273	1	17971	63	3079	17.1332	0.518113	35.7	44.5
HiC_scaffold_274	1	17888	12	1188	6.64132	0.100235	35.6	43.6
HiC_scaffold_275	1	17782	42	2958	16.6348	0.339051	35.7	55.8
HiC_scaffold_276	1	17690	23	2735	15.4607	0.193556	36.1	47.5
HiC_scaffold_277	1	17675	81	3288	18.6025	0.678982	35.1	39.5
HiC_scaffold_278	1	17531	18	1138	6.49136	0.133307	36.3	44.7
HiC_scaffold_279	1	17508	139	1377	7.86498	0.626399	35.1	47.1
HiC_scaffold_280	1	17420	28	3476	19.9541	0.23318	35.4	47.1
HiC_scaffold_281	1	17399	47	2203	12.6616	0.397149	35.1	58.8
HiC_scaffold_282	1	17398	55	4696	26.9916	0.449132	35.3	49.6
HiC_scaffold_283	1	17257	1792	7437	43.0956	13.0275	35.1	50.4
HiC_scaffold_284	1	17224	109	8942	51.9159	0.938574	35.4	54.6
HiC_scaffold_285	1	17131	60	5353	31.2474	0.516782	35.3	46.9
HiC_scaffold_286	1	17073	20	1680	9.8401	0.163182	35.8	47.5
HiC_scaffold_287	1	17000	16	1234	7.25882	0.125294	35.8	51.8
HiC_scaffold_288	1	16908	15	1104	6.52945	0.124024	34.7	55.6
HiC_scaffold_289	1	16758	470	5208	31.0777	3.57734	35.4	42.6
HiC_scaffold_290	1	16602	89	3356	20.2144	0.723768	35.3	43.1
HiC_scaffold_291	1	16449	93	481	2.92419	0.595963	34.6	47.4
HiC_scaffold_292	1	16346	74	2857	17.4783	0.672213	35.7	50.8
HiC_scaffold_293	1	16263	513	1728	10.6253	4.27861	34.8	42
HiC_scaffold_294	1	16061	680	6422	39.9851	6.2536	35.6	36.4
HiC_scaffold_295	1	16000	11	776	4.85	0.0813125	35.2	60
HiC_scaffold_296	1	16000	41	3658	22.8625	0.374437	35.9	44.2
HiC_scaffold_297	1	16000	40	3318	20.7375	0.364563	35.2	50.7
HiC_scaffold_298	1	16000	33	2602	16.2625	0.296312	35.4	48.5
HiC_scaffold_299	1	16000	16	1595	9.96875	0.14625	35.9	46.8
HiC_scaffold_300	1	15603	1188	6294	40.3384	11.2569	35.4	44.1
HiC_scaffold_301	1	15565	8	493	3.16736	0.0663668	36.6	60
HiC_scaffold_302	1	15554	72	2647	17.0181	0.67571	35.9	42.8
HiC_scaffold_303	1	15467	332	6427	41.553	3.17107	35.3	42
HiC_scaffold_304	1	15433	40	1766	11.443	0.372578	35.3	37.1
HiC_scaffold_305	1	15221	59	1037	6.81296	0.545562	35.2	39.5
HiC_scaffold_306	1	15208	10	802	5.27354	0.0860731	34.3	60
HiC_scaffold_307	1	15128	29	1136	7.50925	0.272871	35.3	49.7
HiC_scaffold_308	1	15037	23	2978	19.8045	0.225577	36	48
HiC_scaffold_309	1	15027	54	3876	25.7936	0.510747	35.3	55.7
HiC_scaffold_310	1	15014	138	9643	64.2267	1.32516	35.6	58.4
HiC_scaffold_311	1	15000	52	3783	25.22	0.508133	35.2	46.5
HiC_scaffold_312	1	14886	54	4689	31.4994	0.543329	35.6	45.1
HiC_scaffold_313	1	14872	25	1998	13.4346	0.249193	35.7	45.4
HiC_scaffold_314	1	14743	28	1729	11.7276	0.269348	34.2	58.6
HiC_scaffold_315	1	14719	34	811	5.50989	0.324139	34.7	45.3
HiC_scaffold_316	1	14619	32	3074	21.0274	0.315548	35.9	55.2
HiC_scaffold_317	1	14567	16	1789	12.2812	0.151232	35.7	45.4
HiC_scaffold_318	1	14553	91	1707	11.7295	0.936027	35.9	43.4
HiC_scaffold_319	1	14548	88	4317	29.6742	0.889607	35.8	41.9
HiC_scaffold_320	1	14465	13	1509	10.4321	0.134601	34	51.1
HiC_scaffold_321	1	14408	106	4578	31.774	1.08738	35.6	40.8
HiC_scaffold_322	1	14386	18	2018	14.0275	0.187543	36.3	46.6
HiC_scaffold_323	1	14298	78	3965	27.7312	0.682403	34.8	44.1
HiC_scaffold_324	1	14091	47	3951	28.0392	0.46292	35.6	58.9
HiC_scaffold_325	1	14000	34	2433	17.3786	0.353714	35.9	45.9
HiC_scaffold_326	1	14000	49	2938	20.9857	0.511714	35.3	44.3
HiC_scaffold_327	1	13966	33	2985	21.3733	0.346628	35.6	46.1
HiC_scaffold_328	1	13312	142	10353	77.7719	1.53493	35.5	60
HiC_scaffold_329	1	13309	48	4074	30.6109	0.524683	35.8	48.3
HiC_scaffold_330	1	13245	47	3969	29.966	0.512873	35.7	53.5
HiC_scaffold_331	1	13138	132	9933	75.6051	1.46483	35.5	59
HiC_scaffold_333	1	13000	40	2772	21.3231	0.453615	35.9	48
HiC_scaffold_334	1	13000	17	1388	10.6769	0.165615	35.7	55.1
HiC_scaffold_335	1	13000	26	2060	15.8462	0.286462	34.9	56.9
HiC_scaffold_336	1	12527	331	5115	40.8318	3.81225	35.1	40.3
HiC_scaffold_337	1	12325	31	2485	20.1623	0.369412	36.1	47
HiC_scaffold_338	1	12210	4	538	4.40622	0.0489762	36.4	53.2
HiC_scaffold_339	1	12140	120	7806	64.2998	1.42644	35.1	57.6
HiC_scaffold_340	1	12103	18	1798	14.8558	0.216971	35.3	47.9
HiC_scaffold_341	1	11792	2	174	1.47558	0.0200984	36.1	60
HiC_scaffold_342	1	11769	51	1658	14.0879	0.648908	35.5	41.7
HiC_scaffold_343	1	11768	30	2570	21.8389	0.351207	35.8	50.9
HiC_scaffold_344	1	11552	16	1374	11.894	0.190357	35.6	57.5
HiC_scaffold_345	1	11294	16	1278	11.3157	0.210908	36.3	55.4
HiC_scaffold_346	1	11220	63	5107	45.5169	0.806595	35.5	58.9
HiC_scaffold_347	1	11009	1090	6151	55.8725	13.8616	35.3	41.7
HiC_scaffold_348	1	11007	44	3340	30.3443	0.530481	35.6	51.7
HiC_scaffold_349	1	11000	96	7281	66.1909	1.26355	35.7	55.1
HiC_scaffold_350	1	10932	24	1133	10.3641	0.327479	35.2	44.9
HiC_scaffold_351	1	10903	64	4263	39.0993	0.845089	35.6	56.7
HiC_scaffold_352	1	10862	94	7030	64.721	1.23403	35.3	57.8
HiC_scaffold_353	1	10825	23	2351	21.7182	0.315104	35.5	54.2
HiC_scaffold_354	1	10780	70	5003	46.41	0.940909	35.6	53.5
HiC_scaffold_355	1	10606	18	1568	14.7841	0.228267	36.1	52.6
HiC_scaffold_356	1	10316	20	934	9.0539	0.271132	34.6	53.2
HiC_scaffold_357	1	10313	47	4698	45.5542	0.654514	35.7	53.4
HiC_scaffold_358	1	10116	38	2315	22.8845	0.529261	35.2	50.7
HiC_scaffold_359	1	9728	394	3261	33.5218	5.15121	35.2	42.7
HiC_scaffold_360	1	9582	43	1841	19.2131	0.657692	35.4	48
HiC_scaffold_361	1	9577	22	1278	13.3445	0.344576	35.9	42.5
HiC_scaffold_362	1	9324	10	1000	10.725	0.159588	36.3	38.3
HiC_scaffold_363	1	9309	107	7095	76.2166	1.64293	35.6	59.5
HiC_scaffold_364	1	9000	12	1000	11.1111	0.168556	34.7	52.9
HiC_scaffold_365	1	8972	13	1237	13.7873	0.215225	34.8	47.5
HiC_scaffold_366	1	8717	1	142	1.629	0.01629	36.4	60
HiC_scaffold_367	1	8598	56	2608	30.3326	0.799837	34.2	50.4
HiC_scaffold_368	1	8517	17	1531	17.9758	0.286134	35.6	52.1
HiC_scaffold_369	1	8159	18	1744	21.3752	0.309719	35.3	50.5
HiC_scaffold_370	1	8000	26	834	10.425	0.453	36.2	39.5
HiC_scaffold_371	1	7755	36	2843	36.6602	0.686138	36.2	50.8
HiC_scaffold_372	1	7349	29	2693	36.6444	0.557491	35.9	52.3
HiC_scaffold_373	1	7312	40	2949	40.331	0.793764	35.6	52.2
HiC_scaffold_374	1	7226	25	1926	26.6538	0.451149	36.4	57.5
HiC_scaffold_375	1	7101	14	1196	16.8427	0.295592	36.1	51.9
HiC_scaffold_376	1	7000	66	2842	40.6	1.40171	34.9	41.1
HiC_scaffold_377	1	7000	45	3634	51.9143	0.954	35.8	57.5
HiC_scaffold_378	1	7000	52	1865	26.6429	1.08829	35.5	43.5
HiC_scaffold_379	1	6605	61	2894	43.8153	1.22559	35.3	47.1
HiC_scaffold_380	1	6537	94	5522	84.473	1.98348	35.7	57.6
HiC_scaffold_381	1	6484	34	3378	52.0975	0.749383	35.4	59.1
HiC_scaffold_382	1	6459	32	2254	34.897	0.740053	36.2	50.7
HiC_scaffold_383	1	6245	8	1111	17.7902	0.191673	35.2	47.2
HiC_scaffold_384	1	6125	14	1435	23.4286	0.342694	35.2	42
HiC_scaffold_385	1	6000	30	2358	39.3	0.656333	34.8	53.3
HiC_scaffold_386	1	6000	18	1352	22.5333	0.425167	35.6	56.8
HiC_scaffold_387	1	6000	8	667	11.1167	0.191833	34.9	40.4
HiC_scaffold_388	1	5993	18	1917	31.9873	0.440347	36.1	43.2
HiC_scaffold_389	1	5821	35	3212	55.1795	0.875451	35.1	45.1
HiC_scaffold_390	1	5673	2	215	3.78988	0.0527058	36.6	41.5
HiC_scaffold_391	1	5000	12	1258	25.16	0.357	35.1	55.8
HiC_scaffold_392	1	5000	27	2195	43.9	0.8038	35.8	46.2
HiC_scaffold_393	1	4994	980	3801	76.1113	25.8953	35.3	45.7
HiC_scaffold_394	1	4893	57	3719	76.0065	1.66544	35.6	51.5
HiC_scaffold_395	1	4891	62	3134	64.0769	1.74034	35.8	59.8
HiC_scaffold_396	1	4877	8	860	17.6338	0.242157	36	46.4
HiC_scaffold_397	1	4000	29	1237	30.925	1.037	35.2	45.8
HiC_scaffold_398	1	4000	46	2779	69.475	1.59025	35	57.3
HiC_scaffold_399	1	4000	9	1072	26.8	0.33575	35.1	52.6
HiC_scaffold_400	1	4000	75	1846	46.15	2.4005	34.9	42.5
HiC_scaffold_401	1	3971	25	2241	56.4341	0.937799	35.7	59.7
HiC_scaffold_402	1	3919	10	457	11.6611	0.344476	35.1	59
HiC_scaffold_403	1	3281	9	955	29.107	0.405974	36.5	47.2
HiC_scaffold_404	1	3264	1	146	4.47304	0.0447304	36	49
HiC_scaffold_405	1	3259	31	2206	67.6895	1.36085	35.7	60
HiC_scaffold_406	1	3042	10	945	31.0651	0.489152	36.4	37.7
HiC_scaffold_407	1	3035	30	2242	73.8715	1.42801	35.6	60
HiC_scaffold_408	1	3003	8	449	14.9517	0.388278	35.7	45.4
HiC_scaffold_409	1	3003	8	938	31.2354	0.39627	36	39.4
HiC_scaffold_410	1	3000	19	1551	51.7	0.938667	35.4	56
HiC_scaffold_411	1	3000	238	2234	74.4667	11.7357	35.4	43.8
HiC_scaffold_412	1	3000	52	2265	75.5	2.342	35.4	55
HiC_scaffold_413	1	3000	37	2673	89.1	1.74267	35.6	58.3
HiC_scaffold_414	1	3000	17	1194	39.8	0.797333	35.5	52.9
HiC_scaffold_416	1	2563	94	1754	68.4354	4.74717	35.4	46
HiC_scaffold_417	1	2259	17	1434	63.4794	1.05401	34.7	60
HiC_scaffold_418	1	2125	12	972	45.7412	0.800941	36.5	58.2
HiC_scaffold_419	1	2021	26	1893	93.6665	1.87135	35.7	60
HiC_scaffold_420	1	2000	13	1317	65.85	0.9175	36.1	60
HiC_scaffold_421	1	2000	18	1267	63.35	1.3205	35.5	53.6
HiC_scaffold_422	1	2000	23	1269	63.45	1.4105	35.4	57.1
HiC_scaffold_423	1	1676	6	731	43.6158	0.501193	36.5	50.5
HiC_scaffold_424	1	1484	3	107	7.21024	0.107143	32	50
HiC_scaffold_425	1	1447	7	571	39.461	0.633725	36.2	59.6
HiC_scaffold_426	1	1382	13	946	68.4515	1.29161	35.8	60
HiC_scaffold_427	1	1353	16	1146	84.7007	1.64893	36.2	58.2
HiC_scaffold_429	1	1175	10	858	73.0213	1.16936	36	60
HiC_scaffold_430	1	1138	15	703	61.775	1.61951	35.6	58.8
HiC_scaffold_431	1	1108	14	980	88.4477	1.50632	35.2	60
HiC_scaffold_432	1	1097	12	1058	96.4448	1.46582	35.8	60
HiC_scaffold_433	1	1005	372	873	86.8657	53.1562	35.2	44.2
HiC_scaffold_434	1	1000	14	820	82	1.796	35.6	59.9
HiC_scaffold_435	1	1000	12	823	82.3	1.717	35.9	60
HiC_scaffold_436	1	1000	16	818	81.8	1.954	35.5	60
HiC_scaffold_437	1	1000	11	741	74.1	1.329	36.6	60
HiC_scaffold_438	1	1000	13	763	76.3	1.95	36.2	60
HiC_scaffold_439	1	1000	10	838	83.8	1.295	35	60
HiC_scaffold_441	1	1000	14	939	93.9	1.726	35.2	60
HiC_scaffold_442	1	1000	9	847	84.7	1.253	35.6	60
HiC_scaffold_443	1	1000	15	816	81.6	2.037	35.7	60
HiC_scaffold_444	1	1000	9	708	70.8	1.35	35.6	60
HiC_scaffold_445	1	1000	16	988	98.8	2.295	35.5	60
HiC_scaffold_446	1	1000	41	887	88.7	6.046	35.1	39.9
HiC_scaffold_447	1	1000	14	861	86.1	1.983	35.8	57.1
HiC_scaffold_448	1	1000	6	397	39.7	0.633	35.5	47.2
HiC_scaffold_449	1	1000	11	719	71.9	1.476	35	60
HiC_scaffold_452	1	1000	12	898	89.8	1.677	33.9	60
HiC_scaffold_453	1	1000	71	598	59.8	8.309	35.2	45.1
HiC_scaffold_454	1	2000	2	290	14.5	0.145	32.6	50
mitochondria	1	17813	59637	17263	96.9124	483.159	35.5	57.9
HiC_scaffold_332	1	13083	0	0	0	0	0	0
HiC_scaffold_415	1	2897	0	0	0	0	0	0
HiC_scaffold_428	1	1184	0	0	0	0	0	0
HiC_scaffold_440	1	1000	0	0	0	0	0	0
HiC_scaffold_450	1	1000	0	0	0	0	0	0
HiC_scaffold_451	1	1000	0	0	0	0	0	0
